name M
internalname 19
special
# char	width	u/d	octal
charset
dd	  88	 0	0377
l<	  58	 0	0377
r>	  58	 0	0377
rh	 158	 0	0377
lh	 158	 0	0377
|-	 176	 0	0377
st	"
-|	 176	 0	0377
|=	 176	 0	0377
=|	 176	 0	0377
cf	 176	 0	0377
pm	 176	 0	0377
<<	 176	 0	0377
>>	 176	 0	0377
!<	 176	 0	0377
!>	 176	 0	0377
or	  49	 0	0377
!d	  88	 0	0377
!p	  88	 0	0377
mo	 117	 0	0377
!m	 117	 0	0377
cm	 117	 0	0377
<:	 176	 0	0377
io	 176	 0	0377
im	 176	 0	0377
:>	"
r1	 176	 0	0377
r2	 176	 0	0377
<>	 176	 0	0377
~>	 176	 0	0377
pc	 146	 0	0377
pi	 146	 0	0377
ca	 146	 0	0377
cu	 146	 0	0377
ip	 146	 0	0377
ib	 146	 0	0377
sp	 146	 0	0377
sb	 146	 0	0377
es	 176	 0	0377
a+	 176	 0	0377
a-	 176	 0	0377
ax	 176	 0	0377
a/	 176	 0	0377
mc	  58	 0	0377
li	  88	 0	0377
no	 176	 0	0377
ag	 176	 0	0377
sg	 176	 0	0377
bc	 117	 0	0377
bt	 146	 0	0377
pt	 117	 0	0377
==	 176	 0	0377
.=	 176	 0	0377
?=	 176	 0	0377
is	  88	 0	0377
cs	  88	 0	0377
~=	 176	 0	0377
~~	 176	 0	0377
sr	 177	 0	0377
-+	 176	 0	0377
al	 107	 0	0377
No	 146	 0	0377
te	 117	 0	0377
fa	 117	 0	0377
an	 146	 0	0377
lo	 146	 0	0377
QE	 107	 0	0377
gr	 117	 0	0377
pd	  78	 0	0377
br	   0	 0	0377
13	  97	 0	0377
23	  97	 0	0377
