name S
internalname 21
special
# char	width	u/d	octal
charset
"	  78	 0	042
#	 137	 0	043
pl	 176	 0	053
sl	  88	 0	057
<	 176	 0	074
eq	 176	 0	075
>	 176	 0	076
@	 176	 0	0100
\	  88	 0	0134
^	  88	 0	0136
ul	  98	 0	0137
ga	  88	 0	0140
{	  58	 0	0173
}	  58	 0	0175
~	  88	 0	0176
$J	  98	 2	0245
sc	  88	 0	0247
<-	 176	 0	0254
ua	 176	 0	0255
->	 176	 0	0256
da	 176	 0	0257
+-	 176	 0	0261
mu	 176	 0	0264
pp	  88	 2	0266
m.	  49	 2	0267
di	 176	 0	0270
aa	  88	 0	0302
tm	 146	 2	0324
n'	 107	 2	0357
||	  58	 2	0377
!=	 176	 0	0377
<=	 176	 0	0377
>=	 176	 0	0377
if	 117	 0	0377
tf	 117	 2	0377
mt	  58	 2	0377
sd	  58	 2	0377
bs	 156	 0	0377
ci	 148	 0	0377
dm	 176	 2	0377
*A	 141	 2	0377
*B	 120	 2	0377
*G	 117	 2	0377
*D	 126	 2	0377
*E	 122	 2	0377
*Z	 111	 2	0377
*Y	 155	 2	0377
*H	 142	 2	0377
*I	  75	 2	0377
*K	 141	 2	0377
*L	 141	 2	0377
*M	 154	 2	0377
*N	 138	 2	0377
*C	 133	 2	0377
*O	 142	 2	0377
*P	 155	 2	0377
*R	 116	 2	0377
*S	 132	 2	0377
*T	 112	 2	0377
*U	 112	 2	0377
*F	 138	 2	0377
*X	 149	 2	0377
*Q	 148	 2	0377
*W	 126	 2	0377
*a	 120	 0	0377
*b	 123	 2	0377
*g	 105	 0	0377
*d	 108	 0	0377
*e	  91	 0	0377
*z	 109	 0	0377
*y	 109	 0	0377
*h	 112	 2	0377
*i	  62	 0	0377
*k	 104	 0	0377
*l	 118	 2	0377
*m	 111	 0	0377
*n	  97	 0	0377
*c	 104	 2	0377
*o	 105	 0	0377
*p	 129	 0	0377
*r	 108	 0	0377
*s	 117	 0	0377
ts	  83	 0	0377
*t	  98	 0	0377
*u	 100	 0	0377
*f	 133	 0	0377
*x	 122	 2	0377
*q	 128	 2	0377
*w	 133	 0	0377
\^	   7	 0	0377
\|	  14	 0	0377
**	  88	 0	0377
mi	 176	 0	0377
lc	  44	 0	0377
lf	  44	 0	0377
rc	  44	 0	0377
rf	  44	 0	0377
ap	 176	 0	0377
rt	  44	 0	0377
bv	  44	 0	0377
rk	  44	 0	0377
rb	  44	 0	0377
lt	  44	 0	0377
lb	  44	 0	0377
lk	  44	 0	0377
rn	  88	 0	0377
