F 1.;1                              	1
F 10.;1                             	10
F 100.;1                            	100
F 101.;1                            	101
F 102.;1                            	102
F 103.;1                            	103
F 104.;1                            	104
F 105.;1                            	105
F 106.;1                            	106
F 107.;1                            	107
F 108.;1                            	108
F 109.;1                            	109
F 11.;1                             	11
F 110.;1                            	110
F 111.;1                            	111
F 112.;1                            	112
F 113.;1                            	113
F 114.;1                            	114
F 115.;1                            	115
F 116.;1                            	116
F 117.;1                            	117
F 118.;1                            	118
F 119.;1                            	119
F 120.;1                            	120
F 121.;1                            	121
F 122.;1                            	122
F 123.;1                            	123
F 124.;1                            	124
F 125.;1                            	125
F 126.;1                            	126
F 127.;1                            	127
F 128.;1                            	128
F 129.;1                            	129
F 13.;1                             	13
F 130.;1                            	130
F 131.;1                            	131
F 132.;1                            	132
F 133.;1                            	133
F 134.;1                            	134
F 135.;1                            	135
F 136.;1                            	136
F 137.;1                            	137
F 138.;1                            	138
F 139.;1                            	139
F 14.;1                             	14
F 140.;1                            	140
F 141.;1                            	141
F 142.;1                            	142
F 143.;1                            	143
F 144.;1                            	144
F 145.;1                            	145
F 146.;1                            	146
F 147.;1                            	147
F 148.;1                            	148
F 149.;1                            	149
F 15.;1                             	15
F 150.;1                            	150
F 151.;1                            	151
F 152.;1                            	152
F 153.;1                            	153
F 154.;1                            	154
F 155.;1                            	155
F 156.;1                            	156
F 157.;1                            	157
F 158.;1                            	158
F 159.;1                            	159
F 16.;1                             	16
F 160.;1                            	160
F 161.;1                            	161
F 163.;1                            	163
F 164.;1                            	164
F 165.;1                            	165
F 166.;1                            	166
F 167.;1                            	167
F 168.;1                            	168
F 17.;1                             	17
F 170.;1                            	170
F 171.;1                            	171
F 172.;1                            	172
F 173.;1                            	173
F 174.;1                            	174
F 175.;1                            	175
F 176.;1                            	176
F 177.;1                            	177
F 178.;1                            	178
F 179.;1                            	179
F 18.;1                             	18
F 180.;1                            	180
F 181.;1                            	181
F 182.;1                            	182
F 183.;1                            	183
F 184.;1                            	184
F 185.;1                            	185
F 186.;1                            	186
F 187.;1                            	187
F 188.;1                            	188
F 189.;1                            	189
F 19.;1                             	19
F 190.;1                            	190
F 191.;1                            	191
F 192.;1                            	192
F 193.;1                            	193
F 194.;1                            	194
F 195.;1                            	195
F 196.;1                            	196
F 197.;1                            	197
F 198.;1                            	198
F 199.;1                            	199
F 2.;1                              	2
F 20.;1                             	20
F 200.;1                            	200
F 201.;1                            	201
F 202.;1                            	202
F 203.;1                            	203
F 204.;1                            	204
F 205.;1                            	205
F 206.;1                            	206
F 207.;1                            	207
F 208.;1                            	208
F 209.;1                            	209
F 21.;1                             	21
F 210.;1                            	210
F 211.;1                            	211
F 212.;1                            	212
F 213.;1                            	213
F 214.;1                            	214
F 215.;1                            	215
F 216.;1                            	216
F 217.;1                            	217
F 218.;1                            	218
F 219.;1                            	219
F 22.;1                             	22
F 220.;1                            	220
F 221.;1                            	221
F 222.;1                            	222
F 223.;1                            	223
F 224.;1                            	224
F 225.;1                            	225
F 226.;1                            	226
F 227.;1                            	227
F 228.;1                            	228
F 229.;1                            	229
F 23.;1                             	23
F 230.;1                            	230
F 231.;1                            	231
F 232.;1                            	232
F 233.;1                            	233
F 234.;1                            	234
F 24.;1                             	24
F 25.;1                             	25
F 26.;1                             	26
F 27.;1                             	27
F 28.;1                             	28
F 29.;1                             	29
F 3.;1                              	3
F 31.;1                             	31
F 32.;1                             	32
F 33.;1                             	33
F 34.;1                             	34
F 36.;1                             	36
F 37.;1                             	37
F 39.;1                             	39
F 4.;1                              	4
F 40.;1                             	40
F 41.;1                             	41
F 42.;1                             	42
F 43.;1                             	43
F 44.;1                             	44
F 45.;1                             	45
F 46.;1                             	46
F 47.;1                             	47
F 48.;1                             	48
F 49.;1                             	49
F 5.;1                              	5
F 50.;1                             	50
F 51.;1                             	51
F 52.;1                             	52
F 53.;1                             	53
F 54.;1                             	54
F 55.;1                             	55
F 56.;1                             	56
F 57.;1                             	57
F 58.;1                             	58
F 59.;1                             	59
F 6.;1                              	6
F 60.;1                             	60
F 61.;1                             	61
F 62.;1                             	62
F 63.;1                             	63
F 64.;1                             	64
F 65.;1                             	65
F 66.;1                             	66
F 67.;1                             	67
F 68.;1                             	68
F 69.;1                             	69
F 7.;1                              	7
F 70.;1                             	70
F 71.;1                             	71
F 72.;1                             	72
F 73.;1                             	73
F 74.;1                             	74
F 75.;1                             	75
F 76.;1                             	76
F 77.;1                             	77
F 78.;1                             	78
F 79.;1                             	79
F 8.;1                              	8
F 80.;1                             	80
F 81.;1                             	81
F 82.;1                             	82
F 83.;1                             	83
F 84.;1                             	84
F 85.;1                             	85
F 86.;1                             	86
F 87.;1                             	87
F 88.;1                             	88
F 89.;1                             	89
F 9.;1                              	9
F 90.;1                             	90
F 91.;1                             	91
F 92.;1                             	92
F 93.;1                             	93
F 94.;1                             	94
F 95.;1                             	95
F 96.;1                             	96
F 97.;1                             	97
F 98.;1                             	98
F 99.;1                             	99
