# Font /usr/imagen/fonts/raster/300/cmb10.r36
# size 10.00, first 0, last 127, res 300, mag 3.60
name B
ligatures ff fl fi ffl ffi 0
spacewidth 57
# char	width	u/d	octal
charset
\|	  19	 0	0200
\^	   9	 0	0200
*G	 105	 2	00
*D	 143	 2	01
*H	 133	 2	02
*L	 105	 2	03
*C	 105	 2	04
*P	 124	 2	05
*S	 124	 2	06
*U	 133	 2	07
*F	 124	 2	010
*Q	 133	 2	011
*W	 124	 2	012
id	  47	 0	013
ij	  57	 1	014
ga	  85	 2	015
aa	  85	 2	016
^	  85	 2	017
d^	  85	 2	020
hc	  85	 2	021
rn	  85	 2	022
..	  85	 2	023
~	  85	 2	024
ve	  85	 2	025
im	  85	 2	026
de	 124	 2	027
ce	 133	 0	030
tl	  59	 0	031
ar	  47	 2	032
fb	  85	 2	033
ae	 114	 0	034
oe	 133	 0	035
AE	 152	 2	036
OE	 171	 2	037
o/	  85	 2	040
!	  47	 2	041
"	  85	 2	042
fm	  34	 2	043
ft	 124	 2	044
%	 162	 2	045
&	 133	 2	046
'	  47	 2	047
(	  57	 3	050
)	  57	 3	051
*	  85	 2	052
+	 133	 2	053
,	  47	 1	054
hy	  57	 0	055
-	"
.	  47	 0	056
/	  85	 3	057
0	  85	 2	060
1	  85	 2	061
2	  85	 2	062
3	  85	 2	063
4	  85	 2	064
5	  85	 2	065
6	  85	 2	066
7	  85	 2	067
8	  85	 2	070
9	  85	 2	071
:	  47	 0	072
;	  47	 1	073
<	 171	 2	074
=	 171	 0	075
>	 171	 2	076
?	  66	 2	077
es	 133	 2	0100
A	 124	 2	0101
*A	"
B	 114	 2	0102
*B	"
C	 124	 2	0103
D	 124	 2	0104
E	 114	 2	0105
*E	"
F	 109	 2	0106
G	 133	 2	0107
H	 124	 2	0110
*Y	"
I	  57	 2	0111
*I	"
J	  85	 2	0112
K	 133	 2	0113
*K	"
L	 105	 2	0114
M	 152	 2	0115
*M	"
N	 133	 2	0116
*N	"
O	 133	 2	0117
*O	"
P	 114	 2	0120
*R	"
Q	 133	 3	0121
R	 124	 2	0122
S	  95	 2	0123
T	 124	 2	0124
*T	"
U	 124	 2	0125
V	 124	 2	0126
W	 171	 2	0127
X	 124	 2	0130
*X	"
Y	 124	 2	0131
Z	 105	 2	0132
*Z	"
[	  47	 3	0133
b"	  85	 2	0134
]	  47	 3	0135
\-	  85	 0	0136
em	 171	 0	0137
`	  47	 2	0140
a	  85	 0	0141
b	  95	 2	0142
c	  76	 0	0143
d	  95	 2	0144
e	  76	 0	0145
f	  57	 2	0146
g	  85	 1	0147
h	  95	 2	0150
i	  47	 2	0151
j	  57	 3	0152
k	  95	 2	0153
l	  47	 2	0154
m	 143	 0	0155
n	  95	 0	0156
o	  85	 0	0157
p	  95	 1	0160
q	  85	 1	0161
r	  73	 0	0162
s	  66	 0	0163
t	  66	 2	0164
u	  95	 0	0165
v	  90	 0	0166
w	 124	 0	0167
x	  85	 0	0170
y	  90	 1	0171
z	  76	 0	0172
ff	  95	 2	0173
fi	  95	 2	0174
fl	  95	 2	0175
Fi	 143	 2	0176
Fl	 143	 2	0177
