# Font /usr/imagen/fonts/raster/300/cmbsy.r36
# size 10.00, first 0, last 127, res 300, mag 3.60
name BS
spacewidth 57
# char	width	u/d	octal
charset
\|	  19	 0	0200
\^	   9	 0	0200
mi	 133	 0	00
m.	  47	 0	01
mu	 171	 2	02
**	  85	 0	03
\	  85	 3	04
+-	 133	 2	06
-+	 133	 2	07
O+	 171	 2	010
O-	 171	 2	011
OX	 171	 2	012
O/	 171	 2	013
O.	 171	 2	014
di	 171	 2	015
ht	  85	 1	016
bu	  85	 0	017
pe	 171	 2	020
==	 171	 0	021
ib	 171	 2	022
ip	 171	 2	023
<=	 171	 2	024
>=	 171	 2	025
(=	 171	 2	026
)=	 171	 2	027
ap	 171	 0	030
pt	 171	 0	031
sb	 171	 2	032
sp	 171	 2	033
!=	 171	 3	034
.=	 171	 2	035
((	 171	 2	036
))	 171	 2	037
<-	 171	 0	040
->	 171	 0	041
ua	  85	 2	042
da	  85	 2	043
<>	 171	 0	044
<<	 171	 2	045
>>	 171	 2	046
~=	 171	 0	047
lh	 171	 2	050
La	"
rh	 171	 2	051
Ra	"
Ua	  85	 2	052
Da	  85	 2	053
><	 171	 2	054
uL	  85	 2	055
uR	  85	 2	056
lR	 171	 0	057
fm	  42	 2	060
if	 171	 0	061
mo	 114	 2	062
!m	 114	 2	063
0/	  85	 2	064
ul	 171	 1	065
al	 114	 2	066
)(	 171	 2	067
fa	  95	 2	070
te	  95	 2	071
no	 114	 0	072
?0	 105	 2	073
?1	 124	 2	074
?2	 124	 2	075
cr	 171	 2	076
/	 133	 3	0100
A	 114	 2	0101
B	  98	 2	0102
C	 106	 2	0103
D	  96	 2	0104
E	  90	 2	0105
F	  84	 2	0106
G	 116	 3	0107
H	 105	 2	0110
I	  85	 2	0111
J	  79	 2	0112
K	 124	 2	0113
L	 124	 2	0114
M	 162	 2	0115
N	 124	 2	0116
O	 113	 2	0117
P	  89	 2	0120
Q	 143	 2	0121
R	 133	 2	0122
S	  90	 2	0123
T	  98	 2	0124
U	 113	 2	0125
V	 113	 2	0126
W	 141	 2	0127
X	 124	 2	0130
Y	 116	 3	0131
Z	 124	 2	0132
cu	 124	 2	0133
ca	 124	 2	0134
c+	 124	 2	0135
an	 124	 2	0136
or	 124	 2	0137
|-	 171	 2	0140
-|	 171	 2	0141
{	  85	 3	0146
}	  85	 3	0147
<	  57	 3	0150
>	  57	 3	0151
br	  0	 3	0152
||	  85	 3	0153
[[	  76	 3	0154
]]	  76	 3	0155
sr	 143	 3	0160
#	 143	 2	0161
gr	 143	 2	0162
is	  85	 2	0163
ux	 124	 2	0164
dx	 124	 2	0165
rx	 171	 2	0166
dm	  85	 2	0167
sc	  76	 2	0170
dg	  76	 2	0171
dd	  76	 2	0172
pp	 105	 2	0173
@	 133	 2	0174
co	 171	 2	0175
$	  85	 2	0177
