# Font /usr/imagen/fonts/raster/300/cmbti.r36
# size 10.00, first 0, last 127, res 300, mag 3.60
name BT
ligatures ff fl fi ffl ffi 0
spacewidth 65
# char	width	u/d	octal
charset
\|	  21	 0	0200
\^	  10	 0	0200
*G	 112	 2	00
*D	 150	 2	01
*H	 140	 2	02
*L	 112	 2	03
*C	 112	 2	04
*P	 131	 2	05
*S	 131	 2	06
*U	 140	 2	07
*F	 131	 2	010
*Q	 140	 2	011
*W	 131	 2	012
id	  56	 0	013
ij	  65	 1	014
ga	  93	 2	015
aa	  93	 2	016
^	  93	 2	017
d^	  93	 2	020
hc	  93	 2	021
rn	  93	 2	022
..	  93	 2	023
~	  93	 2	024
ve	  93	 2	025
im	  93	 2	026
de	 131	 2	027
ce	 140	 0	030
tl	  66	 0	031
ar	  56	 2	032
fb	 103	 3	033
ae	 131	 0	034
oe	 131	 0	035
AE	 159	 2	036
OE	 178	 2	037
o/	  93	 2	040
!	  56	 2	041
"	  93	 2	042
fm	   0	 0	043
ft	   0	 0	044
%	 168	 2	045
&	 131	 2	046
'	  56	 2	047
(	  65	 3	050
)	  65	 3	051
*	  93	 2	052
+	 140	 2	053
,	  56	 1	054
hy	  65	 0	055
-	"
.	  56	 0	056
/	  93	 3	057
0	  93	 2	060
1	  93	 2	061
2	  93	 2	062
3	  93	 2	063
4	  93	 3	064
5	  93	 2	065
6	  93	 2	066
7	  93	 2	067
8	  93	 2	070
9	  93	 2	071
:	  56	 0	072
;	  56	 1	073
<	 178	 2	074
=	 178	 0	075
>	 178	 2	076
?	  93	 2	077
es	 140	 2	0100
A	 131	 2	0101
*A	"
B	 121	 2	0102
*B	"
C	 131	 2	0103
D	 131	 2	0104
E	 121	 2	0105
*E	"
F	 117	 2	0106
G	 140	 2	0107
H	 131	 2	0110
*Y	"
I	  65	 2	0111
*I	"
J	  93	 2	0112
K	 140	 2	0113
*K	"
L	 112	 2	0114
M	 159	 2	0115
*M	"
N	 140	 2	0116
*N	"
O	 140	 2	0117
*O	"
P	 121	 2	0120
*R	"
Q	 140	 3	0121
R	 131	 2	0122
S	 103	 2	0123
T	 131	 2	0124
*T	"
U	 131	 2	0125
V	 131	 2	0126
W	 178	 2	0127
X	 131	 2	0130
*X	"
Y	 131	 2	0131
Z	 112	 2	0132
*Z	"
[	  56	 3	0133
b"	  93	 2	0134
]	  56	 3	0135
\-	  93	 0	0136
em	 178	 0	0137
`	  56	 2	0140
a	  93	 0	0141
b	  84	 2	0142
c	  84	 0	0143
d	  93	 2	0144
e	  84	 0	0145
f	  56	 3	0146
g	  84	 1	0147
h	  93	 2	0150
i	  56	 2	0151
j	  60	 3	0152
k	  84	 2	0153
l	  46	 2	0154
m	 150	 0	0155
n	 103	 0	0156
o	  93	 0	0157
p	  93	 1	0160
q	  84	 1	0161
r	  75	 0	0162
s	  75	 0	0163
t	  60	 2	0164
u	  98	 0	0165
v	  84	 0	0166
w	 121	 0	0167
x	  84	 0	0170
y	  89	 1	0171
z	  75	 0	0172
ff	 112	 3	0173
fi	 112	 3	0174
fl	 112	 3	0175
Fi	 168	 3	0176
Fl	 168	 3	0177
