# Font /usr/imagen/fonts/raster/300/cmcsc.r36
# size 10.00, first 0, last 127, res 300, mag 3.60
name CS
ligatures ff fl fi ffl ffi 0
spacewidth 51
# char	width	u/d	octal
charset
\|	  17	 0	0200
\^	   8	 0	0200
*G	  92	 2	00
*D	 126	 2	01
*H	 117	 2	02
*L	  92	 2	03
*C	  92	 2	04
*P	 109	 2	05
*S	 109	 2	06
*U	 117	 2	07
*F	 109	 2	010
*Q	 117	 2	011
*W	 109	 2	012
id	  45	 2	013
ij	  71	 2	014
ga	  76	 2	015
aa	  76	 2	016
^	  76	 2	017
d^	  76	 2	020
hc	  76	 2	021
rn	  76	 2	022
..	  76	 2	023
~	  76	 2	024
ve	  76	 2	025
im	  76	 2	026
de	 109	 2	027
ce	 117	 0	030
tl	  48	 0	031
ar	  43	 2	032
fb	   0	 0	033
ae	 124	 2	034
oe	 134	 2	035
AE	 134	 2	036
OE	 151	 2	037
o/	 103	 2	040
!	  43	 2	041
"	  76	 2	042
fm	   0	 0	043
ft	   0	 0	044
%	 142	 2	045
&	 117	 2	046
'	  43	 2	047
(	  51	 3	050
)	  51	 3	051
*	  76	 2	052
+	 117	 2	053
,	  43	 1	054
hy	  51	 0	055
-	"
.	  43	 0	056
/	  76	 3	057
0	  76	 2	060
1	  76	 2	061
2	  76	 2	062
3	  76	 2	063
4	  76	 2	064
5	  76	 2	065
6	  76	 2	066
7	  76	 2	067
8	  76	 2	070
9	  76	 2	071
:	  43	 0	072
;	  43	 1	073
<	 151	 2	074
=	 151	 0	075
>	 151	 2	076
?	  59	 2	077
es	 117	 2	0100
A	 109	 2	0101
*A	"
B	 101	 2	0102
*B	"
C	 109	 2	0103
D	 109	 2	0104
E	 101	 2	0105
*E	"
F	  97	 2	0106
G	 117	 2	0107
H	 109	 2	0110
*Y	"
I	  51	 2	0111
*I	"
J	  76	 2	0112
K	 117	 2	0113
*K	"
L	  92	 2	0114
M	 134	 2	0115
*M	"
N	 117	 2	0116
*N	"
O	 117	 2	0117
*O	"
P	 101	 2	0120
*R	"
Q	 117	 3	0121
R	 109	 2	0122
S	  84	 2	0123
T	 109	 2	0124
*T	"
U	 109	 2	0125
V	 109	 2	0126
W	 151	 2	0127
X	 109	 2	0130
*X	"
Y	 109	 2	0131
Z	  92	 2	0132
*Z	"
[	  43	 3	0133
b"	  76	 2	0134
]	  43	 3	0135
\-	  76	 0	0136
em	 151	 0	0137
`	  43	 2	0140
a	 104	 2	0141
b	  92	 2	0142
c	  95	 2	0143
d	 100	 2	0144
e	  95	 2	0145
f	  91	 2	0146
g	 105	 2	0147
h	 104	 2	0150
i	  45	 2	0151
j	  71	 2	0152
k	 111	 2	0153
l	  87	 2	0154
m	 126	 2	0155
n	 111	 2	0156
o	 103	 2	0157
p	  92	 2	0160
q	 103	 2	0161
r	 100	 2	0162
s	  74	 2	0163
t	 100	 2	0164
u	 104	 2	0165
v	 104	 2	0166
w	 140	 2	0167
x	 104	 2	0170
y	 104	 2	0171
z	  81	 2	0172
ff	   0	 0	0173
fi	   0	 0	0174
fl	   0	 0	0175
Fi	   0	 0	0176
Fl	   0	 0	0177
