# Font /usr/imagen/fonts/raster/300/cmti10.r36
# size 10.00, first 0, last 127, res 300, mag 3.60
name I
ligatures ff fl fi ffl ffi 0
spacewidth 53
# char	width	u/d	octal
charset
\|	  17	 0	0200
\^	   8	 0	0200
*G	  91	 2	00
*D	 122	 2	01
*H	 114	 2	02
*L	  91	 2	03
*C	  91	 2	04
*P	 106	 2	05
*S	 106	 2	06
*U	 114	 2	07
*F	 106	 2	010
*Q	 114	 2	011
*W	 106	 2	012
id	  45	 0	013
ij	  53	 1	014
ga	  76	 2	015
aa	  76	 2	016
^	  76	 2	017
d^	  76	 2	020
hc	  76	 2	021
rn	  76	 2	022
..	  76	 2	023
~	  76	 2	024
ve	  76	 2	025
im	  76	 2	026
de	 106	 2	027
ce	 114	 0	030
tl	  50	 0	031
ar	  45	 2	032
fb	  84	 3	033
ae	 106	 0	034
oe	 106	 0	035
AE	 129	 2	036
OE	 145	 2	037
o/	  76	 2	040
!	  45	 2	041
"	  76	 2	042
fm	   0	 0	043
ft	   0	 0	044
%	 137	 2	045
&	 106	 2	046
'	  45	 2	047
(	  53	 3	050
)	  53	 3	051
*	  76	 2	052
+	 114	 2	053
,	  45	 1	054
hy	  53	 0	055
-	"
.	  45	 0	056
/	  76	 3	057
0	  76	 2	060
1	  76	 2	061
2	  76	 2	062
3	  76	 2	063
4	  76	 3	064
5	  76	 2	065
6	  76	 2	066
7	  76	 2	067
8	  76	 2	070
9	  76	 2	071
:	  45	 0	072
;	  45	 1	073
<	 145	 2	074
=	 145	 0	075
>	 145	 2	076
?	  76	 2	077
es	 114	 2	0100
A	 106	 2	0101
*A	"
B	  99	 2	0102
*B	"
C	 106	 2	0103
D	 106	 2	0104
E	  99	 2	0105
*E	"
F	  95	 2	0106
G	 114	 2	0107
H	 106	 2	0110
*Y	"
I	  53	 2	0111
*I	"
J	  76	 2	0112
K	 114	 2	0113
*K	"
L	  91	 2	0114
M	 129	 2	0115
*M	"
N	 114	 2	0116
*N	"
O	 114	 2	0117
*O	"
P	  99	 2	0120
*R	"
Q	 114	 3	0121
R	 106	 2	0122
S	  84	 2	0123
T	 106	 2	0124
*T	"
U	 106	 2	0125
V	 106	 2	0126
W	 145	 2	0127
X	 106	 2	0130
*X	"
Y	 106	 2	0131
Z	  91	 2	0132
*Z	"
[	  45	 3	0133
b"	  76	 2	0134
]	  45	 3	0135
\-	  76	 0	0136
em	 145	 0	0137
`	  45	 2	0140
a	  76	 0	0141
b	  68	 2	0142
c	  68	 0	0143
d	  76	 2	0144
e	  68	 0	0145
f	  45	 3	0146
g	  68	 1	0147
h	  76	 2	0150
i	  45	 2	0151
j	  49	 3	0152
k	  68	 2	0153
l	  38	 2	0154
m	 122	 0	0155
n	  84	 0	0156
o	  76	 0	0157
p	  76	 1	0160
q	  68	 1	0161
r	  61	 0	0162
s	  61	 0	0163
t	  49	 2	0164
u	  80	 0	0165
v	  68	 0	0166
w	  99	 0	0167
x	  68	 0	0170
y	  72	 1	0171
z	  61	 0	0172
ff	  91	 3	0173
fi	  91	 3	0174
fl	  91	 3	0175
Fi	 137	 3	0176
Fl	 137	 3	0177
