# Font /usr/imagen/fonts/raster/300/cmsss.r36
# size 12.00, first 0, last 127, res 300, mag 3.60
name sp
ligatures ff fl fi ffl ffi 0
spacewidth 49
# char	width	u/d	octal
charset
\|	  16	 0	0200
\^	   8	 0	0200
*G	  41	 0	00
*D	  74	 2	01
*H	  91	 0	02
*L	  78	 2	03
*C	 107	 2	04
*P	  99	 0	05
*S	  99	 2	06
*U	  83	 0	07
*F	  87	 2	010
*Q	  83	 0	011
*W	  66	 2	012
id	  74	 2	013
ij	 116	 2	014
ga	 149	 2	015
aa	 149	 0	016
^	  83	 2	017
d^	 149	 2	020
hc	 149	 2	021
rn	 107	 2	022
..	 107	 2	023
~	  83	 2	024
ve	  83	 2	025
im	 149	 2	026
de	 149	 0	027
ce	 149	 0	030
tl	 149	 0	031
ar	 149	 0	032
fb	 149	 2	033
ae	 149	 2	034
oe	 149	 2	035
AE	 149	 0	036
OE	 107	 2	037
o/	  49	 1	040
!	  41	 2	041
"	  74	 2	042
fm	 124	 2	043
ft	  74	 2	044
%	 141	 2	045
&	 116	 2	046
'	  41	 2	047
(	  49	 2	050
)	  49	 2	051
*	  74	 2	052
+	 116	 2	053
,	  41	 0	054
hy	  49	 0	055
-	"
.	  41	 0	056
/	  74	 2	057
0	  74	 2	060
1	  74	 2	061
2	  74	 2	062
3	  74	 2	063
4	  74	 2	064
5	  74	 2	065
6	  74	 2	066
7	  74	 2	067
8	  74	 2	070
9	  74	 2	071
:	  41	 0	072
;	  41	 0	073
<	 149	 2	074
=	 149	 0	075
>	 149	 2	076
?	  58	 2	077
es	 116	 2	0100
A	  91	 2	0101
*A	"
B	  91	 2	0102
*B	"
C	  91	 2	0103
D	  99	 2	0104
E	  87	 2	0105
*E	"
F	  83	 2	0106
G	 107	 2	0107
H	  91	 2	0110
*Y	"
I	  49	 2	0111
*I	"
J	  66	 2	0112
K	  99	 2	0113
*K	"
L	  78	 2	0114
M	 116	 2	0115
*M	"
N	  99	 2	0116
*N	"
O	 116	 2	0117
*O	"
P	  91	 2	0120
*R	"
Q	 116	 2	0121
R	  95	 2	0122
S	  91	 2	0123
T	  99	 2	0124
*T	"
U	  91	 2	0125
V	  91	 2	0126
W	 132	 2	0127
X	  91	 2	0130
*X	"
Y	  91	 2	0131
Z	  91	 2	0132
*Z	"
[	  41	 2	0133
b"	  74	 2	0134
]	  41	 2	0135
\-	  74	 2	0136
em	 149	 0	0137
`	  41	 2	0140
a	  70	 0	0141
b	  78	 2	0142
c	  66	 0	0143
d	  78	 2	0144
e	  66	 0	0145
f	  49	 2	0146
g	  74	 0	0147
h	  74	 2	0150
i	  33	 2	0151
j	  45	 2	0152
k	  74	 2	0153
l	  33	 2	0154
m	 116	 0	0155
n	  74	 0	0156
o	  74	 0	0157
p	  78	 0	0160
q	  74	 0	0161
r	  53	 0	0162
s	  66	 0	0163
t	  58	 2	0164
u	  74	 0	0165
v	  70	 0	0166
w	  99	 0	0167
x	  66	 0	0170
y	  70	 0	0171
z	  66	 0	0172
ff	  74	 2	0173
fi	  41	 2	0174
fl	  74	 2	0175
Fi	  74	 2	0176
Fl	  74	 0	0177
