# Font /usr/imagen/fonts/raster/300/cmi10.r36
# size 10.00, first 0, last 127, res 300, mag 3.60
name T
spacewidth 49
# char	width	u/d	octal
charset
\|	  16	 0	0200
\^	   8	 0	0200
*G	  88	 2	00
*D	 124	 2	01
*H	 110	 2	02
*L	  91	 2	03
*C	 101	 2	04
*P	 122	 2	05
*S	 116	 2	06
*U	  87	 2	07
*F	  99	 2	010
*Q	  95	 2	011
*W	 104	 2	012
*a	  95	 0	013
*b	  85	 3	014
*g	  79	 1	015
*d	  62	 2	016
*e	  61	 0	017
*z	  50	 3	020
*y	  80	 1	021
*h	  67	 2	022
*i	  52	 0	023
*k	  86	 0	024
*l	  87	 2	025
*m	  90	 1	026
*n	  77	 0	027
*c	  74	 3	030
*p	  84	 0	031
*r	  75	 1	032
*s	  81	 0	033
*t	  57	 0	034
*u	  89	 0	035
*f	  89	 3	036
*x	  94	 1	037
id	  48	 0	040
!	  41	 2	041
"	  74	 2	042
el	  62	 2	043
Fi	 100	 1	044
pd	  87	 2	045
&	 107	 2	046
'	  41	 2	047
(	  49	 3	050
)	  49	 3	051
*	  74	 2	052
+	 116	 2	053
,	  41	 1	054
hy	  49	 0	055
-	"
.	  41	 0	056
/	  74	 3	057
0	  74	 2	060
1	  74	 2	061
2	  74	 2	062
3	  74	 2	063
4	  74	 3	064
5	  74	 2	065
6	  74	 2	066
7	  74	 2	067
8	  74	 2	070
9	  74	 2	071
:	  41	 0	072
;	  41	 1	073
<	 149	 2	074
=	 149	 0	075
>	 149	 2	076
?	  74	 2	077
id	  63	 1	0100
A	 107	 2	0101
*A	"
B	 106	 2	0102
*B	"
C	 106	 2	0103
D	 117	 2	0104
E	 107	 2	0105
*E	"
F	  92	 2	0106
G	 118	 2	0107
H	 122	 2	0110
*Y	"
I	  61	 2	0111
*I	"
J	  85	 2	0112
K	 130	 2	0113
*K	"
L	  91	 2	0114
M	 150	 2	0115
*M	"
N	 126	 2	0116
*N	"
O	 114	 2	0117
*O	"
P	  93	 2	0120
*R	"
Q	 118	 3	0121
R	 107	 2	0122
S	  89	 2	0123
T	  88	 2	0124
*T	"
U	 102	 2	0125
V	  90	 2	0126
W	 127	 2	0127
X	 124	 2	0130
*X	"
Y	  86	 2	0131
Z	  97	 2	0132
*Z	"
[	  41	 3	0133
ff	   0	 0	0134
]	  41	 3	0135
fi	   0	 0	0136
fl	   0	 0	0137
`	  41	 2	0140
a	  78	 0	0141
b	  64	 2	0142
c	  64	 0	0143
d	  77	 2	0144
e	  64	 0	0145
f	  72	 3	0146
g	  68	 1	0147
h	  86	 2	0150
i	  53	 2	0151
j	  55	 3	0152
k	  77	 2	0153
l	  44	 2	0154
m	 131	 0	0155
n	  90	 0	0156
o	  72	 0	0157
*o	"
p	  75	 1	0160
q	  66	 1	0161
r	  64	 0	0162
s	  69	 0	0163
ts	"
t	  52	 2	0164
u	  86	 0	0165
v	  72	 0	0166
w	 105	 0	0167
x	  81	 0	0170
y	  73	 1	0171
z	  69	 0	0172
*q	  97	 3	0173
*w	  92	 0	0174
?2	 105	 1	0175
?1	  89	 2	0176
Fl	 115	 0	0177
