# Font /usr/src/local/imagen/fonts/raster/cmb10.r36
# size 10.00, first 0, last 127, res 240, mag 3.60
name B
ligatures ff fl fi ffl ffi 0
spacewidth 50
# char	width	u/d	octal
charset
\|	  16	 0	0200
\^	   8	 0	0200
*G	  93	 2	00
*D	 127	 2	01
*H	 118	 2	02
*L	  93	 2	03
*C	  93	 2	04
*P	 110	 2	05
*S	 110	 2	06
*U	 118	 2	07
*F	 110	 2	010
*Q	 118	 2	011
*W	 110	 2	012
id	  42	 0	013
ij	  50	 1	014
ga	  76	 2	015
aa	  76	 2	016
^	  76	 2	017
d^	  76	 2	020
hc	  76	 2	021
rn	  76	 2	022
..	  76	 2	023
~	  76	 2	024
ve	  76	 2	025
im	  76	 2	026
de	 110	 2	027
ce	 118	 0	030
tl	  52	 0	031
ar	  42	 2	032
fb	  76	 2	033
ae	 101	 0	034
oe	 118	 0	035
AE	 135	 2	036
OE	 152	 2	037
o/	  76	 2	040
!	  42	 2	041
"	  76	 2	042
fm	  30	 2	043
ft	 110	 2	044
%	 144	 2	045
&	 118	 2	046
'	  42	 2	047
(	  50	 3	050
)	  50	 3	051
*	  76	 2	052
+	 118	 2	053
,	  42	 1	054
hy	  50	 0	055
-	"
.	  42	 0	056
/	  76	 3	057
0	  76	 2	060
1	  76	 2	061
2	  76	 2	062
3	  76	 2	063
4	  76	 2	064
5	  76	 2	065
6	  76	 2	066
7	  76	 2	067
8	  76	 2	070
9	  76	 2	071
:	  42	 0	072
;	  42	 1	073
<	 152	 2	074
=	 152	 0	075
>	 152	 2	076
?	  59	 2	077
es	 118	 2	0100
A	 110	 2	0101
*A	"
B	 101	 2	0102
*B	"
C	 110	 2	0103
D	 110	 2	0104
E	 101	 2	0105
*E	"
F	  97	 2	0106
G	 118	 2	0107
H	 110	 2	0110
*Y	"
I	  50	 2	0111
*I	"
J	  76	 2	0112
K	 118	 2	0113
*K	"
L	  93	 2	0114
M	 135	 2	0115
*M	"
N	 118	 2	0116
*N	"
O	 118	 2	0117
*O	"
P	 101	 2	0120
*R	"
Q	 118	 3	0121
R	 110	 2	0122
S	  84	 2	0123
T	 110	 2	0124
*T	"
U	 110	 2	0125
V	 110	 2	0126
W	 152	 2	0127
X	 110	 2	0130
*X	"
Y	 110	 2	0131
Z	  93	 2	0132
*Z	"
[	  42	 3	0133
b"	  76	 2	0134
]	  42	 3	0135
\-	  76	 0	0136
em	 152	 0	0137
`	  42	 2	0140
a	  76	 0	0141
b	  84	 2	0142
c	  67	 0	0143
d	  84	 2	0144
e	  67	 0	0145
f	  50	 2	0146
g	  76	 1	0147
h	  84	 2	0150
i	  42	 2	0151
j	  50	 3	0152
k	  84	 2	0153
l	  42	 2	0154
m	 127	 0	0155
n	  84	 0	0156
o	  76	 0	0157
p	  84	 1	0160
q	  76	 1	0161
r	  65	 0	0162
s	  59	 0	0163
t	  59	 2	0164
u	  84	 0	0165
v	  80	 0	0166
w	 110	 0	0167
x	  76	 0	0170
y	  80	 1	0171
z	  67	 0	0172
ff	  84	 2	0173
fi	  84	 2	0174
fl	  84	 2	0175
Fi	 127	 2	0176
Fl	 127	 2	0177
