# Font /usr/src/local/imagen/fonts/raster/cmbi10.r40
# size 10.00, first 0, last 127, res 240, mag 4.00
name BI
spacewidth 52
# char	width	u/d	octal
charset
\|	  17	 0	0200
\^	   8	 0	0200
*G	  87	 2	00
*D	 130	 2	01
*H	 113	 2	02
*L	  95	 2	03
*C	 104	 2	04
*P	 124	 2	05
*S	 120	 2	06
*U	  91	 2	07
*F	 104	 2	010
*Q	 100	 2	011
*W	 110	 2	012
*a	 101	 0	013
*b	  87	 3	014
*g	  85	 1	015
*d	  65	 2	016
*e	  63	 0	017
*z	  55	 3	020
*y	  87	 1	021
*h	  72	 2	022
*i	  55	 0	023
*k	  89	 0	024
*l	  91	 2	025
*m	  94	 1	026
*n	  81	 0	027
*c	  78	 3	030
*p	  91	 0	031
*r	  78	 1	032
*s	  86	 0	033
*t	  62	 0	034
*u	  94	 0	035
*f	  94	 3	036
*x	  96	 1	037
id	  53	 0	040
!	  43	 2	041
"	  78	 2	042
el	  61	 2	043
Fi	 104	 1	044
pd	  92	 2	045
&	 112	 2	046
'	  43	 2	047
(	  52	 3	050
)	  52	 3	051
*	  78	 2	052
+	 121	 2	053
,	  43	 1	054
hy	  52	 0	055
-	"
.	  43	 0	056
/	  78	 3	057
0	  78	 2	060
1	  78	 2	061
2	  78	 2	062
3	  78	 2	063
4	  78	 3	064
5	  78	 2	065
6	  78	 2	066
7	  78	 2	067
8	  78	 2	070
9	  78	 2	071
:	  43	 0	072
;	  43	 1	073
<	 156	 2	074
=	 156	 0	075
>	 156	 2	076
?	  78	 2	077
id	  63	 1	0100
A	 112	 2	0101
*A	"
B	 110	 2	0102
*B	"
C	 110	 2	0103
D	 120	 2	0104
E	 111	 2	0105
*E	"
F	  92	 2	0106
G	 120	 2	0107
H	 124	 2	0110
*Y	"
I	  61	 2	0111
*I	"
J	  85	 2	0112
K	 133	 2	0113
*K	"
L	  95	 2	0114
M	 152	 2	0115
*M	"
N	 128	 2	0116
*N	"
O	 118	 2	0117
*O	"
P	  95	 2	0120
*R	"
Q	 122	 3	0121
R	 112	 2	0122
S	  91	 2	0123
T	  89	 2	0124
*T	"
U	 105	 2	0125
V	  93	 2	0126
W	 133	 2	0127
X	 126	 2	0130
*X	"
Y	  88	 2	0131
Z	  99	 2	0132
*Z	"
[	  43	 3	0133
]	  43	 3	0135
`	  43	 2	0140
a	  84	 0	0141
b	  68	 2	0142
c	  68	 0	0143
d	  81	 2	0144
e	  68	 0	0145
f	  72	 3	0146
g	  71	 1	0147
h	  89	 2	0150
i	  55	 2	0151
j	  55	 3	0152
k	  81	 2	0153
l	  46	 2	0154
m	 139	 0	0155
n	  96	 0	0156
o	  76	 0	0157
*o	"
p	  80	 1	0160
q	  71	 1	0161
r	  66	 0	0162
s	  70	 0	0163
t	  58	 2	0164
u	  92	 0	0165
v	  76	 0	0166
w	 111	 0	0167
x	  83	 0	0170
y	  79	 1	0171
z	  72	 0	0172
*q	 102	 3	0173
*w	  98	 0	0174
?2	 109	 1	0175
?1	  94	 2	0176
Fl	 123	 0	0177
