# Font /usr/src/local/imagen/fonts/raster/cmbsy.r12
# size 10.00, first 0, last 127, res 240, mag 1.20
name BS
spacewidth 50
# char	width	u/d	octal
charset
\|	  16	 0	0200
\^	   8	 0	0200
mi	 118	 0	00
m.	  42	 0	01
mu	 152	 2	02
**	  76	 0	03
\	  76	 3	04
+-	 118	 2	06
-+	 118	 2	07
O+	 152	 3	010
O-	 152	 3	011
OX	 152	 3	012
O/	 152	 3	013
O.	 152	 3	014
di	 152	 2	015
ht	  76	 1	016
bu	  76	 0	017
pe	 152	 3	020
==	 152	 2	021
ib	 152	 3	022
ip	 152	 3	023
<=	 152	 3	024
>=	 152	 3	025
(=	 152	 3	026
)=	 152	 3	027
ap	 152	 0	030
pt	 152	 0	031
sb	 152	 2	032
sp	 152	 2	033
!=	 152	 3	034
.=	 152	 2	035
((	 152	 2	036
))	 152	 2	037
<-	 152	 0	040
->	 152	 0	041
ua	  76	 3	042
da	  76	 3	043
<>	 152	 0	044
<<	 152	 2	045
>>	 152	 2	046
~=	 152	 0	047
lh	 152	 2	050
La	"
rh	 152	 2	051
Ra	"
Ua	  76	 3	052
Da	  76	 3	053
><	 152	 2	054
uL	  76	 2	055
uR	  76	 2	056
lR	 152	 0	057
fm	  38	 2	060
if	 152	 0	061
mo	 101	 2	062
!m	 101	 3	063
0/	  76	 2	064
ul	 110	 1	065
al	 101	 2	066
)(	 152	 2	067
fa	  84	 2	070
te	  84	 2	071
no	 101	 0	072
?0	  93	 2	073
?1	 110	 2	074
?2	 110	 2	075
cr	 152	 3	076
/	 133	 3	0100
A	 101	 2	0101
B	  87	 2	0102
C	  95	 2	0103
D	  85	 2	0104
E	  80	 2	0105
F	  75	 2	0106
G	 103	 3	0107
H	  93	 2	0110
I	  76	 2	0111
J	  70	 2	0112
K	 110	 2	0113
L	 110	 2	0114
M	 144	 2	0115
N	 110	 2	0116
O	 100	 2	0117
P	  79	 2	0120
Q	 127	 2	0121
R	 118	 2	0122
S	  80	 2	0123
T	  87	 2	0124
U	 100	 2	0125
V	 100	 2	0126
W	 126	 2	0127
X	 110	 2	0130
Y	 103	 3	0131
Z	 110	 2	0132
cu	 110	 2	0133
ca	 110	 2	0134
c+	 110	 2	0135
an	 110	 2	0136
or	 110	 2	0137
|-	 152	 3	0140
-|	 152	 3	0141
{	  76	 3	0146
}	  76	 3	0147
<	  50	 3	0150
>	  50	 3	0151
br	  0	 3	0152
||	  76	 3	0153
[[	  67	 3	0154
]]	  67	 3	0155
sr	 127	 3	0160
#	 127	 3	0161
gr	 127	 2	0162
is	  76	 3	0163
ux	 110	 2	0164
dx	 110	 2	0165
rx	 152	 3	0166
dm	  76	 0	0167
sc	  67	 3	0170
dg	  67	 3	0171
dd	  67	 3	0172
pp	  93	 3	0173
@	 118	 2	0174
co	 152	 3	0175
$	  76	 2	0177
