# Font /usr/src/local/imagen/fonts/raster/cmit.r10
# size 10.00, first 0, last 127, res 240, mag 1.00
name CI
spacewidth 69
# char	width	u/d	octal
charset
\|	  69	 0	0200
\^	   0	 0	0200
*G	  69	 2	00
*D	  69	 2	01
*H	  69	 2	02
*L	  69	 2	03
*C	  69	 2	04
*P	  69	 2	05
*S	  69	 2	06
*U	  69	 2	07
*F	  69	 2	010
*Q	  69	 2	011
*W	  69	 2	012
ga	  69	 2	015
aa	  69	 2	016
^	  69	 2	017
d^	  69	 2	020
hc	  69	 2	021
rn	  69	 2	022
..	  69	 2	023
~	  69	 2	024
if	  69	 0	025
OX	  69	 2	026
de	  69	 2	027
ce	  69	 1	030
->	  69	 2	031
_	  69	 0	032
\_	"
AE	  69	 2	036
OE	  69	 2	037
ux	  69	 2	040
!	  69	 2	041
"	  69	 2	042
b"	"
#	  69	 2	043
$	  69	 2	044
%	  69	 2	045
&	  69	 2	046
'	  69	 2	047
(	  69	 2	050
)	  69	 2	051
*	  69	 2	052
+	  69	 2	053
,	  69	 0	054
hy	  69	 0	055
-	"
.	  69	 0	056
/	  69	 2	057
0	  69	 2	060
1	  69	 2	061
2	  69	 2	062
3	  69	 2	063
4	  69	 3	064
5	  69	 2	065
6	  69	 2	066
7	  69	 2	067
8	  69	 2	070
9	  69	 2	071
:	  69	 0	072
;	  69	 0	073
<	  69	 2	074
=	  69	 2	075
>	  69	 2	076
?	  69	 2	077
@	  69	 2	0100
A	  69	 2	0101
*A	"
B	  69	 2	0102
*B	"
C	  69	 2	0103
D	  69	 2	0104
E	  69	 2	0105
*E	"
F	  69	 2	0106
G	  69	 2	0107
H	  69	 2	0110
*Y	"
I	  69	 2	0111
*I	"
J	  69	 2	0112
K	  69	 2	0113
*K	"
L	  69	 2	0114
M	  69	 2	0115
*M	"
N	  69	 2	0116
*N	"
O	  69	 2	0117
*O	"
P	  69	 2	0120
*R	"
Q	  69	 2	0121
R	  69	 2	0122
S	  69	 2	0123
T	  69	 2	0124
*T	"
U	  69	 2	0125
V	  69	 2	0126
W	  69	 2	0127
X	  69	 2	0130
*X	"
Y	  69	 2	0131
Z	  69	 2	0132
*Z	"
[	  69	 2	0133
\	  69	 2	0134
]	  69	 2	0135
ua	  69	 2	0136
<-	  69	 2	0137
`	  69	 2	0140
a	  69	 0	0141
b	  69	 2	0142
c	  69	 0	0143
d	  69	 2	0144
e	  69	 0	0145
f	  69	 3	0146
g	  69	 1	0147
h	  69	 2	0150
i	  69	 2	0151
j	  69	 3	0152
k	  69	 2	0153
l	  69	 2	0154
m	  69	 0	0155
n	  69	 0	0156
o	  69	 0	0157
p	  69	 1	0160
q	  69	 1	0161
r	  69	 0	0162
s	  69	 0	0163
t	  69	 2	0164
u	  69	 0	0165
v	  69	 0	0166
w	  69	 0	0167
x	  69	 0	0170
y	  69	 1	0171
z	  69	 0	0172
{	  69	 2	0173
|	  69	 2	0174
}	  69	 2	0175
da	  69	 2	0176
fm	  69	 2	0177
