# Font /usr/src/local/imagen/fonts/raster/cmcsc.r18
# size 10.00, first 0, last 127, res 240, mag 1.80
name CS
ligatures ff fl fi ffl ffi 0
spacewidth 45
# char	width	u/d	octal
charset
\|	  15	 0	0200
\^	   7	 0	0200
*G	  82	 2	00
*D	 112	 2	01
*H	 104	 2	02
*L	  82	 2	03
*C	  82	 2	04
*P	  97	 2	05
*S	  97	 2	06
*U	 104	 2	07
*F	  97	 2	010
*Q	 104	 2	011
*W	  97	 2	012
id	  40	 2	013
ij	  63	 2	014
ga	  67	 2	015
aa	  67	 2	016
^	  67	 2	017
d^	  67	 2	020
hc	  67	 2	021
rn	  67	 2	022
..	  67	 2	023
~	  67	 2	024
ve	  67	 2	025
im	  67	 2	026
de	  97	 2	027
ce	 104	 0	030
tl	  42	 0	031
ar	  38	 2	032
ae	 110	 2	034
oe	 119	 2	035
AE	 119	 2	036
OE	 134	 2	037
o/	  91	 2	040
!	  38	 2	041
"	  67	 2	042
%	 126	 2	045
&	 104	 2	046
'	  38	 2	047
(	  45	 3	050
)	  45	 3	051
*	  67	 2	052
+	 104	 2	053
,	  38	 0	054
hy	  45	 0	055
-	"
.	  38	 0	056
/	  67	 3	057
0	  67	 2	060
1	  67	 2	061
2	  67	 2	062
3	  67	 2	063
4	  67	 2	064
5	  67	 2	065
6	  67	 2	066
7	  67	 2	067
8	  67	 2	070
9	  67	 2	071
:	  38	 0	072
;	  38	 0	073
<	 134	 2	074
=	 134	 0	075
>	 134	 2	076
?	  53	 2	077
es	 104	 2	0100
A	  97	 2	0101
*A	"
B	  90	 2	0102
*B	"
C	  97	 2	0103
D	  97	 2	0104
E	  90	 2	0105
*E	"
F	  86	 2	0106
G	 104	 2	0107
H	  97	 2	0110
*Y	"
I	  45	 2	0111
*I	"
J	  67	 2	0112
K	 104	 2	0113
*K	"
L	  82	 2	0114
M	 119	 2	0115
*M	"
N	 104	 2	0116
*N	"
O	 104	 2	0117
*O	"
P	  90	 2	0120
*R	"
Q	 104	 2	0121
R	  97	 2	0122
S	  75	 2	0123
T	  97	 2	0124
*T	"
U	  97	 2	0125
V	  97	 2	0126
W	 134	 2	0127
X	  97	 2	0130
*X	"
Y	  97	 2	0131
Z	  82	 2	0132
*Z	"
[	  38	 3	0133
b"	  67	 2	0134
]	  38	 3	0135
\-	  67	 0	0136
em	 134	 0	0137
`	  38	 2	0140
a	  92	 2	0141
b	  82	 2	0142
c	  85	 2	0143
d	  89	 2	0144
e	  84	 2	0145
f	  81	 2	0146
g	  93	 2	0147
h	  92	 2	0150
i	  40	 2	0151
j	  63	 2	0152
k	  99	 2	0153
l	  78	 2	0154
m	 112	 2	0155
n	  99	 2	0156
o	  91	 2	0157
p	  82	 2	0160
q	  91	 2	0161
r	  89	 2	0162
s	  65	 2	0163
t	  89	 2	0164
u	  92	 2	0165
v	  92	 2	0166
w	 125	 2	0167
x	  92	 2	0170
y	  92	 2	0171
z	  72	 2	0172
