# Font /usr/src/local/imagen/fonts/raster/cmss10.r40
# size 10.00, first 0, last 127, res 240, mag 4.00
name p
ligatures ff fl fi ffl ffi 0
spacewidth 46
# char	width	u/d	octal
charset
\|	  15	 0	0200
\^	   7	 0	0200
*G	  38	 0	00
*D	  69	 2	01
*H	  85	 2	02
*L	  73	 2	03
*C	 100	 2	04
*P	  92	 0	05
*S	  92	 2	06
*U	  77	 2	07
*F	  81	 2	010
*Q	  77	 2	011
*W	  61	 2	012
id	  69	 2	013
ij	 108	 2	014
ga	 139	 2	015
aa	 139	 2	016
^	  77	 2	017
d^	 139	 2	020
hc	 139	 2	021
rn	 100	 2	022
..	 100	 2	023
~	  77	 2	024
ve	  77	 2	025
im	 139	 2	026
de	 139	 0	027
ce	 139	 0	030
tl	 139	 0	031
ar	 139	 0	032
fb	 139	 2	033
ae	 139	 2	034
oe	 139	 2	035
AE	 139	 2	036
OE	 100	 2	037
o/	  46	 1	040
!	  38	 2	041
"	  69	 2	042
fm	 116	 2	043
ft	  69	 2	044
%	 131	 2	045
&	 108	 2	046
'	  38	 2	047
(	  46	 2	050
)	  46	 2	051
*	  69	 2	052
+	 108	 2	053
,	  38	 0	054
hy	  46	 0	055
-	"
.	  38	 0	056
/	  69	 2	057
0	  69	 2	060
1	  69	 2	061
2	  69	 2	062
3	  69	 2	063
4	  69	 2	064
5	  69	 2	065
6	  69	 2	066
7	  69	 2	067
8	  69	 2	070
9	  69	 2	071
:	  38	 2	072
;	  38	 2	073
<	 139	 2	074
=	 139	 0	075
>	 139	 2	076
?	  54	 2	077
es	 108	 2	0100
A	  85	 2	0101
*A	"
B	  85	 2	0102
*B	"
C	  85	 2	0103
D	  92	 2	0104
E	  81	 2	0105
*E	"
F	  77	 2	0106
G	 100	 2	0107
H	  85	 2	0110
*Y	"
I	  46	 2	0111
*I	"
J	  61	 2	0112
K	  92	 2	0113
*K	"
L	  73	 2	0114
M	 108	 2	0115
*M	"
N	  92	 2	0116
*N	"
O	 108	 2	0117
*O	"
P	  85	 2	0120
*R	"
Q	 108	 2	0121
R	  89	 2	0122
S	  85	 2	0123
T	  92	 2	0124
*T	"
U	  85	 2	0125
V	  85	 2	0126
W	 123	 2	0127
X	  85	 2	0130
*X	"
Y	  85	 2	0131
Z	  85	 2	0132
*Z	"
[	  38	 2	0133
b"	  69	 2	0134
]	  38	 2	0135
\-	  69	 2	0136
em	 139	 0	0137
`	  38	 2	0140
a	  65	 2	0141
b	  73	 2	0142
c	  61	 2	0143
d	  73	 2	0144
e	  61	 2	0145
f	  46	 2	0146
g	  69	 2	0147
h	  69	 2	0150
i	  30	 2	0151
j	  42	 2	0152
k	  69	 2	0153
l	  30	 2	0154
m	 108	 2	0155
n	  69	 2	0156
o	  69	 2	0157
p	  73	 2	0160
q	  69	 2	0161
r	  50	 2	0162
s	  61	 2	0163
t	  54	 2	0164
u	  69	 2	0165
v	  65	 2	0166
w	  92	 2	0167
x	  61	 2	0170
y	  65	 2	0171
z	  61	 2	0172
ff	  69	 2	0173
fi	  38	 2	0174
fl	  69	 2	0175
Fi	  69	 2	0176
Fl	  69	 0	0177
