# Font /usr/src/local/imagen/fonts/raster/cmsy10.r40
# size 10.00, first 0, last 127, res 240, mag 4.00
name S
spacewidth 44
# char	width	u/d	octal
charset
\|	  14	 0	0200
\^	   7	 0	0200
mi	 103	 0	00
m.	  36	 0	01
mu	 132	 2	02
**	  66	 0	03
\	  66	 3	04
+-	 103	 2	06
-+	 103	 2	07
O+	 132	 3	010
O-	 132	 3	011
OX	 132	 3	012
O/	 132	 3	013
O.	 132	 3	014
di	 132	 2	015
ht	  66	 1	016
bu	  66	 0	017
pe	 132	 2	020
==	 132	 0	021
ib	 132	 2	022
ip	 132	 2	023
<=	 132	 2	024
>=	 132	 2	025
(=	 132	 2	026
)=	 132	 2	027
ap	 132	 0	030
pt	 132	 0	031
sb	 132	 2	032
sp	 132	 2	033
!=	 132	 3	034
.=	 132	 2	035
((	 132	 2	036
))	 132	 2	037
<-	 132	 0	040
->	 132	 0	041
ua	  66	 2	042
da	  66	 2	043
<>	 132	 0	044
<<	 132	 2	045
>>	 132	 2	046
~=	 132	 0	047
lh	 132	 2	050
La	"
rh	 132	 2	051
Ra	"
Ua	  66	 2	052
Da	  66	 2	053
><	 132	 2	054
uL	  66	 2	055
uR	  66	 2	056
lR	 132	 0	057
fm	  33	 2	060
if	 132	 0	061
mo	  88	 2	062
!m	  88	 2	063
0/	  66	 2	064
ul	  95	 1	065
al	  88	 2	066
)(	 132	 2	067
fa	  73	 2	070
te	  73	 2	071
no	  88	 0	072
?0	  81	 2	073
?1	  95	 2	074
?2	  95	 2	075
cr	 132	 2	076
/	   0	 3	0100
A	  88	 2	0101
B	  77	 2	0102
C	  81	 2	0103
D	  76	 2	0104
E	  70	 2	0105
F	  66	 2	0106
G	  90	 3	0107
H	  81	 2	0110
I	  66	 2	0111
J	  63	 2	0112
K	  95	 2	0113
L	  95	 2	0114
M	 125	 2	0115
N	  95	 2	0116
O	  88	 2	0117
P	  70	 2	0120
Q	 110	 2	0121
R	 103	 2	0122
S	  72	 2	0123
T	  74	 2	0124
U	  85	 2	0125
V	  85	 2	0126
W	 107	 2	0127
X	  95	 2	0130
Y	  89	 3	0131
Z	  95	 2	0132
cu	  95	 2	0133
ca	  95	 2	0134
c+	  95	 2	0135
an	  95	 2	0136
or	  95	 2	0137
|-	 132	 2	0140
-|	 132	 2	0141
{	  66	 3	0146
}	  66	 3	0147
<	  44	 3	0150
>	  44	 3	0151
br	  0	 3	0152
||	  66	 3	0153
[[	  59	 3	0154
]]	  59	 3	0155
sr	 110	 3	0160
#	 110	 2	0161
gr	 110	 2	0162
is	  66	 2	0163
ux	  95	 2	0164
dx	  95	 2	0165
rx	 132	 2	0166
dm	  66	 0	0167
sc	  59	 3	0170
dg	  59	 2	0171
dd	  59	 2	0172
pp	  81	 2	0173
@	 103	 2	0174
co	 132	 3	0175
$	  66	 2	0177
