# Font /usr/src/local/imagen/fonts/raster/cmti10.r36
# size 10.00, first 0, last 127, res 240, mag 3.60
name T
ligatures ff fl fi ffl ffi 0
spacewidth 47
# char	width	u/d	octal
charset
\|	  15	 0	0200
\^	   7	 0	0200
*G	  81	 2	00
*D	 108	 2	01
*H	 101	 2	02
*L	  81	 2	03
*C	  81	 2	04
*P	  95	 2	05
*S	  95	 2	06
*U	 101	 2	07
*F	  95	 2	010
*Q	 101	 2	011
*W	  95	 2	012
id	  40	 0	013
ij	  47	 1	014
ga	  67	 2	015
aa	  67	 2	016
^	  67	 2	017
d^	  67	 2	020
hc	  67	 2	021
rn	  67	 2	022
..	  67	 2	023
~	  67	 2	024
ve	  67	 2	025
im	  67	 2	026
de	  95	 2	027
ce	 101	 0	030
tl	  44	 0	031
ar	  40	 2	032
fb	  74	 3	033
ae	  95	 0	034
oe	  95	 0	035
AE	 115	 2	036
OE	 128	 2	037
o/	  67	 2	040
!	  40	 2	041
"	  67	 2	042
%	 122	 2	045
&	  95	 2	046
'	  40	 2	047
(	  47	 3	050
)	  47	 3	051
*	  67	 2	052
+	 101	 2	053
,	  40	 1	054
hy	  47	 0	055
-	"
.	  40	 0	056
/	  67	 3	057
0	  67	 2	060
1	  67	 2	061
2	  67	 2	062
3	  67	 2	063
4	  67	 3	064
5	  67	 2	065
6	  67	 2	066
7	  67	 2	067
8	  67	 2	070
9	  67	 2	071
:	  40	 0	072
;	  40	 1	073
<	 128	 2	074
=	 128	 0	075
>	 128	 2	076
?	  67	 2	077
es	 101	 2	0100
A	  95	 2	0101
*A	"
B	  88	 2	0102
*B	"
C	  95	 2	0103
D	  95	 2	0104
E	  88	 2	0105
*E	"
F	  84	 2	0106
G	 101	 2	0107
H	  95	 2	0110
*Y	"
I	  47	 2	0111
*I	"
J	  67	 2	0112
K	 101	 2	0113
*K	"
L	  81	 2	0114
M	 115	 2	0115
*M	"
N	 101	 2	0116
*N	"
O	 101	 2	0117
*O	"
P	  88	 2	0120
*R	"
Q	 101	 3	0121
R	  95	 2	0122
S	  74	 2	0123
T	  95	 2	0124
*T	"
U	  95	 2	0125
V	  95	 2	0126
W	 128	 2	0127
X	  95	 2	0130
*X	"
Y	  95	 2	0131
Z	  81	 2	0132
*Z	"
[	  40	 3	0133
b"	  67	 2	0134
]	  40	 3	0135
\-	  67	 0	0136
em	 128	 0	0137
`	  40	 2	0140
a	  67	 0	0141
b	  61	 2	0142
c	  61	 0	0143
d	  67	 2	0144
e	  61	 0	0145
f	  40	 3	0146
g	  61	 1	0147
h	  67	 2	0150
i	  40	 2	0151
j	  44	 3	0152
k	  61	 2	0153
l	  33	 2	0154
m	 108	 0	0155
n	  74	 0	0156
o	  67	 0	0157
p	  67	 1	0160
q	  61	 1	0161
r	  54	 0	0162
s	  54	 0	0163
t	  44	 2	0164
u	  71	 0	0165
v	  61	 0	0166
w	  88	 0	0167
x	  61	 0	0170
y	  64	 1	0171
z	  54	 0	0172
ff	  81	 3	0173
fi	  81	 3	0174
fl	  81	 3	0175
Fi	 122	 3	0176
Fl	 122	 3	0177
