gremlinfile
1 256.00 96.00
4
254.00 92.00
256.00 92.00
254.00 94.00
254.00 90.00
256.00 92.00
252.00 92.00
-1.00 -1.00
6 0
0 
 4
254.00 100.00
256.00 100.00
254.00 102.00
254.00 98.00
256.00 100.00
252.00 100.00
-1.00 -1.00
6 0
0 
 4
254.00 108.00
256.00 108.00
254.00 110.00
254.00 106.00
256.00 108.00
252.00 108.00
-1.00 -1.00
6 0
0 
 4
254.00 116.00
256.00 116.00
254.00 118.00
254.00 114.00
256.00 116.00
252.00 116.00
-1.00 -1.00
6 0
0 
 3
252.00 92.00
248.00 92.00
-1.00 -1.00
5 0
0 
 3
252.00 100.00
248.00 100.00
-1.00 -1.00
5 0
0 
 3
248.00 108.00
252.00 108.00
-1.00 -1.00
5 0
0 
 3
252.00 116.00
248.00 116.00
-1.00 -1.00
5 0
0 
 3
256.00 88.00
256.00 96.00
-1.00 -1.00
6 0
0 
 3
256.00 112.00
256.00 120.00
-1.00 -1.00
6 0
0 
 3
272.00 104.00
280.00 104.00
-1.00 -1.00
5 0
0 
 4
264.00 104.00
264.00 96.00
264.00 112.00
-1.00 -1.00
6 180
0 
 3
256.00 112.00
264.00 112.00
-1.00 -1.00
6 0
0 
 3
256.00 96.00
264.00 96.00
-1.00 -1.00
6 0
0 
 3
256.00 96.06
256.00 112.00
-1.00 -1.00
6 0
0 
 -1
