gremlinfile
1 208.00 256.00
3
208.00 256.06
208.00 272.00
-1.00 -1.00
6 0
0 
 3
208.00 256.00
216.00 256.00
-1.00 -1.00
6 0
0 
 3
208.00 272.00
216.00 272.00
-1.00 -1.00
6 0
0 
 4
216.00 264.00
216.00 256.00
216.00 272.00
-1.00 -1.00
6 180
0 
 3
224.00 264.00
232.00 264.00
-1.00 -1.00
5 0
0 
 3
208.00 272.00
208.00 276.00
-1.00 -1.00
6 0
0 
 3
208.00 252.00
208.00 256.00
-1.00 -1.00
6 0
0 
 4
206.00 256.00
208.00 256.00
206.00 258.00
206.00 254.00
208.00 256.00
204.00 256.00
-1.00 -1.00
6 0
0 
 3
204.00 256.00
200.00 256.00
-1.00 -1.00
5 0
0 
 3
204.00 264.00
200.00 264.00
-1.00 -1.00
5 0
0 
 3
200.00 272.00
204.00 272.00
-1.00 -1.00
5 0
0 
 4
206.00 264.00
208.00 264.00
206.00 266.00
206.00 262.00
208.00 264.00
204.00 264.00
-1.00 -1.00
6 0
0 
 4
206.00 272.00
208.00 272.00
206.00 274.00
206.00 270.00
208.00 272.00
204.00 272.00
-1.00 -1.00
6 0
0 
 -1
