gremlinfile
1 240.00 176.00
3
256.00 184.00
260.00 184.00
-1.00 -1.00
5 0
0 
 3
240.00 176.06
240.00 192.00
-1.00 -1.00
6 0
0 
 3
240.00 176.00
248.00 176.00
-1.00 -1.00
6 0
0 
 3
240.00 192.00
248.00 192.00
-1.00 -1.00
6 0
0 
 4
248.00 184.00
248.00 176.00
248.00 192.00
-1.00 -1.00
6 180
0 
 4
238.00 188.00
240.00 188.00
238.00 190.00
238.00 186.00
240.00 188.00
236.00 188.00
-1.00 -1.00
6 0
0 
 4
238.00 180.00
240.00 180.00
238.00 182.00
238.00 178.00
240.00 180.00
236.00 180.00
-1.00 -1.00
6 0
0 
 3
232.00 188.00
236.00 188.00
-1.00 -1.00
5 0
0 
 3
232.00 180.00
236.00 180.00
-1.00 -1.00
5 0
0 
 3
260.00 184.00
264.00 184.00
-1.00 -1.00
5 0
0 
 -1
