gremlinfile
0 56.00 40.00
3
98.21 58.48
98.23 58.56
98.31 58.62
98.41 58.69
98.55 58.75
98.62 58.76
98.71 58.75
98.83 58.72
98.90 58.65
98.94 58.59
99.01 58.47
99.10 58.54
99.30 58.62
99.36 58.67
99.64 58.70
99.72 58.64
99.78 58.54
-1.00 -1.00
5 0
0 
 3
101.65 49.99
99.38 50.24
-1.00 -1.00
5 0
0 
 3
99.39 49.81
101.68 49.56
-1.00 -1.00
5 0
0 
 3
101.68 48.95
99.38 49.26
-1.00 -1.00
5 0
0 
 3
99.36 48.70
101.68 48.46
-1.00 -1.00
5 0
0 
 3
101.48 47.93
99.39 48.15
-1.00 -1.00
5 0
0 
 3
99.33 47.71
101.60 47.40
-1.00 -1.00
5 0
0 
 3
101.55 47.31
101.51 46.73
99.29 46.87
-1.00 -1.00
5 0
0 
 3
101.69 48.52
101.65 47.93
-1.00 -1.00
5 0
0 
 3
101.74 49.60
101.66 48.95
-1.00 -1.00
5 0
0 
 3
101.79 50.68
101.76 50.07
-1.00 -1.00
5 0
0 
 3
99.39 50.26
99.39 50.95
101.85 50.76
-1.00 -1.00
5 0
0 
 3
99.30 49.21
99.38 49.79
-1.00 -1.00
5 0
0 
 3
99.29 48.17
99.32 48.71
-1.00 -1.00
5 0
0 
 3
99.32 46.91
99.32 47.63
-1.00 -1.00
5 0
0 
 3
96.13 50.32
95.69 50.23
-1.00 -1.00
5 0
0 
 3
97.58 50.68
96.84 50.51
-1.00 -1.00
5 0
0 
 3
96.84 49.93
97.56 50.13
-1.00 -1.00
5 0
0 
 3
95.68 49.63
96.16 49.78
-1.00 -1.00
5 0
0 
 3
96.16 49.23
95.62 49.20
-1.00 -1.00
5 0
0 
 3
97.56 49.60
96.81 49.45
-1.00 -1.00
5 0
0 
 3
96.77 48.87
97.56 49.07
-1.00 -1.00
5 0
0 
 3
95.68 48.63
96.10 48.79
-1.00 -1.00
5 0
0 
 3
96.11 48.26
95.65 48.12
-1.00 -1.00
5 0
0 
 3
97.56 48.56
96.81 48.31
-1.00 -1.00
5 0
0 
 3
96.81 47.82
97.62 47.99
-1.00 -1.00
5 0
0 
 3
95.66 47.49
96.08 47.63
-1.00 -1.00
5 0
0 
 3
96.15 47.12
95.65 47.02
-1.00 -1.00
5 0
0 
 3
97.56 47.49
96.89 47.31
-1.00 -1.00
5 0
0 
 3
96.84 46.74
97.58 46.90
-1.00 -1.00
5 0
0 
 3
95.60 47.01
95.66 46.41
95.97 46.48
-1.00 -1.00
5 0
0 
 3
95.63 48.06
95.62 47.59
-1.00 -1.00
5 0
0 
 3
95.60 49.07
95.66 48.62
-1.00 -1.00
5 0
0 
 3
95.63 50.24
95.66 49.65
-1.00 -1.00
5 0
0 
 3
96.08 49.74
96.13 50.31
-1.00 -1.00
5 0
0 
 3
96.07 48.63
96.05 49.28
-1.00 -1.00
5 0
0 
 3
95.99 47.60
96.01 48.15
-1.00 -1.00
5 0
0 
 3
96.02 46.45
96.02 47.09
-1.00 -1.00
5 0
0 
 3
97.56 50.07
97.59 50.65
-1.00 -1.00
5 0
0 
 3
97.58 49.02
97.58 49.57
-1.00 -1.00
5 0
0 
 3
97.53 47.99
97.53 48.54
-1.00 -1.00
5 0
0 
 3
97.65 46.90
97.58 47.46
-1.00 -1.00
5 0
0 
 3
96.77 49.90
96.80 50.46
-1.00 -1.00
5 0
0 
 3
96.81 48.84
96.77 49.32
-1.00 -1.00
5 0
0 
 3
96.77 47.77
96.75 48.34
-1.00 -1.00
5 0
0 
 3
96.80 46.70
96.80 47.15
-1.00 -1.00
5 0
0 
 3
95.91 51.60
95.94 51.53
96.10 51.48
96.18 51.45
-1.00 -1.00
5 0
0 
 3
98.55 53.45
98.60 53.40
98.66 53.32
98.71 53.25
98.74 53.17
98.77 53.01
98.80 52.95
98.82 52.87
98.82 52.81
98.83 52.75
98.83 52.68
98.87 52.62
-1.00 -1.00
5 0
0 
 3
96.63 52.54
96.66 52.46
96.69 52.39
96.77 52.24
96.84 52.10
96.89 51.87
96.94 51.78
96.92 51.70
96.92 51.62
-1.00 -1.00
5 0
0 
 3
97.54 54.31
97.44 54.26
97.36 54.21
97.12 54.09
97.00 54.03
96.88 53.92
96.83 53.82
96.72 53.64
96.55 53.37
96.47 53.23
96.43 53.06
96.36 52.89
96.30 52.73
96.15 52.46
96.07 52.31
96.02 52.17
96.01 52.10
95.91 51.85
95.87 51.74
95.79 51.57
95.74 51.49
95.74 51.43
95.69 51.32
95.68 51.24
95.69 51.17
95.73 51.09
95.77 51.03
95.90 51.03
96.04 51.12
96.07 51.18
96.13 51.32
96.19 51.48
96.27 51.74
96.33 51.87
96.41 52.01
96.46 52.14
96.53 52.31
96.57 52.39
96.64 52.53
96.74 52.68
96.75 52.75
96.81 52.87
96.86 53.00
96.94 53.10
96.97 53.29
-1.00 -1.00
5 0
0 
 3
98.80 54.15
98.80 54.07
98.77 53.92
98.68 53.76
98.62 53.64
98.52 53.56
98.41 53.48
98.32 53.48
98.21 53.48
98.06 53.51
98.00 53.56
97.90 53.65
97.87 53.73
97.79 53.82
97.75 53.90
97.68 54.00
97.65 54.06
-1.00 -1.00
5 0
0 
 3
97.64 54.26
97.62 54.34
97.64 54.40
97.70 54.50
97.75 54.59
97.79 54.70
97.84 54.78
97.98 54.90
98.04 54.98
98.10 55.01
98.32 55.07
98.40 55.07
98.60 55.03
98.79 54.93
98.85 54.87
98.96 54.76
98.97 54.68
99.01 54.54
99.01 54.45
99.01 54.37
98.94 54.29
98.87 54.26
98.71 54.20
98.65 54.18
98.45 54.12
98.29 54.12
98.04 54.11
97.90 54.11
97.79 54.11
97.72 54.11
97.62 54.11
-1.00 -1.00
5 0
0 
 3
105.30 65.81
101.24 57.50
-1.00 -1.00
5 0
0 
 3
101.43 66.52
99.10 57.56
-1.00 -1.00
5 0
0 
 3
93.57 66.25
98.29 57.51
-1.00 -1.00
5 0
0 
 3
97.33 66.80
98.31 57.61
-1.00 -1.00
5 0
0 
 3
101.21 57.39
106.85 64.73
-1.00 -1.00
5 0
0 
 3
96.50 57.06
91.45 65.52
-1.00 -1.00
5 0
0 
 3
99.42 56.75
99.19 53.00
-1.00 -1.00
5 0
0 
 3
101.26 57.40
102.14 51.62
-1.00 -1.00
5 0
0 
 3
98.46 57.53
98.06 52.26
-1.00 -1.00
5 0
0 
 3
95.63 51.32
96.53 56.98
-1.00 -1.00
5 0
0 
 3
99.88 57.59
99.75 58.62
-1.00 -1.00
5 0
0 
 3
99.08 57.62
99.01 58.50
-1.00 -1.00
5 0
0 
 3
98.21 57.68
98.23 58.56
-1.00 -1.00
5 0
0 
 3
96.75 57.08
98.40 57.75
101.15 57.47
99.41 56.64
96.61 56.98
-1.00 -1.00
5 0
0 
 3
99.11 52.01
99.10 52.10
99.05 52.18
98.99 52.26
98.93 52.34
98.87 52.43
98.83 52.54
98.77 52.50
98.68 52.43
98.62 52.37
98.54 52.32
98.48 52.28
98.34 52.18
98.20 52.12
98.04 52.04
97.95 51.99
97.89 51.95
97.75 51.81
97.64 51.70
97.56 51.62
97.50 51.49
97.51 51.43
97.56 51.34
97.67 51.28
97.78 51.28
97.90 51.31
97.98 51.34
98.09 51.45
98.13 51.51
98.18 51.64
98.24 51.76
98.29 51.81
98.40 51.85
98.46 51.90
98.62 51.93
98.71 51.95
98.83 52.01
98.93 52.06
99.02 52.09
99.18 52.15
-1.00 -1.00
5 0
0 
 3
100.22 53.23
100.17 53.10
100.12 53.04
100.09 52.95
99.97 52.76
99.91 52.68
99.83 52.59
99.69 52.48
99.64 52.43
99.44 52.34
99.36 52.31
99.29 52.28
99.19 52.21
99.11 52.20
-1.00 -1.00
5 0
0 
 3
99.53 51.89
99.55 52.01
99.56 52.15
99.60 52.26
-1.00 -1.00
5 0
0 
 3
98.87 52.68
98.93 52.78
99.05 52.84
99.16 52.96
99.22 53.06
99.30 53.15
99.36 53.25
99.41 53.35
99.44 53.43
99.49 53.53
99.55 53.67
99.56 53.73
99.60 53.81
99.61 53.89
99.63 53.98
99.66 54.07
99.67 54.21
99.70 54.32
99.77 54.39
99.80 54.45
99.81 54.51
99.84 54.57
99.86 54.65
99.92 54.73
99.97 54.81
100.12 54.87
100.40 55.01
100.48 55.01
100.59 54.98
100.71 54.93
100.78 54.89
100.84 54.86
100.89 54.81
100.96 54.73
101.04 54.65
101.12 54.59
101.21 54.53
101.29 54.46
101.35 54.43
101.40 54.39
101.46 54.37
101.51 54.32
101.59 54.25
101.62 54.18
101.66 54.04
101.71 53.93
101.73 53.81
101.73 53.70
101.74 53.48
101.74 53.34
101.74 53.25
101.73 53.09
101.73 52.96
101.71 52.73
101.73 52.50
101.73 52.42
101.73 52.26
101.73 52.12
101.73 51.95
101.71 51.81
101.69 51.74
101.66 51.62
-1.00 -1.00
5 0
0 
 3
99.77 54.67
99.72 54.75
99.67 54.79
99.64 54.96
99.63 55.03
99.66 55.18
99.66 55.37
99.69 55.47
99.75 55.57
99.83 55.70
99.91 55.76
100.03 55.81
100.09 55.84
100.19 55.87
100.34 55.87
100.42 55.86
100.48 55.84
100.59 55.81
100.82 55.75
100.84 55.61
100.85 55.53
100.92 55.39
100.90 55.28
100.92 55.09
100.90 54.98
100.92 54.92
100.90 54.81
100.90 54.75
-1.00 -1.00
5 0
0 
 3
98.49 51.81
98.57 51.81
98.65 51.85
98.73 51.90
98.80 51.92
98.94 51.92
99.05 51.93
99.16 51.93
99.50 51.93
99.61 51.90
99.78 51.85
99.86 51.82
100.03 51.76
100.12 51.76
100.33 51.74
100.50 51.73
100.59 51.71
100.75 51.68
100.90 51.67
101.04 51.67
101.13 51.64
101.34 51.62
101.46 51.59
101.57 51.56
101.66 51.56
101.76 51.53
101.85 51.54
101.94 51.54
102.08 51.56
102.16 51.54
102.22 51.53
102.28 51.51
102.38 51.49
102.47 51.42
102.53 51.28
102.56 51.18
102.53 51.03
102.41 50.82
102.28 50.90
-1.00 -1.00
5 0
0 
 3
96.39 51.37
96.46 51.42
96.52 51.45
96.60 51.49
96.69 51.54
96.77 51.57
96.88 51.60
96.97 51.62
97.11 51.65
97.20 51.68
97.31 51.70
97.44 51.70
97.50 51.71
97.56 51.73
-1.00 -1.00
5 0
0 
 3
95.57 50.62
95.43 50.70
95.43 50.78
95.38 50.87
95.40 50.96
95.45 51.06
95.51 51.10
95.60 51.12
95.68 51.15
-1.00 -1.00
5 0
0 
 3
102.04 45.65
102.19 45.70
102.30 45.82
102.38 46.01
102.36 46.18
102.33 46.26
102.27 46.32
102.21 46.35
102.10 46.41
102.00 46.43
-1.00 -1.00
5 0
0 
 3
95.48 45.37
95.40 45.37
95.34 45.40
95.26 45.45
95.18 45.52
95.14 45.66
95.12 45.76
95.12 45.91
95.15 45.99
95.21 46.02
95.26 46.07
95.34 46.12
95.40 46.15
95.46 46.16
-1.00 -1.00
5 0
0 
 3
95.29 45.26
98.82 44.88
102.07 45.62
98.88 46.07
95.35 45.37
-1.00 -1.00
5 0
0 
 3
98.96 51.34
102.30 50.81
102.11 46.43
98.82 46.79
-1.00 -1.00
5 0
0 
 3
95.40 46.23
95.45 50.65
98.83 51.35
98.80 46.71
95.48 46.07
-1.00 -1.00
5 0
0 
 3
142.38 112.15
142.54 111.85
142.74 111.60
142.82 111.44
143.02 111.18
143.18 110.79
143.22 110.63
143.27 110.47
143.30 110.33
143.25 110.14
143.16 109.82
143.11 109.63
143.01 109.14
142.91 108.75
142.87 108.43
142.79 108.14
142.70 107.75
142.59 107.33
-1.00 -1.00
5 0
0 
 3
134.10 119.91
134.27 119.90
134.55 119.76
134.69 119.71
134.86 119.79
135.11 119.70
135.62 119.54
136.34 119.27
137.12 118.96
137.66 118.65
138.33 118.29
138.81 117.98
139.59 117.51
139.85 117.24
140.38 116.90
140.80 116.63
141.27 116.23
141.70 115.83
142.10 115.49
142.32 115.21
142.51 114.98
142.71 114.63
142.83 114.46
142.93 114.29
142.87 113.83
142.77 113.52
142.62 112.94
142.48 112.46
142.43 112.10
142.37 111.83
142.29 111.58
142.20 111.35
-1.00 -1.00
5 0
0 
 3
115.48 122.62
115.50 122.81
115.50 123.03
115.57 123.59
115.56 124.04
115.62 124.43
115.65 124.96
115.65 125.26
115.67 125.40
115.81 125.50
116.26 125.45
116.83 125.35
117.30 125.29
117.90 125.26
118.62 125.25
119.10 125.06
119.72 124.87
120.72 124.87
121.84 124.73
122.27 124.56
122.72 124.37
123.39 124.20
124.22 124.04
124.85 123.87
125.78 123.70
126.55 123.43
127.31 123.24
128.12 122.96
129.08 122.73
129.59 122.53
130.28 122.24
131.04 122.04
131.66 121.70
132.03 121.52
132.47 121.27
132.86 121.04
133.34 120.81
133.62 120.67
133.80 120.52
133.96 120.42
133.99 120.23
133.93 119.88
133.90 119.41
133.79 118.84
133.73 118.40
133.66 117.85
133.60 117.63
133.59 117.43
-1.00 -1.00
5 0
0 
 3
70.41 119.90
70.39 120.15
70.30 120.45
70.17 121.02
70.08 121.59
70.02 122.06
69.96 122.46
69.91 122.84
69.89 122.96
69.93 123.09
70.24 123.23
70.38 123.31
70.50 123.32
70.83 123.40
71.20 123.60
71.64 123.71
72.04 123.87
72.51 124.03
73.03 124.09
73.90 124.28
74.63 124.45
75.35 124.65
75.97 124.75
76.83 124.95
77.48 125.07
78.15 125.25
78.83 125.40
79.67 125.54
80.42 125.68
81.41 125.90
82.05 125.95
82.81 126.09
83.84 126.11
84.50 126.26
85.20 126.29
86.01 126.42
86.70 126.43
87.30 126.46
87.85 126.57
88.36 126.64
88.96 126.65
89.43 126.70
90.01 126.61
90.49 126.51
90.81 126.46
90.99 126.48
91.11 126.46
91.22 126.15
91.25 125.78
91.25 125.20
91.23 124.76
91.14 124.21
91.17 123.71
91.23 123.48
-1.00 -1.00
5 0
0 
 3
59.25 113.37
59.14 113.60
58.97 114.05
58.92 114.38
58.83 114.80
58.72 115.19
58.60 115.68
58.50 116.07
58.39 116.44
58.39 116.60
58.42 116.77
58.61 117.05
58.92 117.51
59.23 117.82
59.62 118.21
60.04 118.59
60.52 118.96
60.99 119.38
61.63 119.77
62.06 119.98
62.57 120.35
63.23 120.76
63.85 121.01
64.27 121.07
64.77 121.23
65.26 121.35
65.84 121.56
66.37 121.68
66.82 121.84
67.44 122.10
67.83 122.31
68.20 122.40
68.54 122.46
68.90 122.54
69.16 122.62
69.63 122.70
69.83 122.70
-1.00 -1.00
5 0
0 
 3
56.82 109.39
56.82 109.69
56.67 110.14
56.53 110.60
56.50 110.97
56.43 111.29
56.33 111.58
56.25 111.85
56.19 112.15
56.17 112.35
56.22 112.47
56.42 112.88
56.50 113.18
56.56 113.46
56.68 113.77
56.87 114.07
57.04 114.37
57.20 114.73
57.38 114.96
57.58 115.21
57.80 115.41
58.00 115.55
58.28 115.71
58.44 115.79
58.52 116.09
58.47 116.29
58.46 116.44
58.42 116.62
58.36 116.84
-1.00 -1.00
5 0
0 
 3
143.67 112.40
143.69 112.71
143.80 112.96
143.81 113.22
143.83 113.43
143.89 113.71
143.91 113.96
143.95 114.15
143.97 114.54
-1.00 -1.00
5 0
0 
 3
143.24 110.10
143.29 110.33
143.29 110.46
143.32 110.68
143.38 110.96
143.39 111.22
143.44 111.46
143.50 111.71
143.50 111.88
143.52 112.04
143.50 112.32
143.53 112.55
143.58 112.80
143.60 112.94
143.52 113.18
143.38 113.33
143.21 113.54
143.08 113.69
142.85 113.99
142.63 114.26
-1.00 -1.00
5 0
0 
 3
134.44 122.37
134.61 122.40
134.86 122.38
135.19 122.28
135.51 122.12
135.86 121.96
136.20 121.81
136.59 121.65
137.04 121.38
137.52 121.21
137.97 121.01
138.44 120.87
138.96 120.68
139.38 120.42
139.77 120.23
140.12 120.06
140.52 119.85
140.91 119.60
141.22 119.32
141.53 119.02
141.84 118.77
142.14 118.46
142.40 118.23
142.62 117.96
142.83 117.70
142.91 117.52
143.04 117.30
143.11 117.04
143.18 116.90
143.18 116.63
143.13 116.32
143.05 115.80
142.97 115.44
142.91 115.08
142.80 114.69
142.77 114.54
-1.00 -1.00
5 0
0 
 3
115.81 125.51
115.79 125.90
115.79 126.29
115.85 126.76
115.88 127.32
115.85 127.62
115.92 128.18
115.98 128.56
116.41 128.53
116.86 128.59
117.25 128.50
117.66 128.40
118.11 128.29
118.64 128.15
119.29 128.04
119.91 127.92
120.39 127.78
121.08 127.59
121.87 127.45
122.47 127.32
123.07 127.09
123.78 126.92
124.34 126.78
124.84 126.68
125.30 126.59
126.08 126.53
126.50 126.40
126.97 126.26
127.63 126.15
128.12 125.93
128.60 125.71
128.99 125.56
129.83 125.26
130.54 125.06
131.13 124.84
131.60 124.59
132.14 124.35
132.56 124.17
132.90 123.96
133.35 123.76
133.79 123.51
134.07 123.39
134.27 123.28
134.33 123.01
134.33 122.78
134.35 122.26
134.32 121.84
134.29 121.43
134.24 121.04
134.15 120.54
134.12 120.21
134.07 120.01
134.01 119.85
-1.00 -1.00
5 0
0 
 3
91.25 126.46
91.20 126.78
91.20 127.11
91.14 127.37
91.13 127.93
91.11 128.50
91.17 128.90
91.20 129.26
91.19 129.40
-1.00 -1.00
5 0
0 
 3
69.82 123.03
69.88 123.20
69.82 123.53
69.75 123.84
69.74 124.07
69.71 124.54
69.66 125.03
69.63 125.28
69.66 125.51
69.68 125.70
69.66 125.82
70.17 126.06
70.55 126.26
71.12 126.54
71.57 126.75
72.09 126.86
72.71 126.96
73.45 127.28
74.31 127.70
74.96 127.82
75.63 127.90
76.45 128.07
77.28 128.22
77.84 128.34
78.80 128.45
79.58 128.54
80.32 128.75
80.67 128.81
81.52 128.86
82.06 128.93
82.50 129.00
83.21 129.09
83.85 129.23
84.60 129.26
85.09 129.26
85.78 129.37
86.32 129.37
87.05 129.45
87.30 129.45
87.80 129.53
88.11 129.56
88.59 129.59
89.06 129.56
89.45 129.54
89.87 129.53
90.30 129.53
90.80 129.42
90.92 129.40
91.11 129.40
-1.00 -1.00
5 0
0 
 3
58.28 116.73
58.27 116.91
58.25 117.27
58.22 117.65
58.18 118.09
58.14 118.34
58.14 118.60
58.11 118.87
58.08 119.15
58.04 119.40
58.08 119.59
58.18 119.84
58.44 120.17
58.70 120.49
59.01 120.95
59.34 121.31
59.79 121.71
60.10 121.93
60.55 122.21
60.93 122.46
61.33 122.74
61.91 123.06
62.50 123.40
63.12 123.71
63.74 124.06
64.36 124.34
64.87 124.57
65.46 124.79
65.76 124.87
66.15 124.92
66.55 125.01
67.10 125.14
67.49 125.17
68.12 125.21
68.62 125.23
68.85 125.26
69.13 125.32
69.41 125.32
-1.00 -1.00
5 0
0 
 3
56.20 112.26
56.17 112.46
56.14 112.61
56.12 112.83
56.08 113.04
56.00 113.38
55.95 113.71
55.92 113.93
55.92 114.18
55.89 114.41
55.84 114.68
55.80 114.90
55.83 115.05
55.95 115.27
56.05 115.49
56.14 115.79
56.20 115.98
56.29 116.29
56.40 116.71
56.57 117.05
56.79 117.34
57.09 117.65
57.23 117.80
57.43 117.95
57.72 118.15
57.93 118.30
58.05 118.40
-1.00 -1.00
5 0
0 
 3
144.03 114.58
143.99 114.80
143.97 115.04
143.95 115.32
143.94 115.60
143.97 115.82
143.97 115.99
143.94 116.19
143.95 116.32
143.91 116.44
143.74 116.54
143.38 116.80
143.25 116.90
143.16 117.02
-1.00 -1.00
5 0
0 
 3
143.24 117.04
143.24 117.26
143.22 117.43
143.25 117.71
143.25 118.01
143.24 118.26
143.22 118.62
143.25 118.85
143.27 119.13
143.25 119.38
143.29 119.68
143.22 119.96
143.04 120.23
142.85 120.49
142.73 120.70
142.52 120.98
142.24 121.32
142.04 121.54
141.82 121.79
141.47 122.09
141.25 122.29
140.97 122.56
140.58 122.87
140.29 123.10
139.79 123.40
139.40 123.62
138.87 123.90
138.28 124.14
137.54 124.37
137.13 124.53
136.73 124.68
136.15 124.82
135.81 124.89
135.37 124.96
135.08 125.03
134.80 125.09
134.66 125.09
134.44 125.14
-1.00 -1.00
5 0
0 
 3
115.99 128.14
115.99 128.53
115.99 128.78
116.06 129.36
116.07 129.83
116.12 130.14
116.15 130.53
116.21 130.86
116.71 131.08
117.31 131.25
117.64 131.22
118.29 131.17
118.92 131.15
119.52 131.14
120.22 131.03
120.94 130.86
121.90 130.78
122.97 130.73
123.64 130.53
124.09 130.34
124.99 130.14
125.89 129.93
126.61 129.68
127.60 129.50
128.29 129.15
129.00 128.95
129.59 128.72
130.32 128.43
130.79 128.17
131.49 127.82
131.92 127.56
132.42 127.18
132.87 126.84
133.29 126.56
133.70 126.21
134.04 125.95
134.29 125.71
134.46 125.64
134.58 125.53
134.77 125.12
134.74 124.67
134.61 124.31
134.55 123.99
134.49 123.59
134.41 123.26
134.33 122.88
134.32 122.76
-1.00 -1.00
5 0
0 
 3
143.99 118.02
144.02 117.88
143.97 118.13
143.91 118.37
143.92 118.73
143.89 118.98
143.85 119.40
143.78 119.71
143.80 119.96
143.78 120.26
143.75 120.67
143.66 121.09
143.66 121.32
143.61 121.57
143.55 121.90
143.50 122.15
143.49 122.46
143.49 122.71
143.47 122.95
143.41 123.20
143.35 123.46
143.27 123.76
143.21 123.99
143.16 124.28
143.11 124.50
143.07 124.75
142.97 125.09
142.96 125.23
-1.00 -1.00
5 0
0 
 3
134.57 124.93
134.60 125.09
134.57 125.21
134.61 125.53
134.64 125.78
134.71 126.15
134.75 126.34
134.72 126.65
134.71 126.78
134.68 127.03
134.66 127.18
134.63 127.51
134.68 127.76
-1.00 -1.00
5 0
0 
 3
69.38 128.37
69.35 128.76
69.35 129.12
69.38 129.45
69.40 129.95
69.41 130.36
69.41 130.61
-1.00 -1.00
5 0
0 
 3
69.58 125.28
69.61 125.57
69.61 125.84
69.57 126.09
69.57 126.51
69.57 126.96
69.55 127.31
69.54 127.67
69.52 127.81
69.47 128.00
69.49 128.20
69.47 128.37
69.47 128.53
69.72 128.65
70.03 128.82
70.45 129.01
70.98 129.26
71.59 129.51
72.38 129.86
72.97 130.14
73.52 130.37
74.31 130.69
74.99 130.83
75.94 131.04
76.58 131.23
77.70 131.42
78.52 131.59
79.31 131.84
79.83 131.94
80.15 131.97
80.28 131.98
80.54 131.97
81.01 132.06
81.57 132.12
82.25 132.20
82.76 132.26
83.53 132.42
84.12 132.53
84.91 132.62
85.41 132.64
85.70 132.59
86.56 132.53
86.98 132.58
87.46 132.61
87.81 132.55
88.55 132.61
88.87 132.59
89.18 132.55
89.80 132.53
90.43 132.37
90.74 132.28
91.09 132.20
91.23 132.15
91.36 132.12
91.37 131.79
91.33 131.25
91.30 130.86
91.23 130.40
91.22 130.04
91.30 129.75
91.30 129.56
91.31 129.39
-1.00 -1.00
5 0
0 
 3
58.05 118.27
58.04 118.45
58.04 118.63
57.97 118.90
57.96 119.23
57.96 119.51
57.93 119.76
57.86 119.96
57.86 120.17
57.83 120.46
57.83 120.90
57.80 121.13
57.80 121.34
57.85 121.46
57.85 121.65
57.83 121.79
57.85 121.96
57.83 122.23
57.82 122.40
57.93 122.59
58.10 122.87
58.27 123.17
58.46 123.43
58.63 123.59
58.95 123.98
59.34 124.37
59.67 124.67
60.12 124.96
60.52 125.20
61.00 125.59
61.42 125.90
61.67 126.07
62.00 126.21
62.39 126.36
63.02 126.54
63.38 126.64
63.79 126.82
64.10 126.98
64.63 127.15
65.14 127.29
65.51 127.40
66.04 127.59
66.61 127.70
67.28 127.84
67.83 127.97
68.18 128.04
68.60 128.07
68.88 128.09
69.13 128.07
69.38 128.06
-1.00 -1.00
5 0
0 
 3
55.83 114.99
55.80 115.12
55.72 115.29
55.67 115.54
55.69 115.79
55.70 116.16
55.69 116.40
55.70 116.68
55.67 117.16
55.66 117.40
55.67 117.65
55.70 117.80
55.70 117.99
55.70 118.15
55.74 118.30
55.83 118.51
56.01 118.84
56.09 119.09
56.25 119.35
56.29 119.52
56.43 119.71
56.54 119.88
56.78 120.10
56.98 120.34
57.20 120.48
57.34 120.59
57.51 120.63
57.77 120.76
-1.00 -1.00
5 0
0 
 3
143.22 122.54
143.25 122.82
143.25 122.96
143.25 123.26
143.24 123.56
143.21 123.90
143.15 124.21
143.08 124.53
143.02 124.90
142.94 125.31
142.91 125.65
142.85 125.96
142.79 126.37
142.74 126.67
142.71 126.92
142.65 127.23
142.60 127.48
142.52 127.68
142.46 128.04
142.46 128.29
142.38 128.72
142.34 129.03
142.29 129.33
-1.00 -1.00
5 0
0 
 3
134.60 127.54
134.57 127.87
134.58 128.25
134.60 128.59
134.63 129.14
134.60 129.62
134.55 130.04
134.50 130.43
134.46 130.75
134.40 131.23
134.32 131.73
134.24 132.26
134.19 132.53
134.22 132.65
-1.00 -1.00
5 0
0 
 3
116.29 133.33
116.34 133.70
116.26 134.11
116.24 134.58
116.24 135.03
116.16 135.66
116.15 136.47
116.12 137.00
116.16 137.53
116.12 138.06
116.12 138.53
116.15 138.86
-1.00 -1.00
5 0
0 
 3
91.08 134.50
91.06 134.66
91.05 134.83
91.02 135.06
91.05 135.44
91.08 135.89
91.16 136.50
91.17 137.02
91.23 137.42
91.23 137.81
91.22 138.25
91.25 138.81
91.25 139.16
91.30 139.42
91.30 139.58
-1.00 -1.00
5 0
0 
 3
69.37 130.89
69.35 131.08
69.35 131.25
69.37 131.50
69.40 131.75
69.44 132.25
69.49 132.56
69.52 133.05
69.58 133.40
69.57 133.70
69.54 133.95
69.58 134.42
69.60 134.76
69.60 135.09
69.63 135.34
69.72 135.61
-1.00 -1.00
5 0
0 
 3
57.76 124.56
57.71 124.70
57.66 124.85
57.65 125.04
57.68 125.28
57.66 125.50
57.72 125.87
57.77 126.20
57.79 126.39
57.79 126.65
57.85 126.92
57.91 127.15
57.94 127.36
57.99 127.68
58.00 127.84
-1.00 -1.00
5 0
0 
 3
55.77 120.82
55.77 121.15
55.81 121.40
55.89 121.70
55.94 122.04
55.94 122.31
56.06 122.74
56.09 123.01
56.12 123.43
56.15 123.73
56.22 124.03
56.25 124.35
56.34 124.76
56.42 125.10
56.48 125.37
56.51 125.68
56.57 125.93
56.67 126.21
56.67 126.39
56.68 126.59
56.71 126.73
-1.00 -1.00
5 0
0 
 3
116.26 131.11
116.20 131.54
116.20 131.92
116.20 132.31
116.21 132.70
116.18 133.05
116.21 133.33
116.20 133.47
116.30 133.39
116.52 133.48
117.16 133.66
117.94 133.70
118.48 133.62
119.04 133.70
119.46 133.69
120.21 133.59
121.00 133.59
121.74 133.51
122.52 133.45
123.20 133.37
124.06 133.14
124.90 132.92
125.54 132.84
126.08 132.72
126.86 132.61
127.35 132.40
128.02 132.30
128.75 132.05
129.34 131.95
129.84 131.65
130.35 131.48
130.95 131.09
131.55 130.81
132.13 130.48
132.70 130.14
133.31 129.73
133.62 129.50
133.94 129.22
134.27 128.86
134.50 128.61
134.61 128.48
134.68 128.23
134.74 127.72
134.74 127.54
135.00 127.42
135.33 127.42
135.55 127.39
136.37 127.17
136.77 127.06
137.44 126.86
137.88 126.70
138.28 126.56
138.79 126.37
139.14 126.20
139.38 126.09
139.66 125.95
140.22 125.71
140.74 125.46
141.06 125.23
141.34 125.06
141.67 124.78
142.00 124.46
142.21 124.28
142.48 124.03
142.59 123.93
142.94 123.48
143.13 123.21
143.19 122.99
143.30 122.79
143.35 122.62
143.32 122.38
143.30 122.15
143.27 121.78
143.22 121.40
143.18 121.01
143.15 120.79
143.16 120.65
143.21 120.40
143.21 120.12
143.25 119.82
143.27 119.38
143.25 119.12
143.53 118.96
143.63 118.82
143.72 118.71
143.83 118.46
143.94 118.18
143.97 117.98
143.99 117.79
143.99 117.59
143.97 117.32
143.95 116.94
143.95 116.57
143.94 116.26
143.94 116.07
143.91 115.88
143.91 115.74
-1.00 -1.00
5 0
0 
 3
55.64 118.09
55.70 118.23
55.70 118.37
55.74 118.77
55.81 119.16
55.84 119.52
55.86 119.88
55.86 120.15
55.88 120.34
55.88 120.67
55.86 120.82
55.88 121.02
55.91 121.23
55.97 121.38
56.11 121.62
56.19 121.74
56.33 121.96
56.50 122.18
56.67 122.38
56.81 122.54
57.01 122.73
57.21 122.87
57.35 122.93
57.58 123.06
57.72 123.12
57.80 123.32
57.83 123.45
57.83 123.65
57.80 123.85
57.80 124.09
57.80 124.32
57.80 124.56
57.80 124.71
57.82 124.87
57.90 125.12
58.04 125.46
58.22 125.75
58.60 126.25
58.73 126.50
59.12 126.95
59.43 127.21
59.98 127.73
60.37 128.03
61.02 128.51
61.25 128.65
61.86 129.01
62.37 129.26
62.96 129.48
63.49 129.68
64.28 129.97
64.87 130.14
65.51 130.23
66.02 130.31
66.51 130.40
66.88 130.47
67.19 130.48
67.75 130.50
68.26 130.53
68.70 130.53
69.10 130.50
69.30 130.50
69.41 130.58
69.47 130.79
69.52 130.92
69.54 131.04
69.65 131.11
70.05 131.34
70.39 131.59
70.61 131.75
70.81 131.94
71.36 132.28
71.99 132.58
72.51 132.86
73.31 133.19
74.25 133.53
74.70 133.70
75.44 133.95
76.16 134.09
77.03 134.22
77.68 134.42
78.54 134.59
79.31 134.80
80.21 134.98
80.81 135.05
81.61 135.23
82.30 135.25
82.98 135.28
83.71 135.28
84.21 135.33
84.74 135.41
85.50 135.47
86.32 135.44
86.76 135.39
87.35 135.42
88.17 135.37
88.55 135.34
88.90 135.25
89.43 135.28
89.91 135.22
90.36 135.17
90.72 135.08
91.11 134.97
91.28 134.92
91.41 134.87
91.39 134.50
91.37 134.28
91.36 133.84
91.36 133.55
91.36 133.08
91.34 132.70
91.34 132.45
91.33 132.31
91.31 132.15
91.17 132.15
90.94 132.15
-1.00 -1.00
5 0
0 
 3
134.38 132.39
134.52 132.40
134.85 132.42
135.34 132.36
135.69 132.34
136.06 132.28
136.54 132.22
136.87 132.11
137.29 131.94
137.61 131.83
138.00 131.72
138.34 131.59
138.79 131.40
139.23 131.31
139.76 131.20
139.90 131.09
140.04 130.95
140.16 130.84
140.53 130.62
140.78 130.40
141.11 130.15
141.33 129.93
141.54 129.70
141.72 129.40
141.92 129.09
142.09 128.84
142.28 128.53
142.40 128.31
142.46 128.11
-1.00 -1.00
5 0
0 
 3
116.29 138.34
116.46 138.36
116.71 138.55
117.08 138.69
117.33 138.80
117.59 138.91
118.37 139.05
118.73 139.06
119.26 139.03
119.72 139.00
120.30 139.05
120.75 139.10
121.37 139.06
121.81 139.05
122.21 138.95
122.69 138.89
123.17 138.80
123.75 138.72
124.26 138.69
124.73 138.69
125.44 138.63
125.78 138.52
126.13 138.36
126.59 138.22
127.14 138.00
127.63 137.78
128.21 137.61
128.77 137.34
129.41 137.14
129.86 136.89
130.37 136.63
130.93 136.34
131.32 136.13
131.82 135.78
132.19 135.55
132.69 135.00
132.95 134.67
133.34 134.28
133.56 134.06
133.80 133.81
133.93 133.66
134.04 133.51
-1.00 -1.00
5 0
0 
 3
69.99 136.41
70.19 136.52
70.48 136.75
70.62 136.92
71.06 137.33
71.43 137.58
72.19 138.06
72.71 138.36
73.20 138.56
73.78 138.77
74.43 139.06
75.09 139.35
75.83 139.61
76.42 139.81
77.04 139.95
78.09 140.17
78.97 140.33
79.42 140.47
80.25 140.64
81.22 140.78
82.25 140.91
83.01 141.03
83.70 141.00
84.58 140.94
85.33 140.88
85.97 140.80
86.46 140.72
86.98 140.66
87.78 140.58
88.23 140.47
88.81 140.39
89.10 140.30
89.62 140.16
90.15 139.99
90.67 139.78
90.89 139.69
91.09 139.56
91.33 139.38
-1.00 -1.00
5 0
0 
 3
58.21 129.17
58.22 129.40
58.28 129.53
58.44 129.93
58.60 130.34
59.09 131.34
59.48 131.87
59.79 132.28
60.29 132.84
60.76 133.26
61.39 133.80
61.70 134.03
62.19 134.30
62.76 134.66
63.18 134.86
63.69 135.08
64.36 135.28
64.81 135.37
65.54 135.48
66.23 135.58
66.83 135.59
67.08 135.59
67.24 135.61
67.58 135.61
68.00 135.56
68.56 135.56
68.78 135.56
69.04 135.56
69.33 135.55
69.51 135.52
69.93 135.45
-1.00 -1.00
5 0
0 
 3
58.02 127.81
57.86 127.72
57.68 127.67
57.51 127.57
57.32 127.46
57.17 127.36
57.06 127.25
56.96 127.03
56.85 126.90
56.73 126.65
56.65 126.45
-1.00 -1.00
5 0
0 
 3
142.51 128.18
142.21 128.86
141.96 129.73
141.76 130.75
141.28 131.86
140.80 132.80
140.39 133.69
140.07 134.58
139.56 135.64
139.09 136.31
138.70 136.84
138.41 137.41
138.06 137.95
137.60 138.66
137.21 139.17
136.82 139.74
136.45 140.30
135.97 140.94
135.23 141.66
134.74 142.30
134.15 142.88
133.35 143.68
132.79 144.19
131.92 144.91
131.38 145.30
130.84 145.61
130.23 145.93
129.28 146.41
128.46 146.93
127.76 147.18
127.07 147.43
-1.00 -1.00
5 0
0 
 3
134.46 132.26
134.18 132.90
133.91 133.89
133.80 134.70
133.62 135.59
133.49 136.23
133.26 137.08
133.12 137.70
132.78 138.49
132.44 139.24
132.06 139.94
131.61 140.72
131.24 141.35
130.77 142.08
130.26 142.83
129.78 143.57
129.41 144.28
129.03 144.83
128.43 145.57
127.77 146.24
127.11 147.04
126.52 147.83
126.03 148.24
125.40 148.85
124.68 149.54
124.11 150.02
122.96 150.79
122.19 151.24
121.70 151.63
120.50 152.41
119.85 152.85
119.18 153.16
117.98 153.76
117.25 154.10
116.37 154.26
115.20 154.45
114.44 154.49
113.12 154.35
112.45 154.40
111.61 154.43
110.46 154.26
-1.00 -1.00
5 0
0 
 3
91.27 139.60
91.36 140.60
91.51 141.24
91.56 142.30
91.72 143.82
91.95 144.68
91.98 145.50
92.09 146.41
92.26 147.41
92.32 148.15
92.54 149.15
92.77 149.91
92.99 150.76
93.21 151.43
93.60 152.23
94.03 152.90
94.68 153.76
95.14 154.23
95.91 154.76
96.72 155.09
97.39 155.38
98.13 155.73
98.96 156.10
99.61 156.23
100.70 156.31
101.62 156.37
102.75 156.45
103.92 156.38
104.60 156.35
105.70 156.16
106.34 155.93
106.95 155.73
107.54 155.41
108.19 155.20
109.14 154.80
109.90 154.41
110.55 153.96
111.07 153.55
111.58 153.12
112.39 152.35
112.96 151.69
113.49 151.18
114.10 150.33
114.58 149.41
114.94 148.61
115.12 147.99
115.34 147.15
115.46 146.30
115.76 145.21
115.90 144.24
116.02 143.11
116.06 142.46
116.10 141.81
116.16 140.99
116.20 140.06
116.27 139.14
116.26 138.42
-1.00 -1.00
5 0
0 
 3
69.72 135.61
69.72 136.36
69.93 137.09
70.28 138.16
70.56 138.86
70.94 139.78
71.15 140.71
71.46 141.50
71.68 142.19
72.07 142.97
72.40 143.68
72.68 144.24
73.08 145.00
73.59 145.74
73.98 146.40
74.57 147.15
75.07 147.72
75.96 148.80
76.44 149.29
76.90 149.71
77.60 150.30
78.33 150.99
79.44 151.73
80.35 152.32
81.44 152.94
82.16 153.37
83.04 153.77
83.73 154.01
84.44 154.20
85.19 154.43
85.92 154.74
86.51 155.01
87.12 155.20
88.11 155.35
88.92 155.49
89.59 155.62
90.35 155.77
90.99 155.76
92.21 155.62
92.97 155.45
93.64 155.27
94.50 155.02
95.06 154.74
95.63 154.45
-1.00 -1.00
5 0
0 
 3
58.04 127.90
58.13 128.53
58.27 129.31
58.47 130.08
58.91 131.11
59.19 131.90
59.39 132.78
59.67 133.61
60.09 134.51
60.35 135.28
-1.00 -1.00
5 0
0 
 3
56.67 126.65
56.89 127.32
57.13 128.15
57.44 129.00
57.71 130.01
58.16 131.09
58.39 131.72
58.81 132.72
59.20 133.48
59.57 134.47
60.06 135.42
60.63 136.47
61.11 137.49
61.49 138.05
62.01 138.84
62.43 139.38
62.85 139.94
63.57 140.97
63.96 141.50
64.53 142.33
65.23 143.28
65.81 143.88
66.43 144.43
67.02 145.04
67.61 145.66
68.64 146.54
69.12 146.97
70.03 147.68
70.67 148.10
71.36 148.57
71.98 149.07
72.91 149.60
73.58 149.97
74.70 150.47
75.69 150.90
76.56 151.13
77.23 151.32
78.07 151.46
78.92 151.63
79.59 151.66
-1.00 -1.00
5 0
0 
 3
141.76 109.80
141.20 108.10
140.77 106.83
140.21 105.36
139.68 104.11
138.84 102.58
138.06 101.19
137.24 99.61
136.68 98.48
135.86 97.06
134.99 95.62
134.08 94.36
133.31 93.37
132.48 92.39
131.40 90.87
130.48 89.64
129.38 88.24
128.37 87.03
127.39 85.99
126.27 84.87
124.88 83.40
123.55 82.15
122.47 81.02
121.20 79.66
120.27 78.57
119.06 77.22
117.80 76.07
116.54 74.94
115.39 73.71
114.21 72.58
113.13 71.66
111.69 70.50
110.57 69.52
-1.00 -1.00
5 0
0 
 3
133.35 117.51
133.03 116.16
132.56 114.83
132.14 113.35
131.68 111.94
131.19 110.49
130.76 109.27
130.32 108.02
129.95 106.74
129.39 105.36
128.80 104.10
128.24 102.89
127.62 101.22
127.01 99.97
126.22 98.44
125.46 96.89
124.73 95.48
123.98 94.06
123.07 92.48
122.12 91.12
121.39 90.06
120.59 88.82
119.77 87.73
119.01 86.60
118.20 85.38
117.31 84.15
116.63 82.79
115.57 81.45
114.84 80.32
114.14 79.21
113.30 78.13
112.50 76.88
111.63 75.66
110.93 74.49
110.30 73.29
109.45 72.08
108.50 70.91
-1.00 -1.00
5 0
0 
 3
102.67 71.27
103.12 72.91
103.61 74.60
104.10 75.96
104.71 78.07
105.27 79.88
105.78 81.93
106.28 83.71
106.87 85.37
107.24 87.15
107.62 88.40
108.14 90.42
108.78 92.54
109.36 94.51
109.90 96.36
110.44 98.00
110.79 99.75
111.13 101.19
111.28 102.81
111.77 104.47
112.09 105.82
112.39 107.16
113.01 109.05
113.29 111.16
113.77 113.15
114.14 114.40
114.42 116.09
114.56 117.52
114.81 119.10
114.95 120.52
115.08 122.03
-1.00 -1.00
5 0
0 
 3
96.46 71.57
96.36 72.85
96.16 74.10
95.88 76.11
95.55 77.57
95.37 79.33
95.14 81.13
94.95 82.40
94.76 83.66
94.58 85.06
94.36 86.42
94.14 87.79
94.02 89.81
93.80 91.39
93.41 93.51
93.18 94.94
92.96 96.64
92.83 98.25
92.70 99.95
92.56 102.09
92.34 103.45
92.26 105.08
92.18 106.35
91.96 108.18
91.78 109.96
91.72 111.94
91.59 114.24
91.59 115.65
91.59 117.01
91.45 118.34
91.39 119.66
91.16 121.21
91.19 122.70
-1.00 -1.00
5 0
0 
 3
91.30 71.00
90.53 72.25
89.74 73.86
88.81 75.43
87.99 76.76
87.19 78.10
86.45 79.38
85.86 80.49
85.09 81.90
84.32 83.20
83.56 84.48
82.92 85.57
82.22 87.12
81.52 88.67
80.82 90.14
80.00 91.64
79.22 93.22
78.54 94.42
78.02 96.03
77.49 97.36
77.06 98.64
76.50 100.02
75.92 101.33
75.38 102.75
74.84 104.33
74.09 105.82
73.45 107.63
73.03 109.10
72.57 110.68
72.09 112.16
71.65 113.60
71.34 114.98
71.15 116.29
70.86 117.52
70.47 118.96
70.17 120.24
-1.00 -1.00
5 0
0 
 3
88.16 69.80
87.18 70.88
86.28 71.77
85.31 72.83
84.40 73.89
83.40 75.11
82.27 76.32
81.26 77.49
80.17 78.85
79.24 80.05
78.10 81.30
77.09 82.63
76.08 83.87
75.12 85.10
73.90 86.78
73.05 87.89
72.07 89.20
71.08 90.45
70.28 91.54
69.55 92.76
68.62 94.11
67.61 95.44
66.74 96.67
66.02 98.06
65.22 99.42
64.53 100.53
63.85 101.95
63.01 103.83
62.54 105.00
61.63 106.71
60.93 108.19
60.54 109.39
60.01 110.71
59.56 112.01
59.25 113.38
-1.00 -1.00
5 0
0 
 3
106.79 64.72
106.19 64.81
105.74 64.77
105.30 64.63
104.93 64.44
104.55 64.05
104.26 64.25
103.85 64.38
103.31 64.41
102.77 64.34
102.30 64.31
101.90 64.22
101.41 64.11
101.01 64.02
100.68 64.17
100.22 64.28
99.50 64.33
99.07 64.33
98.59 64.27
98.09 64.25
97.68 64.22
97.33 64.14
97.03 63.84
96.74 64.00
96.32 64.16
95.54 64.33
94.79 64.30
94.17 64.36
93.60 64.36
93.36 64.13
92.99 64.58
92.65 64.75
92.00 64.88
91.50 64.89
91.17 64.91
91.00 65.28
91.25 65.56
-1.00 -1.00
5 0
0 
 3
91.09 64.95
91.03 65.31
91.25 65.59
91.59 65.72
92.07 65.94
92.62 66.11
93.08 66.27
93.39 66.33
93.69 66.19
93.91 66.47
94.25 66.58
94.67 66.64
95.10 66.74
95.62 66.83
96.05 66.89
96.43 66.92
96.89 66.88
97.19 66.74
97.56 66.83
97.96 66.86
98.40 66.89
98.90 66.88
99.44 66.85
99.86 66.85
100.34 66.78
100.81 66.74
101.26 66.58
101.97 66.50
102.58 66.47
103.05 66.39
103.70 66.38
104.13 66.31
104.51 66.27
104.86 66.19
105.18 65.94
105.78 65.88
106.42 65.88
106.92 65.83
107.27 65.63
107.41 65.25
-1.00 -1.00
5 0
0 
 3
110.97 69.69
107.17 65.69
-1.00 -1.00
5 0
0 
 3
108.05 70.41
105.18 65.74
-1.00 -1.00
5 0
0 
 3
102.74 71.14
101.41 66.55
-1.00 -1.00
5 0
0 
 3
96.63 71.50
97.31 66.86
-1.00 -1.00
5 0
0 
 3
93.71 66.33
91.22 70.74
-1.00 -1.00
5 0
0 
 3
88.08 69.91
91.39 65.56
-1.00 -1.00
5 0
0 
 3
87.49 69.19
88.08 69.82
91.23 70.77
96.50 71.50
102.75 71.25
107.77 70.35
111.33 69.28
-1.00 -1.00
5 0
0 
 3
106.85 64.63
110.85 68.92
-1.00 -1.00
5 0
0 
 3
91.00 65.13
87.52 69.19
-1.00 -1.00
5 0
0 
 3
59.19 113.32
59.08 114.16
-1.00 -1.00
5 0
0 
 3
115.42 122.68
116.38 122.53
117.64 122.34
118.39 122.18
119.12 121.98
120.19 121.79
121.15 121.60
122.35 121.46
123.07 121.31
124.06 121.07
124.82 120.90
125.61 120.60
126.58 120.40
127.57 120.10
128.54 119.81
129.39 119.60
130.01 119.40
130.90 119.18
131.47 118.90
132.34 118.57
133.07 118.21
133.49 117.59
134.22 117.54
134.80 117.24
135.53 116.90
136.23 116.62
136.98 116.21
138.02 115.58
138.64 115.19
139.52 114.66
140.08 114.29
140.75 113.76
141.51 113.02
142.01 112.41
142.38 111.83
142.26 111.08
142.07 110.46
141.86 109.85
142.28 109.38
142.52 108.79
142.73 108.02
142.63 107.33
142.49 106.71
-1.00 -1.00
5 0
0 
 3
59.01 114.16
59.50 114.65
60.38 115.51
60.94 115.94
61.89 116.55
62.79 117.07
63.54 117.59
64.45 118.01
65.17 118.32
65.85 118.66
66.58 118.91
67.63 119.23
68.22 119.46
69.07 119.71
70.03 119.81
70.59 120.15
71.34 120.38
71.99 120.59
72.65 120.71
73.81 120.98
74.67 121.18
76.03 121.40
76.75 121.49
77.76 121.68
78.54 121.88
79.17 122.01
80.25 122.28
81.18 122.40
81.99 122.46
82.95 122.74
83.63 122.81
84.95 123.06
86.06 123.09
87.27 123.26
88.23 123.35
89.17 123.49
89.87 123.49
90.69 123.54
91.39 123.45
-1.00 -1.00
5 0
0 
 3
56.96 109.35
57.07 110.11
57.27 111.11
57.55 111.69
57.91 112.30
58.41 112.82
59.08 113.22
-1.00 -1.00
5 0
0 
 3
111.24 69.13
114.63 71.80
115.65 72.79
119.09 75.54
126.52 82.43
129.81 85.76
130.91 87.20
132.11 88.43
134.05 91.06
135.09 92.29
135.95 93.68
136.70 94.73
137.69 96.37
138.69 97.78
139.56 99.47
141.40 103.72
142.28 106.52
142.57 107.75
-1.00 -1.00
5 0
0 
 3
87.49 69.19
86.57 70.21
85.47 71.08
78.41 77.94
76.42 80.13
74.22 82.21
73.33 83.16
72.32 84.12
69.43 87.32
65.76 92.07
65.11 93.15
64.27 94.18
61.33 98.89
60.63 100.20
58.73 104.27
58.22 105.64
57.88 106.97
57.27 108.21
56.85 109.39
-1.00 -1.00
5 0
0 
 -1
