gremlinfile
1 124.00 4.00
3
173.45 87.47
173.19 86.29
173.15 85.61
173.21 84.68
173.21 84.18
-1.00 -1.00
5 0
0 
 5
128.00 8.00
132.00 4.00
147.51 5.71
-1.00 -1.00
6 0
0 
 5
128.00 69.21
136.00 64.00
148.40 64.52
-1.00 -1.00
5 0
0 
 3
169.38 50.38
168.38 42.65
-1.00 -1.00
5 0
0 
 3
168.44 49.76
169.11 50.45
169.59 50.92
170.08 51.26
170.72 51.29
171.23 51.12
171.67 50.46
171.92 49.69
172.02 48.84
171.78 47.97
171.29 46.90
170.78 46.55
169.86 46.25
169.19 46.16
168.66 46.21
-1.00 -1.00
5 0
0 
 3
163.98 46.58
164.24 47.33
164.75 48.47
165.23 48.76
165.95 48.47
166.34 47.80
166.46 46.60
166.43 45.51
166.18 44.66
-1.00 -1.00
5 0
0 
 3
172.00 56.46
172.77 56.66
173.32 56.58
174.00 56.35
174.72 55.84
175.32 55.07
175.54 53.96
175.51 53.00
175.33 51.75
175.04 50.58
174.54 49.39
173.98 48.17
173.54 47.43
173.01 46.53
172.47 45.85
171.86 45.06
171.54 44.67
171.22 44.30
-1.00 -1.00
5 0
0 
 3
164.33 53.92
163.85 53.38
163.44 52.95
162.83 52.10
162.10 51.02
161.52 50.11
160.90 49.10
160.41 48.17
160.03 47.35
159.65 46.30
159.46 45.20
159.35 43.93
159.46 42.75
159.85 41.62
160.27 41.13
160.99 40.72
161.67 40.63
162.14 40.57
-1.00 -1.00
5 0
0 
 3
164.42 52.38
163.75 43.18
-1.00 -1.00
5 0
0 
 3
178.06 47.79
171.85 44.23
-1.00 -1.00
5 0
0 
 3
178.45 47.36
178.99 58.82
-1.00 -1.00
5 0
0 
 3
172.35 56.50
178.78 59.75
-1.00 -1.00
5 0
0 
 3
156.94 37.74
162.83 40.96
-1.00 -1.00
5 0
0 
 3
157.23 49.62
164.36 54.02
-1.00 -1.00
5 0
0 
 3
157.17 49.88
157.07 38.03
-1.00 -1.00
5 0
0 
 3
148.15 66.27
179.70 79.48
-1.00 -1.00
5 0
0 
 3
145.71 67.37
176.96 80.01
-1.00 -1.00
5 0
0 
 3
143.79 68.07
174.51 80.71
-1.00 -1.00
5 0
0 
 3
139.99 69.15
173.36 81.89
-1.00 -1.00
5 0
0 
 3
137.41 69.42
172.42 83.19
-1.00 -1.00
5 0
0 
 3
132.87 69.42
172.11 84.43
-1.00 -1.00
5 0
0 
 3
131.34 69.46
131.94 69.54
132.54 69.70
133.53 69.86
134.61 69.79
136.05 69.62
137.48 69.42
138.92 69.22
140.21 68.94
141.25 68.68
142.25 68.31
143.31 67.76
144.24 67.43
145.12 67.04
145.76 66.60
146.34 66.19
146.73 65.90
-1.00 -1.00
5 0
0 
 3
172.88 85.29
172.98 84.72
173.14 84.23
173.62 83.31
174.11 82.51
174.84 81.77
175.94 81.14
176.66 80.81
177.82 80.44
178.62 80.40
179.66 80.30
180.88 80.02
181.48 79.97
182.22 79.94
-1.00 -1.00
5 0
0 
 3
184.90 81.38
184.97 28.24
-1.00 -1.00
5 0
0 
 3
148.46 6.06
186.47 30.47
-1.00 -1.00
5 0
0 
 3
148.40 64.52
147.51 5.71
-1.00 -1.00
5 0
0 
 3
148.46 64.41
184.18 82.11
-1.00 -1.00
5 0
0 
 3
128.00 69.21
173.91 87.64
-1.00 -1.00
5 0
0 
 3
127.89 70.03
128.99 6.66
-1.00 -1.00
5 0
0 
 -1
