gremlinfile
0 8.00 4.00
3
32.09 103.36
31.52 103.93
31.78 104.40
31.93 105.03
32.35 105.45
32.66 105.92
32.92 106.39
33.44 106.44
34.01 106.39
34.48 106.86
34.90 107.38
35.47 107.43
35.99 107.33
36.56 107.06
37.39 107.06
37.75 107.64
38.27 108.16
38.85 108.63
38.74 109.20
38.90 109.99
39.42 110.20
40.09 110.46
40.51 111.13
41.29 111.13
41.96 110.98
42.59 110.98
43.11 111.19
43.78 111.50
44.25 111.92
44.41 112.44
44.46 112.96
45.19 112.91
46.07 112.49
46.80 112.49
47.06 113.07
47.79 113.54
48.46 113.22
48.77 114.11
49.66 114.27
50.54 114.21
51.16 114.16
51.79 113.95
52.31 114.01
52.72 114.48
53.30 114.06
53.76 113.80
54.28 113.64
54.80 113.43
55.48 113.48
55.95 113.22
56.52 113.69
57.51 114.16
58.02 113.90
58.60 113.69
59.12 113.64
59.27 114.21
59.84 114.37
60.42 114.48
61.46 114.89
62.60 114.74
63.12 114.53
63.85 114.32
64.68 114.32
65.46 114.42
66.08 114.42
66.13 113.59
66.65 113.17
66.86 113.69
67.64 113.69
68.52 113.54
69.20 113.69
69.98 113.85
70.71 113.54
71.38 113.12
71.95 112.91
73.15 112.54
73.88 112.39
74.81 112.28
75.96 111.87
76.94 111.60
77.62 111.40
78.76 110.87
79.23 110.61
79.85 110.25
80.17 109.78
80.58 109.15
81.10 108.94
81.93 108.47
81.36 108.00
80.53 108.00
81.15 107.69
82.04 107.43
82.71 107.17
83.34 106.80
83.91 106.54
84.84 105.97
85.31 105.66
85.83 105.39
86.51 104.98
86.97 104.45
87.18 103.67
87.44 103.10
87.96 102.52
88.53 102.26
89.37 101.90
89.99 101.69
90.82 101.27
91.55 100.96
91.13 100.59
90.25 100.54
89.37 100.54
88.69 100.59
87.96 100.64
87.13 100.75
86.56 100.80
85.73 100.80
85.16 100.80
84.43 100.23
84.01 99.60
83.60 98.82
83.08 98.09
82.51 97.62
81.78 97.88
81.26 97.72
80.69 97.67
79.96 97.46
79.28 97.30
78.61 97.20
77.78 97.10
77.20 96.78
76.48 96.10
75.90 95.58
75.38 95.53
74.66 95.79
73.88 96.73
73.25 97.36
72.79 97.62
72.11 98.09
71.59 98.19
71.38 98.82
70.50 98.97
69.51 98.71
68.78 98.71
68.21 98.04
67.64 98.51
66.96 98.97
66.44 99.03
66.13 99.55
65.98 100.28
65.93 101.17
65.61 101.74
65.30 102.21
64.52 102.37
63.74 102.68
63.17 102.73
62.55 102.89
62.03 103.05
61.09 103.25
60.42 103.41
59.58 103.46
58.60 103.15
57.61 103.05
56.93 103.10
55.89 103.41
55.17 103.46
54.59 103.72
53.66 103.93
52.83 103.93
51.53 103.62
50.75 103.67
49.92 103.57
49.29 103.20
48.51 103.20
47.94 103.36
47.37 103.31
46.80 103.15
46.28 103.10
45.65 103.41
44.82 102.84
43.99 102.11
43.37 101.74
42.69 101.58
41.96 101.95
41.39 102.47
40.61 103.05
40.04 103.36
39.26 103.62
38.17 103.72
37.49 103.78
36.98 103.67
36.14 103.20
35.62 102.84
34.84 102.73
33.96 102.78
33.44 102.84
32.77 102.89
32.19 103.36
31.41 103.72
31.62 104.25
-1.00 -1.00
5 0
0 
 3
63.12 108.42
63.33 109.10
63.59 109.62
63.95 110.14
64.47 110.87
65.04 111.66
65.67 111.92
66.13 112.39
66.39 112.86
-1.00 -1.00
5 0
0 
 3
59.32 109.10
59.27 110.25
59.90 111.34
60.00 111.92
60.42 112.54
-1.00 -1.00
5 0
0 
 3
55.48 110.20
55.17 111.08
55.11 111.71
54.02 112.60
53.87 113.22
53.81 112.34
-1.00 -1.00
5 0
0 
 3
50.18 109.93
49.66 110.56
49.35 111.40
48.51 111.97
47.32 112.23
46.80 112.28
45.71 112.18
-1.00 -1.00
5 0
0 
 3
38.79 108.63
40.04 108.94
40.82 108.94
41.96 108.26
42.80 108.21
43.89 107.48
44.36 106.75
-1.00 -1.00
5 0
0 
 3
71.49 106.28
72.79 107.59
73.67 107.85
74.86 107.95
76.01 108.32
77.36 108.53
78.50 107.95
79.39 108.00
80.17 108.06
-1.00 -1.00
5 0
0 
 3
75.64 101.69
76.89 101.53
77.83 100.75
79.13 100.33
80.06 99.03
81.41 98.40
82.14 98.19
-1.00 -1.00
5 0
0 
 3
45.50 103.10
45.29 103.93
44.56 104.77
43.73 105.29
-1.00 -1.00
5 0
0 
 3
49.71 106.02
48.10 106.91
-1.00 -1.00
5 0
0 
 3
55.32 103.62
55.27 104.72
55.32 105.92
55.63 107.48
-1.00 -1.00
5 0
0 
 3
57.97 103.78
58.13 105.81
58.60 107.53
58.75 108.26
-1.00 -1.00
5 0
0 
 3
65.56 104.35
67.59 104.92
68.52 105.19
69.82 105.29
-1.00 -1.00
5 0
0 
 3
71.02 99.03
72.01 99.24
73.46 99.91
75.18 100.85
76.37 100.59
-1.00 -1.00
5 0
0 
 3
33.70 81.13
34.22 81.07
34.84 81.13
35.36 81.18
35.78 81.54
36.40 81.96
36.98 82.48
37.75 83.11
38.33 83.68
38.85 84.15
39.31 84.47
39.89 84.67
40.77 85.09
41.39 85.41
41.96 85.61
42.85 85.77
43.37 85.88
43.94 85.93
44.72 85.93
45.45 85.93
46.07 85.93
46.69 85.93
47.42 85.82
48.05 85.72
48.67 85.67
49.29 85.67
50.18 85.61
51.01 85.72
51.74 85.93
52.31 86.29
52.98 86.66
53.50 86.92
54.28 87.34
54.85 87.55
55.53 87.75
56.15 87.81
57.30 88.01
58.39 88.07
59.12 88.12
60.00 88.12
60.88 88.12
61.72 88.07
62.91 87.86
63.95 87.44
65.09 86.87
66.03 86.29
66.55 85.98
67.12 85.67
67.64 85.20
66.91 85.67
66.24 85.82
65.56 86.03
64.68 86.29
64.00 86.55
63.33 86.71
62.75 86.76
61.92 86.87
61.25 86.87
60.31 86.87
59.64 86.87
58.96 86.81
58.44 86.61
57.92 86.45
57.30 86.40
56.62 86.34
55.58 86.14
54.96 86.03
54.28 85.72
53.40 85.51
52.72 85.25
52.20 85.04
51.53 84.73
50.49 84.52
49.66 84.52
48.83 84.52
48.05 84.57
47.01 84.73
46.38 84.78
45.86 84.83
45.19 84.94
44.25 84.99
43.58 84.99
42.95 84.83
42.17 84.62
41.29 84.31
40.72 84.21
40.15 84.21
39.52 83.74
38.90 83.21
38.48 82.80
37.91 82.22
37.34 81.75
36.56 81.23
35.94 80.86
35.47 80.60
34.79 80.34
34.27 80.24
34.48 80.76
-1.00 -1.00
5 0
0 
 3
87.39 103.93
88.17 103.83
88.85 103.57
89.68 103.15
90.15 102.78
90.67 102.26
91.13 101.90
91.91 101.43
92.69 100.85
93.42 100.44
93.99 100.28
94.67 100.49
94.88 101.01
94.93 101.53
94.82 102.47
95.19 102.05
95.45 101.32
95.55 100.44
95.55 99.71
94.93 99.34
94.20 99.29
93.68 99.44
92.85 99.55
92.12 99.81
91.24 100.33
90.30 101.17
88.95 101.79
88.22 101.90
-1.00 -1.00
5 0
0 
 3
92.64 99.44
93.00 98.77
93.26 98.04
93.58 97.30
93.84 96.78
94.15 96.26
94.51 96.99
94.56 97.88
-1.00 -1.00
5 0
0 
 3
94.77 95.58
94.98 96.10
94.98 96.89
95.03 97.51
-1.00 -1.00
5 0
0 
 3
95.14 94.75
95.50 95.48
-1.00 -1.00
5 0
0 
 3
91.70 95.69
92.38 95.90
93.16 95.58
93.58 94.80
93.84 94.07
94.20 93.60
94.72 93.81
95.29 94.02
95.76 94.28
95.81 94.90
-1.00 -1.00
5 0
0 
 3
81.15 95.11
81.73 94.90
82.35 94.64
83.28 94.38
84.17 94.28
85.26 94.38
86.46 94.85
87.39 95.37
88.27 95.84
89.11 96.52
89.73 97.30
-1.00 -1.00
5 0
0 
 3
85.16 95.90
85.99 96.05
86.66 96.42
87.49 97.04
88.22 97.62
88.74 98.19
89.37 98.82
-1.00 -1.00
5 0
0 
 3
91.96 95.53
92.38 95.06
92.69 94.49
92.95 93.91
93.47 93.39
93.99 92.92
94.41 92.24
94.88 91.72
95.24 91.15
95.81 90.42
96.38 90.00
96.85 89.48
97.27 88.95
97.84 88.17
98.36 88.12
98.51 88.64
-1.00 -1.00
5 0
0 
 3
93.37 87.34
93.89 87.23
94.62 87.08
95.24 86.92
96.33 86.76
97.58 86.71
98.25 86.45
98.72 87.18
98.67 88.01
98.62 88.95
-1.00 -1.00
5 0
0 
 3
85.78 85.82
86.61 85.51
87.23 85.30
88.07 84.94
89.11 84.57
89.83 84.31
91.08 83.94
92.02 83.79
93.26 83.47
94.56 83.21
95.81 83.06
96.59 83.37
96.90 83.94
97.11 84.99
97.11 85.98
97.11 86.66
-1.00 -1.00
5 0
0 
 3
94.93 81.33
95.50 81.28
96.12 81.28
96.85 81.33
97.11 82.07
96.90 82.69
95.91 83.16
-1.00 -1.00
5 0
0 
 3
89.00 81.86
89.83 81.86
90.93 81.80
91.81 81.75
93.00 81.60
94.20 81.39
95.55 81.13
96.69 80.71
97.58 80.34
98.31 79.98
98.83 79.56
99.14 78.88
99.19 78.36
99.19 77.68
98.67 76.64
-1.00 -1.00
5 0
0 
 3
93.68 80.13
94.41 79.98
95.24 79.77
96.17 79.56
97.01 79.35
97.53 78.93
97.84 78.15
97.99 77.52
98.10 76.85
98.62 76.74
-1.00 -1.00
5 0
0 
 3
96.69 79.09
97.37 78.36
97.58 77.84
97.79 77.11
97.84 76.32
97.73 75.75
97.42 75.28
96.69 75.18
96.17 75.28
96.49 74.60
96.49 74.03
96.38 73.30
96.07 72.72
95.60 71.99
95.34 71.42
95.24 70.79
95.60 70.06
96.02 69.44
96.28 68.97
96.54 68.34
96.95 67.56
97.32 66.62
97.63 65.63
97.89 65.00
98.05 64.06
98.25 63.43
98.41 62.65
98.67 61.76
98.98 61.08
99.24 60.51
99.60 59.83
99.86 59.15
99.97 58.37
100.12 57.33
100.18 56.49
99.97 55.97
99.55 55.55
-1.00 -1.00
5 0
0 
 3
97.73 59.26
97.94 58.74
98.15 57.95
98.51 57.12
98.98 55.76
99.35 54.51
99.55 53.46
99.71 52.53
99.81 51.90
99.86 51.38
100.02 50.12
100.07 49.19
99.81 48.35
99.60 47.72
99.35 47.15
-1.00 -1.00
5 0
0 
 3
96.80 58.58
97.06 58.11
97.37 57.17
97.58 56.39
97.84 55.71
98.05 55.08
98.36 54.14
98.51 53.36
98.72 52.37
98.88 51.59
99.09 50.75
99.09 49.76
99.03 49.19
-1.00 -1.00
5 0
0 
 3
98.31 54.14
97.89 53.78
97.79 53.26
97.79 52.37
97.94 51.48
98.15 50.65
98.46 49.66
98.62 49.03
98.77 48.51
98.88 47.99
98.93 47.46
98.93 46.73
98.83 45.90
98.88 44.91
99.24 44.38
99.76 43.60
100.23 42.82
100.54 42.09
101.01 41.67
101.32 40.94
101.74 40.05
102.00 39.17
102.52 37.91
102.83 37.08
103.04 36.19
103.19 35.56
103.40 34.68
103.56 34.05
103.71 33.42
103.92 32.80
104.07 32.12
104.23 31.44
104.39 30.76
104.39 29.51
104.39 28.47
104.44 27.84
104.54 26.80
104.59 25.96
104.59 25.33
104.65 24.40
104.75 23.82
104.91 22.83
105.01 22.10
105.22 21.47
105.48 20.69
105.79 20.22
106.05 19.59
106.05 19.02
105.43 18.92
105.01 19.70
104.75 20.27
104.65 21.06
104.54 22.10
104.23 23.14
103.92 24.29
103.61 25.44
103.24 26.48
102.98 27.37
102.83 28.05
102.52 28.94
102.36 29.72
102.15 30.45
101.89 31.18
101.37 32.43
100.96 33.32
100.49 34.00
99.97 34.83
99.29 35.67
98.57 36.50
-1.00 -1.00
5 0
0 
 3
102.10 29.77
102.05 29.04
102.05 28.15
102.15 27.32
102.36 26.38
102.72 25.49
102.98 24.86
103.24 23.93
103.61 22.78
103.92 21.89
104.13 21.21
104.28 20.12
104.70 19.02
105.11 18.03
105.37 17.19
105.53 16.41
105.58 15.47
105.58 14.48
105.53 13.85
105.48 13.28
-1.00 -1.00
5 0
0 
 3
102.72 21.42
103.19 20.38
103.66 19.38
104.18 18.18
104.59 17.04
104.65 16.25
104.70 15.58
104.75 14.69
104.80 13.70
105.01 13.07
-1.00 -1.00
5 0
0 
 3
102.52 21.58
102.20 20.90
102.57 20.12
102.98 19.18
103.40 18.39
103.82 17.45
104.28 16.10
104.59 15.16
104.85 13.85
105.06 13.07
105.27 12.13
105.43 11.03
105.48 9.99
105.43 9.26
105.22 8.63
104.96 7.69
104.54 6.86
104.23 6.39
103.76 5.92
103.14 5.61
102.36 5.29
101.42 5.29
-1.00 -1.00
5 0
0 
 3
95.86 22.05
96.33 21.73
96.69 20.64
97.16 18.97
98.15 17.77
98.41 16.51
98.57 14.74
99.09 13.59
98.98 11.45
99.50 10.72
99.66 9.52
99.66 8.37
99.81 7.64
100.54 6.86
101.22 5.71
-1.00 -1.00
5 0
0 
 3
95.39 20.74
95.86 19.33
96.75 18.03
96.75 16.72
97.11 15.68
97.01 14.32
97.01 12.81
97.01 12.13
97.06 10.83
97.53 9.94
97.99 9.42
98.41 8.79
99.09 8.53
-1.00 -1.00
5 0
0 
 3
92.74 21.68
93.58 21.06
93.94 19.44
94.20 18.18
94.77 16.57
94.72 14.90
95.03 13.38
94.88 11.40
95.29 10.15
96.07 9.26
96.69 8.79
97.42 8.95
97.94 9.00
-1.00 -1.00
5 0
0 
 3
90.15 21.32
90.93 20.06
91.65 18.24
92.07 16.51
92.17 15.42
92.28 14.22
92.33 13.38
92.38 12.55
92.48 11.71
92.69 10.41
92.95 9.52
93.68 8.37
93.89 8.89
93.89 9.78
93.84 11.30
93.84 12.13
94.41 11.45
94.98 10.56
95.39 10.04
96.23 9.26
-1.00 -1.00
5 0
0 
 3
86.40 21.79
87.08 21.16
87.91 20.01
88.38 19.18
88.69 18.34
89.00 17.30
89.37 15.78
89.57 14.53
89.68 13.33
89.89 12.03
90.15 11.14
90.61 9.94
91.24 9.31
91.29 10.10
91.24 11.45
91.91 11.71
92.48 11.71
-1.00 -1.00
5 0
0 
 3
80.89 24.13
81.73 23.61
82.66 22.78
84.01 21.47
85.21 19.80
86.40 18.24
87.08 16.83
87.49 15.26
87.86 13.64
87.91 12.29
87.96 11.24
88.07 10.10
88.64 10.62
88.69 11.61
88.85 12.39
89.42 12.34
89.94 11.87
-1.00 -1.00
5 0
0 
 3
79.96 23.40
80.32 22.78
81.10 21.79
81.83 20.59
82.56 19.23
83.23 17.45
83.65 15.58
84.01 14.01
84.43 12.50
85.16 11.09
85.62 10.72
85.94 11.71
85.88 13.33
86.14 12.34
86.66 11.77
87.03 12.70
87.39 11.71
87.81 12.23
-1.00 -1.00
5 0
0 
 3
83.96 13.07
83.13 12.65
82.45 11.92
81.88 10.41
81.83 8.84
82.14 7.69
82.66 6.96
-1.00 -1.00
5 0
0 
 3
82.71 13.70
81.88 12.70
81.31 11.45
81.10 9.78
81.41 8.32
82.25 7.33
-1.00 -1.00
5 0
0 
 3
81.73 15.05
81.05 14.58
80.32 13.54
79.44 11.14
79.28 9.78
79.80 8.63
80.53 8.01
-1.00 -1.00
5 0
0 
 3
82.35 14.32
81.47 13.70
80.69 12.18
80.32 10.77
80.27 9.63
80.37 8.63
-1.00 -1.00
5 0
0 
 3
80.48 14.79
79.91 14.64
79.39 13.75
78.76 12.60
78.19 10.56
78.19 9.36
78.35 8.27
78.82 7.12
79.28 6.34
79.80 5.61
-1.00 -1.00
5 0
0 
 3
78.30 16.15
77.98 15.00
77.67 13.07
77.36 9.83
78.14 8.06
78.50 7.07
-1.00 -1.00
5 0
0 
 3
70.19 36.92
70.50 35.04
71.33 32.22
71.64 30.34
71.85 27.53
72.63 25.49
73.77 24.19
75.02 22.93
75.80 21.47
76.74 19.80
77.31 18.03
77.36 16.41
76.84 15.05
75.90 12.29
75.75 10.10
76.27 7.43
-1.00 -1.00
5 0
0 
 3
62.86 37.70
63.64 36.24
64.21 34.73
64.89 33.27
65.46 31.39
65.72 29.20
66.55 28.10
67.48 25.86
67.95 23.82
68.00 21.99
67.64 20.38
66.96 18.71
66.29 17.71
65.67 16.10
64.11 14.64
-1.00 -1.00
5 0
0 
 3
68.26 18.45
67.64 17.40
66.50 16.36
65.56 15.21
65.56 13.54
-1.00 -1.00
5 0
0 
 3
68.63 17.45
67.80 16.62
67.64 14.22
69.04 12.34
69.93 10.72
70.60 9.78
71.17 8.27
-1.00 -1.00
5 0
0 
 3
70.39 17.04
70.39 15.37
70.81 13.59
71.12 12.97
71.59 11.97
72.01 10.72
72.42 9.57
72.84 8.48
73.15 7.59
73.46 6.55
-1.00 -1.00
5 0
0 
 3
74.09 21.32
74.19 19.75
74.66 18.65
75.02 17.87
75.59 16.51
75.85 15.05
75.70 13.28
75.33 12.60
74.97 11.97
74.61 11.30
74.55 9.83
74.71 7.90
75.12 6.76
-1.00 -1.00
5 0
0 
 3
54.02 36.97
54.39 36.03
54.80 33.84
55.58 31.60
56.31 29.09
57.09 26.95
57.35 25.75
57.71 24.29
57.77 22.83
58.02 21.47
58.34 19.96
58.49 18.34
58.02 15.94
57.77 15.16
57.82 14.53
-1.00 -1.00
5 0
0 
 3
54.33 11.19
54.28 12.76
54.28 14.58
54.75 16.20
55.32 16.31
-1.00 -1.00
5 0
0 
 3
57.14 16.72
57.25 16.15
57.45 15.58
57.66 15.05
-1.00 -1.00
5 0
0 
 3
58.08 14.64
59.53 13.12
60.42 12.70
61.20 12.65
61.92 13.28
62.34 14.69
62.39 16.04
62.44 16.62
-1.00 -1.00
5 0
0 
 3
54.33 11.30
54.13 10.67
53.66 10.30
53.14 10.10
52.62 10.04
51.94 10.51
51.63 10.98
51.32 11.56
51.06 12.29
50.80 12.91
50.44 13.49
50.07 13.90
49.71 14.32
-1.00 -1.00
5 0
0 
 3
51.58 12.91
51.48 13.54
51.27 14.48
51.11 15.37
50.90 16.72
-1.00 -1.00
5 0
0 
 3
52.57 14.11
52.36 14.84
52.26 15.37
52.00 16.04
51.89 17.09
51.79 18.08
-1.00 -1.00
5 0
0 
 3
53.50 11.50
53.50 12.44
53.35 13.64
53.14 14.48
52.93 15.68
52.83 16.67
52.62 17.45
-1.00 -1.00
5 0
0 
 3
37.70 12.97
37.70 13.80
37.70 15.05
38.22 16.67
39.37 18.13
40.67 19.75
42.07 21.37
42.69 22.57
43.26 24.71
43.26 26.43
43.58 28.31
44.62 29.09
45.34 29.67
45.86 30.55
46.07 31.44
46.12 32.59
46.07 34.21
45.65 35.30
-1.00 -1.00
5 0
0 
 3
43.26 10.30
42.69 10.30
42.02 10.93
41.91 11.61
41.81 13.38
42.02 14.95
42.69 16.67
43.68 17.92
44.72 19.02
45.60 20.17
46.28 22.15
46.38 24.19
46.28 26.95
46.69 28.73
47.58 30.14
48.20 31.44
48.46 32.38
48.51 34.15
48.31 35.72
-1.00 -1.00
5 0
0 
 3
45.29 17.56
45.24 16.36
45.24 14.74
45.50 12.70
46.17 10.72
46.80 10.30
47.53 10.98
47.84 12.34
48.31 13.96
48.77 15.26
-1.00 -1.00
5 0
0 
 3
37.91 12.39
38.69 13.02
39.37 14.22
40.15 14.58
40.98 12.97
41.65 11.24
42.43 10.10
43.06 10.20
-1.00 -1.00
5 0
0 
 3
33.39 102.58
32.77 102.11
32.04 101.85
31.26 101.74
30.58 101.74
30.01 102.05
29.39 102.84
29.28 103.62
29.44 104.30
29.91 104.98
-1.00 -1.00
5 0
0 
 3
29.33 105.24
28.81 105.19
28.30 104.82
27.83 104.35
27.52 103.83
27.31 103.20
27.52 102.42
27.93 101.85
28.66 101.22
29.44 100.70
30.01 100.49
31.26 100.70
31.78 101.01
-1.00 -1.00
5 0
0 
 3
30.48 100.44
29.96 100.23
-1.00 -1.00
5 0
0 
 3
29.02 99.29
28.56 98.92
28.09 98.45
27.78 97.93
27.41 97.20
27.41 96.57
27.36 95.90
27.31 94.96
27.20 93.81
27.05 92.92
26.48 92.35
25.96 92.19
25.18 91.82
24.55 91.56
23.72 91.04
23.05 90.42
22.27 89.74
21.80 89.22
21.38 88.48
20.60 88.33
19.93 88.12
18.89 87.55
18.21 86.92
17.64 86.34
17.17 85.98
16.81 85.56
16.65 84.94
16.60 83.94
16.03 83.32
15.46 82.80
14.83 82.53
14.21 82.33
13.53 82.43
13.33 83.00
-1.00 -1.00
5 0
0 
 3
19.46 81.86
19.20 82.48
18.68 82.69
18.00 82.69
17.28 82.38
16.55 81.91
15.56 81.44
14.78 81.23
14.16 81.23
13.53 81.60
13.17 82.64
13.33 83.42
-1.00 -1.00
5 0
0 
 3
19.41 82.69
19.46 81.60
19.46 80.55
19.51 79.56
19.41 79.04
18.63 78.46
18.16 77.84
17.69 77.37
16.81 76.69
16.03 76.22
15.09 75.70
14.31 75.33
13.48 74.92
12.91 74.50
12.29 73.98
11.77 73.30
11.30 72.62
10.73 72.15
-1.00 -1.00
5 0
0 
 3
15.04 73.61
14.37 73.61
13.48 73.45
12.65 73.09
11.72 72.67
10.83 72.20
10.26 71.84
-1.00 -1.00
5 0
0 
 3
15.25 72.62
15.20 72.04
14.57 71.63
14.11 72.04
13.38 71.99
13.33 71.42
-1.00 -1.00
5 0
0 
 3
14.94 70.48
14.11 70.53
13.59 70.43
13.12 69.96
13.22 69.33
13.90 68.91
14.63 68.86
15.20 68.86
-1.00 -1.00
5 0
0 
 3
15.77 69.02
15.30 68.65
14.78 68.08
14.37 67.14
14.26 66.20
14.21 64.95
14.42 64.22
14.94 63.75
15.87 63.49
15.51 62.75
15.46 61.82
15.41 60.82
15.67 59.68
15.82 58.74
15.98 57.95
15.35 57.95
14.94 58.37
14.37 58.11
14.37 57.54
14.94 56.39
15.87 55.24
16.55 54.93
17.12 54.61
16.70 53.62
16.50 52.79
16.44 51.95
16.50 51.01
16.76 50.44
17.22 49.97
17.90 49.86
18.21 50.54
18.42 51.22
19.41 50.80
19.82 51.33
20.08 52.16
20.50 53.15
20.76 53.62
20.86 52.94
20.81 52.16
20.81 51.33
20.81 50.28
20.50 49.24
20.08 48.72
19.30 47.72
18.58 46.73
18.16 46.37
17.64 45.95
18.47 46.00
19.04 46.26
19.67 46.89
20.24 47.78
20.65 48.40
20.97 47.83
20.97 46.84
20.86 46.11
20.45 45.06
20.03 43.91
19.56 43.18
19.15 42.45
18.63 41.88
19.20 41.98
19.88 42.71
20.29 43.50
20.65 44.64
21.12 45.64
21.28 46.26
21.64 46.99
-1.00 -1.00
5 0
0 
 3
23.10 50.23
23.46 51.01
23.88 51.85
24.40 52.79
24.97 53.83
25.33 54.56
-1.00 -1.00
5 0
0 
 3
22.68 48.25
22.84 47.25
22.84 46.11
22.84 45.01
22.73 43.65
22.63 42.71
22.37 41.98
22.01 41.36
21.49 40.52
20.81 39.58
20.34 38.90
-1.00 -1.00
5 0
0 
 3
18.99 36.92
19.46 37.55
19.98 38.43
20.60 39.58
-1.00 -1.00
5 0
0 
 3
18.63 35.62
19.25 36.14
19.72 36.61
20.50 37.60
21.17 38.75
21.69 39.74
22.27 40.89
22.79 41.98
23.25 43.13
23.57 43.97
23.88 44.75
24.14 45.69
24.60 47.05
-1.00 -1.00
5 0
0 
 3
20.86 34.89
21.38 35.15
21.90 35.67
22.42 36.76
22.99 38.02
23.31 39.69
23.67 41.67
24.03 43.81
24.29 45.27
24.40 46.26
24.81 47.83
-1.00 -1.00
5 0
0 
 3
22.27 35.04
22.79 35.46
23.25 35.82
-1.00 -1.00
5 0
0 
 3
23.51 36.35
23.98 36.87
24.50 37.60
25.18 39.06
26.01 41.46
26.68 43.44
-1.00 -1.00
5 0
0 
 3
23.77 35.77
23.62 35.20
23.25 33.95
22.73 32.01
22.47 30.14
22.27 28.94
22.21 28.00
22.73 28.62
23.36 30.34
23.77 31.91
24.14 33.06
24.50 34.31
25.02 35.62
25.23 36.24
-1.00 -1.00
5 0
0 
 3
24.50 31.75
24.19 30.81
23.67 29.56
22.89 27.94
22.11 25.96
21.33 24.24
20.91 23.51
20.45 22.41
20.14 21.06
19.93 19.38
19.93 18.55
20.03 17.77
-1.00 -1.00
5 0
0 
 3
23.51 27.27
23.10 26.64
22.53 25.49
21.95 23.98
21.49 22.46
21.17 21.52
-1.00 -1.00
5 0
0 
 3
20.76 20.38
20.60 19.38
20.45 18.76
20.40 18.24
-1.00 -1.00
5 0
0 
 3
26.32 28.41
25.70 27.21
25.02 26.07
24.24 24.60
23.05 22.88
22.37 22.10
21.49 21.16
-1.00 -1.00
5 0
0 
 3
23.67 25.18
23.10 24.60
22.37 24.03
-1.00 -1.00
5 0
0 
 3
22.89 22.41
22.68 21.52
22.32 20.48
21.95 19.70
21.43 18.76
20.71 17.71
20.14 16.57
19.77 15.47
19.46 14.27
19.41 13.07
19.51 12.34
19.77 11.66
20.34 10.93
20.76 10.56
-1.00 -1.00
5 0
0 
 3
24.97 22.05
24.50 21.42
23.98 20.43
23.25 18.92
22.68 17.35
22.16 15.94
21.75 15.00
21.17 13.80
20.76 12.97
20.45 12.29
20.34 11.66
-1.00 -1.00
5 0
0 
 3
22.16 8.79
22.89 8.58
23.57 8.58
24.35 8.58
25.07 8.69
25.80 8.95
26.37 9.05
27.57 9.16
28.61 9.21
29.91 9.10
30.32 8.74
30.69 7.54
31.26 6.65
31.93 6.55
33.08 7.80
33.96 9.83
34.58 11.24
35.05 11.97
35.57 12.60
35.99 12.97
36.51 13.23
37.18 13.33
-1.00 -1.00
5 0
0 
 3
22.53 8.63
22.01 8.74
21.54 9.00
21.17 9.47
20.91 10.30
-1.00 -1.00
5 0
0 
 3
22.68 10.67
23.20 11.14
23.67 11.45
24.45 11.92
25.70 13.38
26.79 15.00
28.14 17.56
29.33 18.65
30.43 21.47
30.95 23.30
32.51 24.24
33.65 25.44
34.38 27.11
-1.00 -1.00
5 0
0 
 3
27.78 11.87
28.14 12.81
28.87 14.32
29.54 15.58
30.74 16.72
31.88 18.08
32.66 20.90
33.49 23.09
34.69 24.03
35.99 25.18
-1.00 -1.00
5 0
0 
 3
30.69 10.56
31.05 11.30
31.78 13.07
32.82 14.58
33.96 17.14
35.26 18.86
35.78 20.90
36.61 23.14
37.96 23.98
39.31 26.38
-1.00 -1.00
5 0
0 
 3
38.22 20.64
39.21 21.73
39.83 23.30
41.18 25.39
42.28 28.05
43.47 30.81
44.15 32.59
45.14 34.83
-1.00 -1.00
5 0
0 
 3
51.63 19.91
51.63 20.48
51.74 22.62
51.94 24.66
51.89 27.00
52.31 29.14
52.46 31.75
52.00 34.47
52.05 37.39
51.53 39.37
50.70 40.57
-1.00 -1.00
5 0
0 
 3
62.49 19.54
62.55 20.43
62.29 22.78
61.87 25.75
61.51 28.05
60.16 29.98
59.22 32.59
59.38 34.89
59.48 37.29
59.53 37.81
-1.00 -1.00
5 0
0 
 3
18.84 61.50
19.77 62.13
20.86 63.90
22.53 66.10
23.67 67.50
24.66 69.07
25.38 71.05
25.85 72.67
-1.00 -1.00
5 0
0 
 3
23.20 58.68
24.14 60.30
25.12 61.97
25.75 63.80
26.58 66.25
27.83 68.03
28.81 72.31
-1.00 -1.00
5 0
0 
 3
29.44 58.68
30.27 61.29
30.84 63.54
31.73 66.36
31.88 68.60
32.09 70.48
-1.00 -1.00
5 0
0 
 3
16.76 74.08
18.11 74.29
19.15 74.71
21.23 75.54
23.31 76.79
24.92 78.57
-1.00 -1.00
5 0
0 
 3
16.65 74.18
16.08 74.08
15.51 74.08
14.83 73.92
-1.00 -1.00
5 0
0 
 3
17.85 67.92
18.84 68.03
20.08 68.29
21.33 69.12
22.58 70.43
23.41 71.73
23.98 72.78
24.50 73.61
-1.00 -1.00
5 0
0 
 3
83.02 74.81
83.39 74.08
84.27 73.04
85.52 72.10
86.97 71.05
88.48 70.37
89.68 69.07
91.39 67.66
93.21 66.51
94.20 65.89
94.82 65.78
-1.00 -1.00
5 0
0 
 3
84.95 74.76
86.46 73.51
87.86 72.15
89.21 71.05
90.51 69.59
91.65 68.13
93.11 66.98
94.20 66.20
95.08 65.63
95.81 65.47
-1.00 -1.00
5 0
0 
 3
89.52 73.45
90.35 72.46
90.82 71.47
91.55 69.90
92.22 68.70
93.52 67.66
95.03 66.83
-1.00 -1.00
5 0
0 
 3
84.69 78.05
85.94 77.84
87.65 77.42
89.89 76.06
91.24 74.71
92.38 73.35
93.06 71.94
93.84 70.43
94.67 69.44
-1.00 -1.00
5 0
0 
 3
80.32 42.51
80.53 41.30
80.58 39.48
80.79 37.65
81.26 35.67
81.83 33.42
83.75 31.65
85.68 30.03
87.49 28.15
88.85 26.54
-1.00 -1.00
5 0
0 
 3
83.39 40.99
83.49 38.70
83.96 36.45
84.95 33.63
86.77 32.12
88.79 30.61
90.61 29.14
-1.00 -1.00
5 0
0 
 3
86.61 43.60
87.49 41.67
88.64 39.84
90.04 38.54
91.29 37.23
92.33 35.51
93.32 33.06
93.99 31.18
94.82 29.51
-1.00 -1.00
5 0
0 
 3
67.95 51.43
68.89 50.59
69.72 48.82
70.81 47.20
72.27 45.38
73.05 44.02
73.20 42.51
73.51 40.52
73.88 38.75
74.40 36.76
75.02 34.21
-1.00 -1.00
5 0
0 
 3
63.33 50.70
64.26 49.86
65.20 48.66
65.77 46.73
66.13 44.85
66.81 43.71
66.91 42.09
67.02 41.10
-1.00 -1.00
5 0
0 
 3
60.47 40.47
60.31 42.92
60.57 45.48
60.05 47.78
60.05 50.28
60.57 52.42
60.57 54.46
61.14 55.87
-1.00 -1.00
5 0
0 
 3
54.54 56.86
53.76 55.34
52.52 52.94
51.68 50.59
51.16 47.99
51.27 45.06
52.20 44.23
52.67 42.71
-1.00 -1.00
5 0
0 
 3
47.53 54.98
46.54 53.67
44.41 52.37
42.59 51.01
41.18 48.77
39.00 45.79
37.23 45.38
35.42 43.71
-1.00 -1.00
5 0
0 
 3
41.96 43.13
40.77 40.89
39.78 38.90
38.38 37.65
36.82 36.92
35.47 34.89
34.43 32.75
-1.00 -1.00
5 0
0 
 3
41.08 62.39
41.13 61.87
40.56 60.09
39.83 58.95
39.11 57.74
37.34 55.03
36.04 53.62
35.05 52.89
34.06 51.85
32.87 49.97
32.19 49.03
31.93 48.56
-1.00 -1.00
5 0
0 
 3
78.14 62.91
78.61 62.44
80.69 60.04
81.83 57.90
82.45 55.81
82.97 54.30
-1.00 -1.00
5 0
0 
 3
79.28 67.24
80.43 66.46
81.47 65.31
82.30 63.33
83.13 60.82
84.12 58.53
85.31 56.86
86.04 56.07
-1.00 -1.00
5 0
0 
 3
87.08 63.75
88.43 63.64
89.57 63.12
91.24 62.08
92.59 60.62
93.06 59.62
93.37 58.74
-1.00 -1.00
5 0
0 
 3
88.64 66.15
89.00 65.63
90.30 64.27
92.22 61.92
93.26 59.26
93.58 58.27
-1.00 -1.00
5 0
0 
 3
82.71 54.51
82.56 55.87
82.14 57.22
81.52 58.58
80.69 59.57
79.75 60.82
78.45 61.92
77.52 62.60
-1.00 -1.00
5 0
0 
 3
67.69 61.24
68.47 59.78
69.30 57.85
70.45 55.50
71.64 53.26
72.32 52.32
71.80 54.20
71.38 55.97
71.07 57.69
70.65 59.52
70.29 61.35
69.93 62.60
69.67 63.33
-1.00 -1.00
5 0
0 
 3
57.92 82.64
57.77 81.39
58.23 79.51
58.80 78.46
58.70 79.19
58.23 81.23
58.34 82.12
-1.00 -1.00
5 0
0 
 3
59.95 82.69
60.21 81.70
60.78 80.29
60.68 78.52
60.94 77.68
-1.00 -1.00
5 0
0 
 3
62.81 80.55
62.81 79.93
62.86 78.88
62.75 77.79
62.70 76.69
62.86 75.59
-1.00 -1.00
5 0
0 
 3
64.57 82.07
65.61 80.60
66.34 79.35
67.02 78.10
66.96 77.05
-1.00 -1.00
5 0
0 
 3
68.78 81.60
69.36 80.76
69.82 80.24
70.29 79.61
70.55 78.52
70.76 77.21
70.71 76.27
-1.00 -1.00
5 0
0 
 3
53.14 81.07
53.04 80.19
52.72 78.41
52.15 76.95
51.63 75.70
51.42 74.92
-1.00 -1.00
5 0
0 
 3
47.16 82.22
46.59 81.07
46.38 79.93
46.12 78.41
45.71 77.21
45.60 76.12
45.55 75.18
-1.00 -1.00
5 0
0 
 3
39.47 80.40
39.47 79.46
39.63 78.46
39.37 77.00
39.31 75.49
38.90 73.98
38.01 72.36
-1.00 -1.00
5 0
0 
 3
35.94 78.57
35.47 77.99
34.01 77.05
32.77 76.53
32.09 75.07
-1.00 -1.00
5 0
0 
 3
31.36 83.27
30.37 84.10
29.13 84.36
27.62 84.47
26.94 84.21
-1.00 -1.00
5 0
0 
 3
51.42 70.27
52.83 69.59
54.02 68.86
55.58 66.72
56.47 64.16
57.19 61.66
57.40 60.56
57.82 62.49
57.87 63.85
57.71 65.10
57.04 66.83
55.95 68.60
-1.00 -1.00
5 0
0 
 3
45.14 66.93
44.72 65.21
43.84 62.81
43.58 59.73
44.36 59.05
45.34 62.08
45.97 64.01
46.54 65.63
46.95 66.46
-1.00 -1.00
5 0
0 
 3
58.34 71.37
59.12 70.84
60.26 69.70
61.51 67.92
62.65 65.00
63.38 63.07
63.48 64.74
63.27 67.40
62.86 69.80
61.09 71.57
60.05 73.14
-1.00 -1.00
5 0
0 
 3
73.51 76.17
74.92 75.33
75.70 74.50
76.79 73.45
78.19 71.52
79.39 69.70
79.75 69.07
79.02 71.63
77.83 73.61
76.48 74.71
74.81 76.12
74.35 76.95
-1.00 -1.00
5 0
0 
 3
77.41 85.67
78.45 87.08
80.32 87.34
82.45 86.76
84.74 84.94
87.03 82.90
87.75 81.96
87.34 82.59
86.04 85.14
84.95 87.08
82.51 89.22
79.85 89.06
78.87 88.22
-1.00 -1.00
5 0
0 
 3
58.49 100.28
58.49 100.44
58.44 100.54
58.44 100.70
58.44 100.96
58.44 101.17
58.44 101.27
58.44 101.38
58.49 101.53
58.60 101.69
58.65 101.74
58.80 101.90
59.01 102.00
59.17 102.11
59.32 102.21
59.58 102.31
59.74 102.37
59.84 102.37
60.21 102.37
60.31 102.37
60.52 102.31
60.68 102.21
61.04 102.05
61.09 101.90
61.25 101.79
61.35 101.58
61.46 101.38
61.56 101.01
61.61 100.85
61.61 100.59
61.61 100.38
61.61 100.07
61.56 99.91
61.51 99.81
61.30 99.65
61.25 99.55
61.14 99.34
60.94 99.24
60.83 99.13
60.52 98.97
60.42 98.97
60.26 98.97
60.05 98.92
59.84 98.92
59.69 98.92
59.58 98.97
59.38 99.13
59.27 99.18
59.12 99.24
58.96 99.39
58.80 99.60
58.70 99.76
58.60 100.12
58.49 100.38
58.44 100.59
58.44 100.80
58.44 101.01
58.44 101.11
58.49 101.38
58.54 101.43
-1.00 -1.00
5 0
0 
 3
60.05 102.78
60.16 102.78
60.31 102.78
60.47 102.78
60.62 102.78
60.88 102.78
61.04 102.73
61.20 102.73
61.46 102.52
61.61 102.42
61.66 102.37
61.92 102.16
62.13 101.90
62.34 101.69
62.49 101.43
62.70 101.06
62.75 100.75
62.86 100.28
62.91 99.86
62.91 99.65
62.91 99.03
62.91 98.56
62.81 98.24
62.70 98.04
62.44 97.72
62.29 97.62
62.03 97.36
61.82 97.20
61.56 97.10
61.25 96.94
61.04 96.89
60.73 96.73
60.52 96.68
60.26 96.63
60.16 96.63
60.05 96.63
60.05 96.73
60.05 96.78
59.95 96.78
59.84 96.78
59.74 96.78
59.69 96.83
59.53 96.83
59.38 96.89
59.01 96.99
58.75 97.20
58.60 97.36
58.28 97.67
58.08 97.88
57.92 98.14
57.71 98.51
57.66 98.87
57.61 99.29
57.56 99.71
57.56 100.23
57.56 100.70
57.66 101.06
57.71 101.27
57.82 101.53
57.97 101.69
58.08 101.85
58.34 102.00
58.60 102.21
58.86 102.31
59.12 102.47
59.38 102.58
59.58 102.68
59.90 102.73
60.10 102.73
60.31 102.73
60.36 102.78
-1.00 -1.00
5 0
0 
 3
53.71 102.84
53.87 102.84
53.97 102.84
54.18 102.73
54.23 102.68
54.49 102.58
54.54 102.52
54.80 102.42
54.91 102.37
55.06 102.31
55.27 102.16
55.43 102.11
55.58 101.95
55.69 101.85
55.89 101.69
56.00 101.53
56.21 101.27
56.26 101.11
56.36 100.85
56.36 100.33
56.41 100.18
56.41 99.81
56.41 99.60
56.36 99.34
56.31 99.08
56.10 98.77
56.00 98.56
55.79 98.35
55.63 98.19
55.43 97.93
55.27 97.83
55.06 97.62
54.91 97.51
54.65 97.41
54.54 97.36
54.49 97.30
54.39 97.30
54.13 97.20
53.92 97.04
53.81 97.04
53.35 96.99
53.14 96.99
52.93 96.94
52.83 96.94
52.52 96.94
52.20 96.94
51.94 96.99
51.68 97.25
51.32 97.46
51.11 97.72
50.75 98.45
50.64 98.66
50.64 98.71
50.59 98.97
50.49 99.29
50.49 99.55
50.44 100.28
50.38 100.33
50.38 100.54
50.49 100.70
50.54 100.85
50.64 101.01
50.75 101.11
50.75 101.38
50.90 101.53
51.11 101.69
51.16 101.74
51.22 101.85
51.37 102.00
51.53 102.21
51.89 102.47
52.10 102.52
52.20 102.58
52.46 102.68
52.72 102.73
52.93 102.78
53.19 102.78
53.35 102.78
53.71 102.84
53.87 102.84
54.02 102.89
-1.00 -1.00
5 0
0 
 3
53.61 102.31
53.76 102.31
54.07 102.31
54.13 102.37
54.49 102.37
54.75 102.21
54.85 102.16
55.01 102.00
55.17 101.85
55.32 101.69
55.48 101.43
55.63 101.11
55.63 100.75
55.63 100.44
55.58 100.18
55.48 99.97
55.32 99.71
55.22 99.44
54.85 99.18
54.59 99.08
54.28 99.08
54.07 99.08
53.76 99.08
53.50 99.08
53.35 99.13
53.14 99.34
52.93 99.55
52.78 99.91
52.62 100.18
52.46 100.54
52.46 101.01
52.52 101.22
52.57 101.43
52.72 101.74
52.93 102.05
53.14 102.21
53.35 102.26
53.61 102.37
53.97 102.37
54.18 102.37
-1.00 -1.00
5 0
0 
 3
48.98 103.57
48.25 102.68
48.15 102.31
47.94 101.85
47.84 101.58
47.73 101.11
47.58 100.44
47.58 100.12
47.58 99.55
47.79 98.35
48.10 97.93
48.10 97.88
48.20 97.83
48.25 97.77
48.36 97.67
48.57 97.30
48.72 97.10
49.35 96.52
49.45 96.47
49.60 96.42
49.66 96.37
49.81 96.26
49.92 96.26
50.28 96.05
50.38 96.05
50.44 96.00
50.70 96.00
50.85 95.95
51.01 95.90
51.27 95.84
51.63 95.84
51.94 95.84
52.26 95.84
52.83 95.84
53.40 96.00
53.56 96.16
54.02 96.52
54.18 96.73
54.65 97.25
54.80 97.41
-1.00 -1.00
5 0
0 
 3
64.83 100.23
64.78 99.97
64.78 99.81
64.73 99.44
64.73 98.97
64.47 98.45
64.21 98.04
63.95 97.62
63.64 97.30
63.33 96.94
63.07 96.63
62.70 96.37
62.29 96.10
61.87 95.84
61.46 95.63
61.09 95.58
60.88 95.53
60.52 95.48
60.31 95.43
60.05 95.43
59.79 95.43
59.22 95.43
58.91 95.43
58.65 95.43
58.28 95.63
57.97 95.90
57.77 96.10
57.56 96.37
57.35 96.68
57.30 96.78
57.14 97.10
57.04 97.46
57.04 97.67
57.04 97.83
57.04 98.24
57.04 98.51
57.14 98.77
57.19 98.87
57.30 99.13
57.35 99.18
-1.00 -1.00
5 0
0 
 3
35.99 91.09
35.16 90.99
34.64 90.73
33.91 90.31
33.28 90.15
32.14 89.68
31.05 89.16
30.37 88.69
29.85 88.28
29.39 87.96
28.71 87.44
27.98 86.97
27.41 86.66
27.00 86.19
27.36 87.02
27.98 88.01
28.45 88.43
29.02 88.85
29.65 89.48
30.22 90.05
31.00 90.62
31.78 91.15
32.40 91.56
33.28 92.24
34.12 93.03
34.74 93.76
35.16 94.17
-1.00 -1.00
5 0
0 
 -1
