gremlinfile
0 51.00 46.00
3
65.14 120.23
65.63 120.23
66.35 120.23
67.07 120.23
68.03 120.23
69.23 119.99
70.19 119.99
71.39 119.99
72.84 119.99
75.00 119.99
76.68 120.23
77.88 120.23
79.57 120.23
80.53 120.23
80.77 119.99
80.77 119.27
80.29 119.27
78.61 119.27
76.92 119.27
75.48 119.27
73.56 119.27
72.36 119.27
70.67 119.27
68.75 119.27
66.83 119.27
65.87 119.27
65.38 119.27
65.14 119.03
65.14 118.55
65.87 118.55
67.55 118.55
69.47 118.55
71.63 118.55
74.28 118.55
75.96 118.55
77.88 118.55
79.57 118.55
80.77 118.79
-1.00 -1.00
6 0
0 
 3
64.42 117.60
64.42 120.71
81.73 120.71
81.49 117.60
64.18 117.60
-1.00 -1.00
6 0
0 
 3
129.09 90.30
129.09 89.11
129.33 88.87
130.77 88.87
131.73 88.87
131.97 88.87
132.69 88.87
132.69 90.30
131.73 90.30
130.29 90.54
-1.00 -1.00
5 0
0 
 3
128.85 93.18
128.85 92.22
128.85 91.26
129.81 91.02
131.49 91.02
132.21 91.02
132.45 91.02
132.45 91.74
132.45 92.70
131.73 92.94
131.01 92.94
130.05 92.94
128.85 92.94
128.61 92.94
-1.00 -1.00
5 0
0 
 3
122.60 90.54
122.60 90.07
122.60 89.59
122.60 89.11
122.84 89.11
124.04 89.11
125.72 89.11
126.68 89.11
126.92 89.11
126.92 89.83
126.92 90.30
126.44 90.54
125.00 90.54
124.28 90.54
122.84 90.54
122.60 90.54
-1.00 -1.00
5 0
0 
 3
122.36 93.66
122.36 92.94
122.60 92.22
122.60 91.74
122.84 91.74
124.04 91.74
124.76 91.74
126.20 91.74
126.44 91.74
126.44 92.46
126.44 93.42
125.48 93.42
124.04 93.42
122.84 93.42
122.36 93.42
-1.00 -1.00
5 0
0 
 3
116.11 89.83
116.11 88.87
116.59 88.39
118.27 88.39
118.75 88.39
119.95 88.39
120.43 88.39
120.43 88.87
120.43 89.83
119.95 90.07
118.99 90.07
118.03 90.07
117.07 90.07
116.59 90.07
116.11 90.07
116.11 88.87
-1.00 -1.00
5 0
0 
 3
115.38 93.18
116.11 93.42
116.83 93.42
117.79 93.42
118.51 93.66
119.23 93.66
119.95 93.66
120.43 93.66
120.43 93.18
120.43 92.46
120.43 91.98
119.71 91.74
118.75 91.74
117.79 91.74
117.07 91.74
115.87 91.74
115.63 92.46
115.63 93.18
-1.00 -1.00
5 0
0 
 3
108.65 89.11
108.65 88.39
110.10 88.39
111.06 88.15
112.98 88.15
113.22 88.15
113.70 88.15
113.94 88.15
113.94 88.63
113.94 89.11
113.94 89.83
113.22 90.07
111.78 90.07
110.58 90.07
109.86 90.07
108.89 90.07
108.89 89.59
108.89 88.63
-1.00 -1.00
5 0
0 
 3
108.89 93.18
108.89 92.46
108.89 91.98
109.13 91.98
110.82 91.74
112.02 91.74
113.70 91.74
113.70 92.70
113.94 92.94
113.46 92.94
112.02 93.18
110.82 93.18
109.38 93.18
108.89 93.18
-1.00 -1.00
5 0
0 
 3
101.44 89.83
101.44 89.35
101.20 88.63
101.68 88.39
103.37 88.39
103.61 88.39
103.85 89.35
103.61 89.59
102.40 89.59
101.44 89.59
101.20 88.63
-1.00 -1.00
5 0
0 
 3
94.71 89.35
94.71 88.87
95.19 88.63
96.39 88.63
97.36 88.63
98.56 88.63
98.80 88.63
99.04 88.87
99.04 90.07
98.08 90.07
97.36 90.07
96.39 90.07
95.19 89.83
-1.00 -1.00
5 0
0 
 3
100.24 93.42
100.24 92.46
101.20 92.22
102.16 92.22
103.13 92.22
104.09 92.22
104.09 92.94
104.09 93.90
103.37 93.90
102.64 93.90
101.68 93.90
100.48 93.90
100.00 93.90
-1.00 -1.00
5 0
0 
 3
94.71 93.42
94.47 93.18
94.47 92.70
94.95 92.22
95.43 92.22
96.88 92.22
97.60 92.22
98.32 92.22
98.80 92.22
98.80 92.94
98.80 93.42
98.56 93.90
97.12 93.90
95.43 93.90
94.71 93.90
-1.00 -1.00
5 0
0 
 3
86.30 94.37
86.30 93.90
86.30 93.42
86.78 93.18
87.98 93.18
88.94 93.18
89.90 93.18
90.38 93.18
90.38 94.13
89.66 94.61
88.22 94.61
87.50 94.85
86.30 94.85
-1.00 -1.00
5 0
0 
 3
79.57 94.37
79.57 93.42
79.57 92.94
81.01 92.70
82.21 92.70
83.65 92.46
84.38 92.46
84.38 93.18
84.38 94.37
84.13 94.61
82.69 94.61
81.25 94.61
79.81 94.61
80.05 95.09
-1.00 -1.00
5 0
0 
 3
73.08 94.61
73.08 93.66
73.08 93.18
73.08 92.70
74.52 92.70
75.48 92.70
76.20 92.70
77.16 92.70
77.16 93.66
77.16 94.13
77.16 94.61
75.48 94.61
74.52 94.61
73.08 94.85
-1.00 -1.00
5 0
0 
 3
66.35 94.37
66.35 93.90
66.35 93.42
66.35 92.94
67.31 92.70
68.51 92.70
69.23 92.70
70.19 92.70
70.43 93.42
70.43 94.37
69.71 94.61
69.23 94.61
68.27 94.61
67.31 94.61
66.83 94.61
-1.00 -1.00
5 0
0 
 3
86.78 90.30
86.78 89.59
88.22 89.59
88.70 89.59
89.42 89.59
90.14 89.59
90.87 89.59
90.87 90.54
90.87 91.02
90.63 91.02
90.14 91.02
89.18 91.02
87.98 91.02
86.54 91.02
86.30 90.78
86.30 89.83
-1.00 -1.00
5 0
0 
 3
79.81 90.54
79.81 90.07
79.81 89.59
79.81 89.11
80.77 88.87
81.73 88.87
83.17 88.87
84.62 88.87
84.62 89.35
84.62 90.07
84.62 90.54
84.38 90.78
82.21 90.78
81.25 90.78
79.81 90.78
79.09 90.78
79.33 89.35
-1.00 -1.00
5 0
0 
 3
73.56 89.35
74.04 89.11
74.76 88.87
75.96 88.87
76.44 88.87
76.92 89.83
76.92 90.30
75.48 90.30
74.76 90.30
73.32 90.54
72.84 89.59
72.84 89.11
-1.00 -1.00
5 0
0 
 3
66.35 90.78
66.35 90.30
66.35 89.83
66.35 89.35
66.83 89.35
67.79 89.35
68.27 89.35
69.23 89.35
70.19 89.35
70.19 90.07
70.19 90.54
69.47 90.78
68.75 90.78
67.79 91.02
67.31 91.02
66.35 91.02
-1.00 -1.00
5 0
0 
 3
137.02 63.73
136.78 62.53
137.26 61.82
138.22 61.82
138.94 62.77
139.18 63.25
138.46 64.45
137.98 64.69
137.02 64.69
136.78 64.21
136.78 63.25
-1.00 -1.00
5 0
0 
 3
136.54 68.04
136.54 67.56
136.54 66.60
136.54 66.13
137.74 65.89
138.22 65.89
138.94 66.60
138.94 68.04
138.46 68.28
137.74 68.52
136.78 68.76
-1.00 -1.00
5 0
0 
 3
137.02 73.07
136.78 72.83
136.54 72.11
136.54 71.63
137.50 71.15
138.22 70.91
138.70 71.63
138.70 72.35
138.70 73.07
137.98 73.55
137.26 73.55
136.78 73.55
-1.00 -1.00
5 0
0 
 3
136.30 78.81
136.06 78.10
136.06 77.14
136.54 76.42
137.26 76.42
137.74 76.66
137.98 77.62
137.74 79.05
137.02 79.29
136.30 79.29
136.06 79.05
-1.00 -1.00
5 0
0 
 3
132.45 63.97
132.45 63.25
132.69 62.53
133.65 62.53
134.38 62.53
134.86 63.73
134.86 64.21
134.13 64.69
133.17 64.69
132.45 64.69
-1.00 -1.00
5 0
0 
 3
132.93 68.52
132.69 68.28
132.69 67.08
132.69 66.60
133.65 66.37
134.62 66.37
134.62 67.08
134.62 68.04
134.13 68.76
133.41 69.00
132.69 69.00
-1.00 -1.00
5 0
0 
 3
132.45 73.31
132.21 72.35
132.21 71.63
132.93 71.15
133.89 71.15
134.38 71.39
134.62 72.11
134.62 73.07
134.38 73.55
133.65 73.79
132.45 73.79
132.21 73.55
-1.00 -1.00
5 0
0 
 3
131.97 78.81
131.73 77.86
131.73 77.14
131.97 76.42
133.17 76.18
133.89 76.18
134.13 76.66
134.38 76.90
134.38 77.62
134.13 78.57
133.65 78.81
133.17 78.81
132.93 78.81
-1.00 -1.00
5 0
0 
 3
128.13 64.45
128.13 63.97
128.13 63.01
128.13 62.53
128.61 62.30
129.57 62.06
130.05 62.30
130.29 63.01
130.53 63.49
130.53 64.21
130.05 64.69
129.57 64.69
128.61 64.69
127.88 64.69
-1.00 -1.00
5 0
0 
 3
128.37 68.76
128.13 68.52
128.13 67.80
128.13 67.08
128.85 66.84
129.57 66.60
130.53 66.60
130.77 67.56
130.77 68.04
130.53 68.76
130.05 69.00
129.09 69.00
128.13 69.24
127.88 68.52
-1.00 -1.00
5 0
0 
 3
128.13 72.83
127.88 72.59
127.88 72.11
127.88 71.39
128.85 70.91
129.33 70.91
129.81 70.91
130.29 71.39
130.29 71.87
130.29 72.59
130.05 73.31
129.81 73.55
129.09 73.55
127.88 73.55
-1.00 -1.00
5 0
0 
 3
127.64 78.57
127.64 78.10
127.64 76.90
127.88 76.66
128.37 76.42
129.33 76.42
129.81 76.42
130.53 76.42
130.77 77.38
130.77 78.10
130.77 78.81
130.05 79.53
129.09 79.53
128.13 79.53
127.64 79.29
127.64 78.10
-1.00 -1.00
5 0
0 
 3
116.83 68.28
116.83 67.80
116.83 67.32
117.07 66.84
117.55 66.84
118.03 66.84
118.51 66.84
118.99 67.08
118.99 67.56
119.23 68.28
119.23 68.76
119.23 69.72
118.99 69.96
118.75 70.20
118.51 70.20
118.03 70.20
117.55 70.20
116.83 69.96
116.59 69.24
116.35 68.76
116.35 68.28
-1.00 -1.00
5 0
0 
 3
111.30 69.48
111.78 69.48
112.74 69.48
112.98 69.24
113.22 68.76
113.22 68.28
112.74 67.32
112.50 67.08
111.78 66.84
111.06 66.84
110.58 67.08
110.34 67.80
110.34 68.28
111.30 69.48
-1.00 -1.00
5 0
0 
 3
117.31 73.79
117.07 73.79
116.83 73.55
116.59 73.31
116.11 73.07
115.87 72.35
115.87 71.39
116.35 70.67
118.03 70.67
118.75 71.63
118.75 72.59
118.03 73.55
-1.00 -1.00
5 0
0 
 3
110.82 73.55
110.58 72.59
110.82 71.63
111.54 71.63
112.74 71.63
113.22 72.35
113.22 73.31
112.50 74.03
111.30 74.03
-1.00 -1.00
5 0
0 
 3
122.60 74.03
122.36 73.07
123.08 72.59
124.28 72.35
124.76 72.59
124.76 73.55
124.76 74.50
124.04 74.50
122.60 74.74
-1.00 -1.00
5 0
0 
 3
122.84 78.57
121.63 78.33
121.63 77.14
122.36 76.42
123.56 76.18
124.52 76.66
124.76 77.14
124.76 77.86
124.04 78.10
122.84 78.33
122.36 78.33
121.88 78.33
-1.00 -1.00
5 0
0 
 3
103.13 68.52
103.61 67.56
104.81 67.32
105.53 67.32
106.01 67.80
106.25 69.00
105.77 69.72
105.29 69.96
104.09 69.96
103.37 69.96
102.88 68.76
103.13 68.52
-1.00 -1.00
5 0
0 
 3
103.37 73.07
103.37 72.11
104.09 71.63
104.81 71.63
105.53 71.63
106.01 72.35
106.01 74.03
105.77 74.27
104.81 74.27
104.33 74.27
104.09 74.27
103.61 73.79
103.37 72.83
-1.00 -1.00
5 0
0 
 3
103.37 79.29
102.88 78.57
102.64 77.86
103.13 77.14
103.85 76.66
104.57 76.66
105.29 77.14
105.29 77.62
105.29 79.05
104.57 79.53
103.37 79.77
102.88 79.29
-1.00 -1.00
5 0
0 
 3
98.08 69.48
97.84 68.28
97.84 67.32
99.04 66.60
100.00 66.60
100.72 67.32
100.96 68.52
100.96 69.48
100.00 69.72
98.80 69.72
97.84 69.72
97.60 68.52
-1.00 -1.00
5 0
0 
 3
97.60 73.79
97.60 72.83
98.08 72.59
98.56 72.35
99.76 72.11
100.24 72.59
100.48 73.79
100.48 74.27
100.00 74.98
99.52 75.22
98.32 75.22
97.36 74.50
-1.00 -1.00
5 0
0 
 3
96.63 79.05
96.63 78.57
96.63 78.10
96.63 77.62
97.36 77.14
97.84 77.14
98.80 77.14
99.52 77.38
100.00 77.86
100.00 78.81
99.76 79.29
99.28 79.77
98.32 80.01
98.08 80.01
97.36 80.01
96.63 79.53
96.39 79.77
-1.00 -1.00
5 0
0 
 3
92.07 69.48
91.83 69.24
91.83 68.76
92.07 68.28
92.79 67.80
93.51 67.80
94.47 68.52
94.47 69.24
94.23 69.96
93.75 70.67
92.79 70.67
91.83 70.43
91.35 69.72
-1.00 -1.00
5 0
0 
 3
90.87 74.74
90.87 74.27
90.63 73.07
91.35 72.83
92.79 72.59
93.27 72.83
93.75 73.79
93.75 74.50
93.27 74.98
92.31 74.98
91.35 74.98
90.87 74.50
-1.00 -1.00
5 0
0 
 3
90.87 80.25
90.38 79.29
90.38 78.10
90.63 77.86
91.59 77.62
92.55 77.62
92.79 77.86
92.79 78.33
93.03 79.29
93.27 80.49
92.31 80.73
91.83 80.97
91.35 80.97
90.87 80.73
90.63 80.25
-1.00 -1.00
5 0
0 
 3
85.82 69.72
85.58 69.00
85.58 68.04
85.58 67.32
86.54 67.08
87.02 67.08
87.74 68.04
87.74 68.52
87.50 69.48
86.54 69.72
86.06 69.96
85.58 69.72
84.86 69.24
-1.00 -1.00
5 0
0 
 3
84.86 74.50
84.86 73.55
84.86 73.07
85.58 72.83
86.30 72.83
87.02 73.07
87.02 74.03
87.02 74.74
86.78 74.98
86.06 75.22
85.58 75.22
84.86 75.22
84.13 74.50
83.89 74.03
-1.00 -1.00
5 0
0 
 3
84.13 80.25
84.13 79.05
83.89 78.57
83.89 77.86
84.38 77.62
85.58 77.62
86.06 77.86
86.30 78.81
86.30 79.29
86.06 80.25
85.58 80.25
84.86 80.49
84.13 80.49
83.65 80.01
83.65 78.81
-1.00 -1.00
5 0
0 
 3
76.20 80.01
76.20 79.53
76.20 78.81
76.68 78.57
77.40 77.86
77.88 77.86
78.61 78.10
78.85 78.33
79.33 78.33
79.57 78.81
79.57 79.53
79.57 80.01
79.33 80.49
79.09 80.97
78.61 81.21
78.13 81.21
77.40 81.45
76.44 81.21
75.96 80.25
75.96 79.29
-1.00 -1.00
5 0
0 
 3
77.16 75.46
77.16 74.74
77.16 74.27
77.16 73.55
77.88 73.07
78.61 73.07
79.57 73.07
80.29 73.07
80.53 73.79
80.53 74.98
80.05 75.70
79.57 75.94
78.85 75.94
77.40 75.94
77.16 75.22
77.16 74.50
-1.00 -1.00
5 0
0 
 3
77.88 70.67
77.88 69.96
77.88 69.48
77.88 69.00
78.13 68.76
78.85 68.52
79.57 68.28
80.29 68.28
80.77 68.52
81.01 69.24
81.01 69.96
81.01 70.67
80.53 70.91
79.81 70.91
79.33 70.91
78.61 70.67
78.13 70.43
-1.00 -1.00
5 0
0 
 3
79.33 65.89
78.85 65.89
78.37 65.65
77.88 64.69
77.88 63.73
78.13 63.49
78.61 63.01
79.81 63.01
80.53 63.01
81.25 63.49
81.73 64.21
81.73 64.93
81.49 65.41
81.01 65.89
80.29 65.89
79.33 66.13
78.85 65.89
-1.00 -1.00
5 0
0 
 3
72.36 65.65
72.36 64.69
72.12 63.97
72.60 63.25
73.80 63.01
74.28 63.01
74.76 63.97
75.00 64.93
74.76 65.41
74.52 65.65
73.80 65.89
72.60 65.89
71.88 65.65
71.88 64.93
-1.00 -1.00
5 0
0 
 3
71.63 69.96
71.39 69.72
71.39 69.00
71.39 68.52
71.63 68.04
72.12 68.04
72.60 67.80
73.32 67.80
73.80 67.80
74.28 68.04
74.52 68.52
74.52 69.24
74.52 69.72
74.28 70.43
73.80 70.67
73.08 70.67
72.36 70.67
71.88 70.67
71.39 70.20
-1.00 -1.00
5 0
0 
 3
111.06 116.64
111.78 116.64
112.98 116.64
113.70 116.16
112.50 116.64
111.30 117.12
111.06 117.36
112.50 117.36
113.70 116.88
115.38 116.16
115.63 115.68
116.83 115.68
117.55 115.68
117.79 115.44
117.55 114.96
117.07 114.24
117.07 114.72
117.07 115.44
116.83 115.68
116.83 116.16
117.07 116.64
117.55 116.64
-1.00 -1.00
6 0
0 
 3
115.38 116.88
115.38 116.40
115.38 115.68
115.38 115.20
114.66 114.96
114.66 115.68
114.66 116.64
114.66 117.12
114.66 117.60
114.42 117.83
114.18 118.07
113.46 117.36
112.98 115.92
112.50 115.44
112.26 114.96
112.02 113.77
111.78 113.29
111.78 112.81
114.18 112.81
113.94 114.00
111.78 114.96
111.30 115.44
111.06 115.44
109.86 115.92
109.38 116.16
109.86 116.16
-1.00 -1.00
6 0
0 
 3
119.71 118.79
118.51 118.79
117.79 118.79
116.83 118.79
115.14 118.79
113.94 118.79
112.02 118.79
108.89 118.79
108.65 118.55
-1.00 -1.00
6 0
0 
 3
85.58 118.55
86.78 118.55
87.50 118.55
88.70 118.55
90.63 118.55
92.07 118.55
94.23 118.55
95.67 118.55
99.52 118.55
100.96 118.55
103.13 118.55
105.05 118.55
107.93 118.55
110.58 118.31
113.70 118.07
116.59 118.07
118.27 117.83
118.99 117.83
119.71 117.83
-1.00 -1.00
6 0
0 
 3
88.94 118.31
89.18 118.31
88.46 118.31
89.66 118.31
91.59 118.31
95.19 118.07
97.84 118.07
99.76 117.83
102.88 117.60
105.53 117.60
106.97 117.60
110.10 117.60
112.74 117.60
115.63 117.60
117.79 117.60
118.99 117.60
119.47 117.36
119.71 116.64
119.95 115.20
118.99 115.44
115.87 115.44
111.30 115.68
106.73 115.68
104.33 115.68
100.24 116.16
94.47 116.16
91.11 116.40
87.98 116.40
86.06 115.44
85.82 114.24
85.58 113.53
86.30 113.29
88.70 113.29
92.31 113.29
95.43 113.29
99.52 113.05
102.64 113.05
105.53 113.05
109.86 113.05
112.98 113.05
115.87 113.05
118.51 113.05
119.71 112.81
120.91 112.81
-1.00 -1.00
5 0
0 
 3
85.10 118.31
85.10 117.60
85.10 117.12
85.10 115.92
85.34 114.72
85.82 114.00
85.82 114.96
85.82 116.40
86.30 117.83
87.02 117.83
87.26 117.60
87.26 116.40
87.26 115.44
87.26 114.24
87.26 113.53
88.22 113.05
88.70 113.05
88.70 114.00
88.70 115.92
88.94 116.88
89.42 117.83
90.14 117.83
90.38 117.83
90.38 116.40
90.38 115.20
90.87 114.00
91.59 113.77
92.07 113.77
92.31 115.44
92.55 116.88
92.79 117.36
93.51 117.36
93.75 116.16
93.75 114.48
93.75 113.53
93.75 113.05
94.23 113.05
94.47 113.29
94.95 114.96
95.43 116.64
95.91 117.12
-1.00 -1.00
6 0
0 
 3
70.91 74.27
70.91 74.74
71.15 74.98
71.63 75.46
72.12 75.46
72.60 75.46
73.08 75.46
73.32 75.22
73.56 74.98
73.56 74.50
73.80 74.27
73.80 73.79
73.08 72.83
72.60 72.59
71.88 72.59
71.39 72.59
70.67 73.07
70.67 73.55
70.67 74.50
70.91 74.74
-1.00 -1.00
5 0
0 
 3
69.71 79.77
69.71 80.25
69.95 80.49
70.43 80.73
70.67 80.97
71.15 80.97
71.63 80.97
72.12 80.97
72.60 80.97
72.84 80.73
73.08 80.49
73.08 80.01
73.08 79.53
73.08 79.05
72.84 78.81
72.60 78.57
71.88 78.33
71.63 78.10
70.91 78.10
70.43 78.10
70.19 78.57
69.95 79.05
69.95 79.53
69.95 80.01
-1.00 -1.00
5 0
0 
 3
65.87 64.69
65.87 64.21
65.87 63.73
66.35 63.73
66.83 63.49
67.55 63.49
68.03 63.49
68.75 63.49
68.75 63.97
68.75 64.69
68.75 65.17
68.51 65.65
68.27 65.89
67.55 65.89
66.83 66.13
66.35 66.13
65.63 65.41
65.63 64.93
65.63 64.21
-1.00 -1.00
5 0
0 
 3
64.90 69.48
64.90 69.00
65.14 68.76
65.38 68.52
65.87 68.28
66.35 68.28
66.59 68.04
67.07 68.04
67.55 68.04
68.03 68.04
68.27 68.76
68.51 69.00
68.51 69.48
68.27 69.96
68.03 70.20
67.55 70.43
67.07 70.67
66.35 70.91
65.87 70.91
64.66 70.67
64.42 70.20
64.42 69.72
64.42 69.24
-1.00 -1.00
5 0
0 
 3
65.14 75.22
64.90 74.74
64.66 74.27
64.66 73.79
64.66 73.31
64.90 73.07
65.14 72.83
65.63 72.83
66.11 72.83
66.59 72.83
67.07 72.83
67.55 72.83
67.55 73.31
67.79 73.55
68.03 74.03
68.03 74.50
68.03 74.98
67.55 75.22
67.07 75.46
66.59 75.46
66.11 75.46
65.63 75.46
65.14 75.46
64.90 75.46
64.66 75.22
64.42 74.74
64.42 74.27
-1.00 -1.00
5 0
0 
 3
63.70 79.05
63.70 79.53
63.94 79.77
64.18 80.01
64.42 80.25
64.66 80.49
64.90 80.73
65.14 80.73
65.87 80.73
66.35 80.73
66.83 80.73
67.07 80.49
67.31 80.25
67.55 80.01
67.55 79.53
67.55 79.05
67.31 78.81
67.07 78.57
66.35 78.10
65.87 77.62
65.14 77.62
64.66 77.62
64.18 77.62
63.94 78.10
63.94 78.81
63.94 79.29
63.94 79.77
-1.00 -1.00
5 0
0 
 3
109.86 76.90
109.86 79.53
119.23 79.29
119.47 76.42
109.38 76.66
-1.00 -1.00
5 0
0 
 3
123.08 62.53
123.32 70.67
126.20 70.43
126.44 62.30
123.08 62.06
-1.00 -1.00
5 0
0 
 3
111.06 62.53
110.82 64.93
120.43 65.41
120.67 62.30
111.30 62.30
-1.00 -1.00
5 0
0 
 3
85.34 61.82
85.10 64.69
106.01 65.17
106.01 62.30
85.10 62.06
-1.00 -1.00
5 0
0 
 3
85.82 118.07
85.82 115.92
85.82 114.48
87.26 114.48
87.74 115.68
87.74 117.36
88.94 118.31
90.38 118.31
90.63 116.40
90.63 114.96
93.27 114.24
93.99 115.92
93.99 117.60
95.19 118.07
96.88 118.07
98.32 118.07
98.32 116.64
98.32 114.72
100.00 114.24
101.68 114.00
101.92 115.68
101.92 117.12
103.37 118.07
104.81 118.07
105.29 116.64
105.53 115.44
105.77 113.53
107.69 113.29
109.38 113.29
110.10 114.72
110.10 116.16
109.86 117.60
111.54 118.07
112.74 117.36
112.74 115.68
112.98 114.00
115.14 113.77
115.87 115.44
116.11 116.64
117.55 117.36
118.75 117.60
118.99 116.16
118.99 114.72
-1.00 -1.00
6 0
0 
 3
85.34 118.55
87.50 118.55
88.94 118.55
-1.00 -1.00
6 0
0 
 3
89.66 117.60
92.79 117.60
95.19 117.83
97.84 117.83
100.96 117.83
103.85 117.83
107.45 117.83
110.58 117.83
113.22 117.60
115.63 117.60
117.55 117.60
118.99 117.60
119.47 116.40
118.27 115.92
116.59 115.92
114.18 115.92
112.50 115.92
110.58 115.92
109.13 116.40
107.45 116.40
105.77 116.40
104.09 116.40
102.40 116.40
100.72 116.40
98.56 116.40
96.39 116.64
93.99 116.64
92.07 116.64
90.63 116.64
88.94 116.64
87.02 116.64
85.58 116.64
87.02 115.68
89.42 115.68
92.07 115.68
94.23 115.68
97.84 115.68
100.96 115.68
104.09 115.68
106.49 115.44
109.86 115.44
112.26 115.44
115.38 115.44
117.55 115.44
119.23 115.44
119.95 114.24
118.03 114.00
115.87 113.77
114.42 113.77
112.02 113.77
110.58 114.24
107.69 114.48
105.05 114.48
102.16 114.72
99.76 114.72
96.88 114.72
93.27 114.72
90.87 114.72
88.70 114.48
86.78 114.48
87.98 113.53
90.38 113.53
92.31 113.53
96.39 113.53
99.52 113.29
102.88 113.29
106.49 113.29
110.58 113.29
113.22 113.29
116.35 113.29
118.03 113.29
119.47 113.29
-1.00 -1.00
6 0
0 
 3
124.76 50.33
124.28 53.92
135.82 53.92
136.06 50.09
-1.00 -1.00
5 0
0 
 3
104.57 50.57
104.57 53.20
118.03 53.68
118.03 51.04
-1.00 -1.00
5 0
0 
 3
83.17 50.33
83.41 52.96
94.71 52.96
95.19 50.33
-1.00 -1.00
5 0
0 
 3
64.18 49.85
64.18 53.44
76.68 53.44
76.68 50.57
-1.00 -1.00
5 0
0 
 3
83.89 119.27
83.89 112.81
119.95 112.33
119.95 119.03
84.13 119.03
-1.00 -1.00
6 0
0 
 3
122.84 114.24
131.01 114.48
-1.00 -1.00
5 0
0 
 3
122.60 119.51
122.84 112.33
131.25 112.09
131.49 119.03
122.84 119.27
-1.00 -1.00
5 0
0 
 3
67.07 110.17
67.79 114.00
75.72 114.24
75.96 109.93
-1.00 -1.00
5 0
0 
 3
64.42 109.70
77.40 109.46
-1.00 -1.00
5 0
0 
 3
59.86 63.49
63.46 96.05
-1.00 -1.00
5 0
0 
 3
136.78 59.90
62.74 59.18
-1.00 -1.00
5 0
0 
 3
138.22 94.61
141.11 63.97
-1.00 -1.00
5 0
0 
 3
66.59 99.64
134.62 98.92
-1.00 -1.00
5 0
0 
 3
141.11 64.21
141.11 62.53
141.11 61.10
139.90 60.14
138.46 59.66
136.78 59.66
-1.00 -1.00
5 0
0 
 3
134.62 98.92
136.30 98.68
137.74 97.25
137.98 96.05
137.98 94.37
-1.00 -1.00
5 0
0 
 3
59.62 63.01
59.38 61.82
59.86 60.14
61.30 59.42
62.50 59.18
64.18 59.18
-1.00 -1.00
5 0
0 
 3
66.59 99.16
65.38 98.92
63.94 98.68
63.46 97.25
63.46 95.81
-1.00 -1.00
5 0
0 
 3
137.26 50.09
138.70 50.09
140.38 50.33
141.59 50.57
142.79 51.52
143.75 52.96
143.99 55.11
143.99 56.55
-1.00 -1.00
5 0
0 
 3
56.49 56.07
56.25 54.63
56.25 53.20
56.49 51.28
57.69 50.57
58.89 49.85
60.58 49.85
61.78 49.61
-1.00 -1.00
5 0
0 
 3
62.02 50.33
137.74 50.80
-1.00 -1.00
5 0
0 
 3
61.30 107.06
140.38 106.58
-1.00 -1.00
5 0
0 
 3
122.12 146.08
123.80 125.50
139.42 125.02
-1.00 -1.00
5 0
0 
 3
61.54 124.54
139.18 122.86
-1.00 -1.00
5 0
0 
 3
56.97 57.03
64.42 145.84
137.50 146.56
143.75 56.31
-1.00 -1.00
5 0
0 
 -1
