gremlinfile
1 152.00 176.00
3
270.40 233.84
270.29 233.63
270.15 233.46
269.93 233.51
269.84 233.81
270.12 234.07
270.27 234.00
270.52 233.89
270.69 233.77
270.86 233.51
270.88 233.32
270.79 233.14
270.66 233.27
-1.00 -1.00
5 0
0 
 3
266.87 231.49
266.68 231.63
266.49 231.60
266.36 231.51
266.43 231.33
266.56 231.25
266.73 231.35
266.94 231.40
267.14 231.40
267.30 231.28
267.30 231.11
267.23 230.92
267.09 230.90
266.94 230.93
266.85 231.11
-1.00 -1.00
5 0
0 
 3
262.58 228.69
262.61 228.86
262.82 229.07
263.01 229.19
263.10 228.99
263.22 228.74
263.37 228.55
263.58 228.43
-1.00 -1.00
5 0
0 
 3
275.98 231.58
275.79 231.47
275.71 231.23
275.78 231.07
275.98 230.86
276.16 230.83
276.35 230.83
276.56 230.93
276.49 231.14
276.31 231.25
276.16 231.20
276.07 231.04
-1.00 -1.00
5 0
0 
 3
272.40 228.85
272.14 228.71
272.37 228.41
272.49 228.53
272.87 228.57
273.13 228.38
273.06 228.15
272.92 228.05
-1.00 -1.00
5 0
0 
 3
269.51 226.29
269.32 226.15
269.18 226.01
268.98 225.77
268.80 226.06
268.70 226.31
268.63 226.51
268.99 226.39
269.15 226.29
269.36 226.13
269.50 226.01
269.70 225.80
-1.00 -1.00
5 0
0 
 3
281.30 228.53
281.30 228.85
281.45 228.88
281.71 228.85
281.92 228.74
281.94 228.60
281.78 228.48
281.94 228.60
282.13 228.60
282.33 228.53
282.37 228.34
282.28 228.18
282.13 228.10
281.99 228.12
-1.00 -1.00
5 0
0 
 3
278.08 225.96
278.09 226.29
278.29 226.34
278.49 226.20
278.49 225.89
278.51 225.71
278.67 225.66
278.84 225.75
279.01 226.06
-1.00 -1.00
5 0
0 
 3
284.69 223.33
284.41 223.50
284.27 223.56
284.08 223.52
283.87 223.43
-1.00 -1.00
5 0
0 
 3
283.93 223.43
284.05 223.33
284.29 223.21
284.48 223.14
284.65 223.14
-1.00 -1.00
5 0
0 
 3
287.94 226.20
287.33 225.64
-1.00 -1.00
5 0
0 
 3
274.63 223.70
275.47 223.19
-1.00 -1.00
5 0
0 
 3
271.45 219.59
273.34 220.79
-1.00 -1.00
5 0
0 
 3
271.12 218.35
268.99 219.28
269.43 220.44
271.47 219.52
271.24 218.20
273.29 219.55
273.34 220.96
271.30 221.76
269.60 220.46
-1.00 -1.00
5 0
0 
 3
261.19 232.78
262.94 233.96
-1.00 -1.00
5 0
0 
 3
261.00 231.58
258.82 232.50
259.27 233.60
261.16 232.73
260.90 231.58
263.03 232.85
263.06 234.00
261.00 234.87
259.34 233.68
-1.00 -1.00
5 0
0 
 3
257.63 230.31
259.38 231.49
-1.00 -1.00
5 0
0 
 3
257.35 229.09
255.27 229.96
255.60 231.18
257.42 230.36
257.30 229.09
259.32 230.32
259.36 231.46
257.37 232.47
255.59 231.20
-1.00 -1.00
5 0
0 
 3
264.63 235.20
266.43 236.35
-1.00 -1.00
5 0
0 
 3
262.70 236.12
264.67 235.21
264.48 234.03
266.57 235.42
266.52 236.35
264.77 237.29
262.90 236.08
-1.00 -1.00
5 0
0 
 3
264.51 234.03
262.39 234.94
-1.00 -1.00
5 0
0 
 3
287.80 224.77
289.43 226.03
-1.00 -1.00
5 0
0 
 3
287.52 223.64
285.45 224.50
285.66 225.59
287.73 224.62
287.52 223.54
289.46 224.74
289.51 225.96
287.49 226.90
285.85 225.75
-1.00 -1.00
5 0
0 
 3
284.46 222.04
286.05 223.38
-1.00 -1.00
5 0
0 
 3
284.25 220.74
282.00 221.78
282.35 222.90
284.38 221.92
284.20 220.81
286.38 222.22
286.19 223.52
284.13 224.37
282.47 223.03
-1.00 -1.00
5 0
0 
 3
281.02 219.33
282.65 220.69
-1.00 -1.00
5 0
0 
 3
280.85 218.18
278.48 219.14
278.94 220.34
280.93 219.38
280.72 217.90
283.01 219.43
282.78 220.72
280.79 221.75
279.06 220.32
-1.00 -1.00
5 0
0 
 3
282.04 227.42
283.56 228.55
-1.00 -1.00
5 0
0 
 3
281.71 226.13
279.53 227.16
279.95 228.24
281.85 227.37
281.71 226.03
283.74 227.42
283.65 228.57
281.71 229.47
280.02 228.29
-1.00 -1.00
5 0
0 
 3
278.49 224.74
280.26 226.11
-1.00 -1.00
5 0
0 
 3
278.39 223.61
276.04 224.50
276.50 225.57
278.49 224.67
278.30 223.31
280.36 224.77
280.27 225.97
278.39 227.02
276.61 225.68
-1.00 -1.00
5 0
0 
 3
274.96 222.09
276.75 223.45
-1.00 -1.00
5 0
0 
 3
274.77 220.88
272.65 221.78
272.92 222.95
275.00 221.99
274.79 220.70
276.92 222.43
276.80 223.42
274.84 224.43
273.16 223.09
-1.00 -1.00
5 0
0 
 3
276.12 229.99
277.80 231.25
-1.00 -1.00
5 0
0 
 3
275.98 228.67
273.84 229.73
274.22 230.85
276.07 229.91
275.93 228.71
277.92 229.99
278.01 231.16
276.11 232.08
274.27 230.86
-1.00 -1.00
5 0
0 
 3
274.51 228.74
272.51 229.75
270.72 228.39
-1.00 -1.00
5 0
0 
 3
272.49 226.24
270.05 227.09
270.78 228.32
272.73 227.35
272.47 226.20
274.60 227.47
274.62 228.69
272.73 227.40
-1.00 -1.00
5 0
0 
 3
267.13 225.77
268.98 227.14
270.92 226.22
-1.00 -1.00
5 0
0 
 3
269.17 224.77
268.86 223.66
271.00 225.07
270.98 226.25
269.17 224.90
267.14 225.78
266.64 224.51
-1.00 -1.00
5 0
0 
 3
266.71 224.70
269.05 223.66
-1.00 -1.00
5 0
0 
 3
268.60 233.40
270.29 234.73
272.06 233.75
-1.00 -1.00
5 0
0 
 3
270.47 232.47
268.48 233.40
268.04 232.29
270.29 231.18
270.47 232.43
272.26 233.72
272.33 232.62
270.26 231.32
-1.00 -1.00
5 0
0 
 3
266.99 229.98
264.98 230.90
266.68 232.26
268.65 231.25
-1.00 -1.00
5 0
0 
 3
264.51 229.87
266.73 228.74
266.83 229.94
268.79 231.32
268.86 230.12
266.69 228.74
-1.00 -1.00
5 0
0 
 3
260.81 227.21
263.01 226.22
-1.00 -1.00
5 0
0 
 3
263.34 227.61
265.15 228.85
-1.00 -1.00
5 0
0 
 3
260.85 227.21
261.31 228.38
263.23 227.49
263.10 226.29
265.17 227.65
265.21 228.74
263.22 229.75
261.49 228.50
-1.00 -1.00
5 0
0 
 3
256.94 224.17
258.39 223.52
-1.00 -1.00
5 0
0 
 3
251.23 226.85
252.70 226.17
-1.00 -1.00
5 0
0 
 3
259.01 218.67
260.59 217.95
-1.00 -1.00
5 0
0 
 3
253.11 221.43
254.58 220.82
-1.00 -1.00
5 0
0 
 3
247.32 224.22
248.77 223.49
-1.00 -1.00
5 0
0 
 3
255.10 215.99
256.64 215.29
-1.00 -1.00
5 0
0 
 3
249.20 218.79
250.76 218.08
-1.00 -1.00
5 0
0 
 3
243.44 221.64
244.76 220.95
-1.00 -1.00
5 0
0 
 3
251.26 213.08
252.82 212.25
-1.00 -1.00
5 0
0 
 3
245.05 215.92
246.64 215.20
-1.00 -1.00
5 0
0 
 3
239.25 218.84
240.74 218.13
-1.00 -1.00
5 0
0 
 3
247.01 210.11
248.67 209.31
-1.00 -1.00
5 0
0 
 3
240.93 213.19
242.54 212.39
-1.00 -1.00
5 0
0 
 3
234.93 215.99
236.52 215.24
-1.00 -1.00
5 0
0 
 3
243.01 207.15
244.46 206.45
-1.00 -1.00
5 0
0 
 3
236.85 210.09
238.35 209.43
-1.00 -1.00
5 0
0 
 3
230.45 213.29
232.18 212.52
-1.00 -1.00
5 0
0 
 3
301.64 222.74
300.53 224.30
-1.00 -1.00
5 0
0 
 3
301.97 218.16
301.04 218.65
-1.00 -1.00
5 0
0 
 3
276.43 218.37
277.63 218.16
-1.00 -1.00
5 0
0 
 3
278.56 217.41
276.49 218.37
277.11 217.69
-1.00 -1.00
5 0
0 
 3
280.21 217.74
276.57 219.48
274.63 217.97
-1.00 -1.00
5 0
0 
 3
278.15 214.84
278.32 216.30
274.63 217.94
274.13 216.74
278.08 214.82
280.48 216.53
280.12 217.71
278.34 216.25
-1.00 -1.00
5 0
0 
 3
273.96 213.90
275.79 215.36
-1.00 -1.00
5 0
0 
 3
273.82 212.45
271.43 213.48
271.71 214.93
273.96 213.79
273.82 212.56
275.81 214.06
275.90 215.34
273.51 216.40
271.78 214.93
-1.00 -1.00
5 0
0 
 3
270.21 210.96
272.07 212.44
-1.00 -1.00
5 0
0 
 3
270.26 211.06
270.14 209.72
272.18 211.34
272.20 212.51
269.84 213.39
268.13 211.97
-1.00 -1.00
5 0
0 
 3
270.14 209.65
267.66 210.68
267.99 211.92
270.26 210.91
-1.00 -1.00
5 0
0 
 3
266.26 208.12
268.27 209.50
-1.00 -1.00
5 0
0 
 3
266.35 206.75
268.41 208.28
268.46 209.53
265.88 210.63
264.17 209.04
-1.00 -1.00
5 0
0 
 3
266.17 206.70
263.74 207.72
264.05 209.13
266.45 207.97
266.26 206.63
-1.00 -1.00
5 0
0 
 3
262.37 205.22
264.38 206.52
-1.00 -1.00
5 0
0 
 3
262.32 203.77
259.88 204.73
260.27 206.02
262.37 205.02
262.33 203.75
264.41 205.36
264.44 206.57
262.07 207.70
260.29 206.05
-1.00 -1.00
5 0
0 
 3
258.44 202.00
260.40 203.41
-1.00 -1.00
5 0
0 
 3
258.93 201.01
256.16 201.95
256.45 203.13
258.61 202.03
258.51 200.69
260.53 202.28
260.57 203.51
258.04 204.64
256.28 203.02
-1.00 -1.00
5 0
0 
 3
267.71 216.84
269.48 218.09
-1.00 -1.00
5 0
0 
 3
267.52 215.47
265.26 216.51
265.64 217.87
267.70 216.84
267.71 215.48
269.67 216.87
269.67 218.14
267.32 219.03
265.67 217.74
-1.00 -1.00
5 0
0 
 3
264.05 213.93
265.95 215.31
-1.00 -1.00
5 0
0 
 3
264.05 213.88
263.91 212.59
265.95 214.13
265.92 215.45
263.61 216.32
261.94 214.93
-1.00 -1.00
5 0
0 
 3
263.98 214.02
261.97 214.89
-1.00 -1.00
5 0
0 
 3
263.93 212.68
261.40 213.71
-1.00 -1.00
5 0
0 
 3
262.01 212.47
259.79 213.57
258.16 212.11
-1.00 -1.00
5 0
0 
 3
260.07 209.93
257.66 210.91
258.04 212.11
260.03 211.10
260.05 209.88
262.11 211.25
262.09 212.54
260.17 211.12
-1.00 -1.00
5 0
0 
 3
256.12 208.26
258.03 209.53
-1.00 -1.00
5 0
0 
 3
255.93 206.85
253.48 208.00
253.91 209.10
256.04 208.16
256.02 206.89
258.11 208.30
258.08 209.53
255.88 210.63
254.18 209.11
-1.00 -1.00
5 0
0 
 3
249.84 206.02
251.71 207.58
254.01 206.56
-1.00 -1.00
5 0
0 
 3
249.44 204.83
251.81 203.79
254.08 205.34
254.20 206.47
252.04 205.09
-1.00 -1.00
5 0
0 
 3
249.46 204.80
249.81 206.12
251.90 205.01
251.97 203.75
-1.00 -1.00
5 0
0 
 3
260.21 197.11
294.69 224.70
261.68 238.61
225.53 214.70
-1.00 -1.00
5 0
0 
 3
225.31 214.68
260.00 197.02
-1.00 -1.00
5 0
0 
 3
223.22 225.59
223.03 225.44
222.77 225.26
222.78 224.81
222.82 224.65
222.92 224.51
223.04 224.64
223.32 224.79
223.54 224.84
223.79 224.55
223.77 224.30
223.48 224.08
223.34 224.04
223.15 224.13
-1.00 -1.00
5 0
0 
 3
221.71 224.37
221.71 224.55
221.64 224.70
221.99 224.91
222.16 225.00
222.26 224.76
222.21 224.41
222.20 224.18
222.30 223.80
222.40 223.52
-1.00 -1.00
5 0
0 
 3
221.24 224.20
221.02 224.13
220.92 223.99
220.88 223.75
221.02 223.50
221.19 223.23
221.40 223.09
221.64 223.23
221.61 223.42
221.50 223.63
221.28 223.94
221.12 224.10
-1.00 -1.00
5 0
0 
 3
219.91 223.54
220.07 223.71
220.33 223.83
220.48 223.54
220.52 223.28
220.36 223.05
220.48 223.19
220.74 223.14
220.92 222.93
221.00 222.67
220.64 222.41
220.40 222.34
-1.00 -1.00
5 0
0 
 3
257.39 241.50
253.94 247.86
215.83 224.91
219.88 218.35
-1.00 -1.00
5 0
0 
 3
219.48 218.14
257.61 241.55
-1.00 -1.00
5 0
0 
 3
217.01 252.55
224.01 256.44
224.95 256.13
227.58 252.55
-1.00 -1.00
5 0
0 
 3
190.47 259.49
200.64 263.98
-1.00 -1.00
5 0
0 
 3
254.12 250.11
253.98 250.14
253.67 250.16
253.16 250.21
252.54 250.37
252.26 250.44
-1.00 -1.00
5 0
0 
 3
254.31 250.09
254.39 249.92
254.53 249.69
254.67 249.33
254.91 248.84
255.33 248.25
255.79 247.52
256.23 246.87
256.62 246.23
257.07 245.55
257.59 244.82
258.13 244.09
258.63 243.57
259.41 242.80
260.15 242.16
260.95 241.48
261.61 241.03
262.28 240.63
263.37 240.02
264.44 239.50
265.53 239.08
266.04 238.89
266.85 238.61
267.59 238.33
268.70 237.93
269.74 237.53
270.66 237.16
271.54 236.75
272.52 236.33
273.54 235.91
274.50 235.49
275.66 235.04
276.90 234.55
278.09 234.12
278.96 233.74
279.76 233.34
280.48 232.97
281.62 232.40
282.78 231.86
283.72 231.42
284.69 231.02
285.64 230.66
286.54 230.27
287.54 229.84
288.54 229.39
289.39 229.00
290.27 228.60
291.35 228.13
292.47 227.70
293.25 227.42
294.18 227.05
295.15 226.69
295.93 226.39
296.64 226.11
297.59 225.70
298.46 225.28
299.91 224.60
300.31 224.37
-1.00 -1.00
5 0
0 
 3
254.06 250.07
253.65 249.81
253.30 249.62
252.45 249.12
251.56 248.60
250.62 248.06
249.58 247.41
248.53 246.73
247.61 246.18
246.99 245.72
246.19 245.17
245.07 244.42
244.24 243.91
243.11 243.31
241.95 242.71
240.43 241.97
239.06 241.22
237.71 240.43
235.83 239.22
234.60 238.42
233.22 237.51
231.78 236.61
230.64 235.91
229.36 235.11
228.23 234.52
227.14 233.89
225.57 232.94
224.13 232.12
223.22 231.60
222.20 231.04
221.16 230.43
219.98 229.70
219.13 229.18
218.18 228.62
217.07 228.06
216.16 227.56
215.21 226.97
214.57 226.58
213.93 226.15
213.41 225.68
213.15 225.12
213.13 224.23
213.39 223.56
213.51 223.17
213.70 222.55
213.91 221.97
214.20 221.17
214.55 220.51
214.91 219.97
215.28 219.47
215.62 219.00
216.04 218.44
216.37 217.92
216.71 217.29
217.09 216.72
217.54 216.09
217.99 215.53
218.53 214.93
218.99 214.40
219.67 213.79
220.40 213.31
221.30 212.70
222.26 212.12
223.60 211.48
224.53 210.98
225.72 210.35
226.88 209.81
228.11 209.17
229.57 208.33
230.64 207.70
231.92 207.10
232.90 206.63
234.19 205.93
235.50 205.29
236.83 204.61
238.08 204.00
239.05 203.48
240.36 202.75
241.80 201.96
243.34 201.23
244.76 200.48
245.98 199.82
247.37 199.07
248.49 198.46
249.34 198.05
250.31 197.54
251.36 196.99
251.85 196.71
252.45 196.38
253.15 195.98
254.13 195.44
254.88 195.04
255.59 194.65
256.64 194.05
257.40 193.66
258.06 193.37
259.01 192.93
259.84 192.57
260.36 192.41
260.83 192.34
261.45 192.39
262.14 192.57
262.70 192.83
263.51 193.45
264.03 193.98
264.81 194.72
265.43 195.39
266.40 196.19
267.82 197.21
268.65 197.86
269.91 198.74
271.19 199.77
272.78 200.83
274.31 202.00
275.27 202.85
276.00 203.49
277.09 204.40
278.51 205.63
279.44 206.56
280.53 207.48
281.45 208.14
282.63 208.99
283.61 209.72
284.84 210.65
286.14 211.64
287.11 212.40
288.11 213.27
288.82 214.02
289.84 215.03
290.55 215.71
291.17 216.27
292.02 216.91
292.99 217.64
293.68 218.16
294.63 218.93
295.53 219.66
296.17 220.18
296.71 220.62
297.00 220.89
297.77 221.49
298.27 221.92
298.91 222.43
299.50 222.84
299.84 223.16
300.02 223.43
300.26 223.90
300.33 224.08
-1.00 -1.00
5 0
0 
 3
176.94 249.54
176.99 249.36
177.04 249.17
177.07 248.93
177.13 248.56
177.16 248.26
177.23 247.78
177.32 247.36
177.46 247.12
177.59 246.84
177.73 246.65
177.91 246.37
178.03 246.18
178.16 245.90
178.25 245.74
-1.00 -1.00
5 0
0 
 3
191.92 242.38
191.56 242.80
190.81 243.51
190.14 244.21
189.48 244.92
188.99 245.41
188.65 245.79
188.06 246.66
187.21 247.97
187.01 248.49
186.73 249.41
186.52 250.32
186.28 251.47
186.04 252.41
185.90 253.38
185.81 254.51
185.85 255.47
185.92 255.94
-1.00 -1.00
5 0
0 
 3
182.40 251.05
182.42 250.46
182.49 250.04
182.58 249.64
182.82 248.93
183.01 248.37
183.29 247.64
183.55 247.15
183.82 246.51
184.06 245.95
184.34 245.39
184.69 244.84
184.93 244.49
185.14 244.16
185.33 243.88
185.47 243.62
-1.00 -1.00
5 0
0 
 3
181.99 261.72
183.49 255.00
186.05 256.08
207.80 250.11
191.80 241.98
168.91 248.77
-1.00 -1.00
5 0
0 
 3
181.09 261.94
182.07 261.73
171.94 257.42
172.49 249.67
170.41 248.16
-1.00 -1.00
5 0
0 
 3
168.94 248.32
171.66 249.81
171.11 257.50
181.14 262.12
-1.00 -1.00
5 0
0 
 3
272.32 211.97
275.48 210.63
278.58 213.15
275.97 214.47
-1.00 -1.00
5 0
0 
 3
270.36 213.48
271.73 214.79
-1.00 -1.00
5 0
0 
 3
268.48 209.20
271.80 207.63
275.08 210.23
272.14 211.67
-1.00 -1.00
5 0
0 
 3
266.57 210.56
267.80 211.62
-1.00 -1.00
5 0
0 
 3
264.63 206.24
267.85 204.69
271.30 207.23
268.37 208.89
-1.00 -1.00
5 0
0 
 3
262.56 207.60
263.84 208.68
-1.00 -1.00
5 0
0 
 3
264.15 201.51
267.44 204.29
264.48 205.88
-1.00 -1.00
5 0
0 
 3
258.61 204.59
259.96 205.65
-1.00 -1.00
5 0
0 
 3
264.06 201.54
260.52 203.23
-1.00 -1.00
5 0
0 
 3
260.52 202.99
263.44 201.20
-1.00 -1.00
5 0
0 
 3
254.32 201.28
256.07 202.80
-1.00 -1.00
5 0
0 
 3
254.22 201.35
259.93 198.38
263.65 201.13
260.50 202.90
-1.00 -1.00
5 0
0 
 3
264.24 216.40
265.55 217.41
-1.00 -1.00
5 0
0 
 3
266.17 215.03
269.38 213.43
272.77 216.02
269.76 217.54
-1.00 -1.00
5 0
0 
 3
260.45 213.52
261.75 214.58
-1.00 -1.00
5 0
0 
 3
262.52 212.45
265.71 210.70
269.17 213.19
266.04 214.65
-1.00 -1.00
5 0
0 
 3
256.57 210.54
257.77 211.58
-1.00 -1.00
5 0
0 
 3
265.14 210.37
262.11 211.85
-1.00 -1.00
5 0
0 
 3
262.35 207.86
263.99 209.13
-1.00 -1.00
5 0
0 
 3
258.34 209.27
261.71 207.60
-1.00 -1.00
5 0
0 
 3
256.40 210.66
257.82 211.81
-1.00 -1.00
5 0
0 
 3
261.33 207.37
258.20 208.99
-1.00 -1.00
5 0
0 
 3
254.32 206.33
257.73 204.69
260.93 206.85
-1.00 -1.00
5 0
0 
 3
252.33 207.65
253.82 208.80
-1.00 -1.00
5 0
0 
 3
248.04 204.42
249.74 205.77
-1.00 -1.00
5 0
0 
 3
254.27 206.12
257.40 204.42
-1.00 -1.00
5 0
0 
 3
248.10 204.57
253.82 201.61
257.44 204.35
-1.00 -1.00
5 0
0 
 3
257.75 218.84
261.16 221.42
266.52 219.03
263.25 216.32
257.68 218.96
-1.00 -1.00
5 0
0 
 3
253.94 216.16
257.32 218.53
262.84 216.02
259.55 213.59
253.87 216.09
-1.00 -1.00
5 0
0 
 3
249.95 213.29
253.49 215.81
259.15 213.24
255.78 210.56
249.84 213.27
-1.00 -1.00
5 0
0 
 3
245.86 210.28
249.58 212.94
255.15 210.33
251.52 207.69
245.81 210.37
-1.00 -1.00
5 0
0 
 3
241.78 207.34
245.55 209.98
251.07 207.23
247.42 204.73
241.71 207.41
-1.00 -1.00
5 0
0 
 3
255.76 224.39
259.29 226.79
264.41 224.62
261.26 222.20
255.85 224.43
-1.00 -1.00
5 0
0 
 3
252.02 221.73
255.33 224.10
260.81 221.87
257.33 219.21
251.87 221.64
-1.00 -1.00
5 0
0 
 3
248.04 219.03
251.54 221.42
256.85 218.86
253.46 216.49
248.04 219.08
-1.00 -1.00
5 0
0 
 3
244.10 216.25
247.63 218.68
252.94 216.11
249.60 213.52
243.89 216.14
-1.00 -1.00
5 0
0 
 3
239.83 213.36
243.49 215.87
249.06 213.22
245.48 210.58
239.83 213.32
-1.00 -1.00
5 0
0 
 3
235.88 210.61
239.57 213.13
244.91 210.30
241.30 207.70
235.59 210.35
-1.00 -1.00
5 0
0 
 3
250.00 227.14
253.34 229.59
258.68 227.23
255.40 224.64
250.05 227.16
-1.00 -1.00
5 0
0 
 3
246.14 224.62
249.51 226.86
254.74 224.50
251.38 222.03
245.98 224.55
-1.00 -1.00
5 0
0 
 3
242.14 221.94
245.64 224.25
250.95 221.68
247.54 219.33
242.18 221.87
-1.00 -1.00
5 0
0 
 3
238.03 219.17
241.73 221.61
247.09 219.05
243.60 216.51
237.96 219.17
-1.00 -1.00
5 0
0 
 3
233.74 216.35
237.54 218.84
243.01 216.21
239.34 213.55
233.67 216.25
-1.00 -1.00
5 0
0 
 3
229.29 213.45
233.25 216.00
238.87 213.27
235.08 210.52
229.41 213.32
-1.00 -1.00
5 0
0 
 3
233.79 254.93
233.91 254.84
234.19 254.72
234.74 254.58
235.28 254.49
235.67 254.48
236.07 254.32
236.52 254.15
237.14 253.92
237.66 253.73
238.42 253.52
239.03 253.35
239.70 253.19
240.26 253.08
240.71 253.00
241.38 252.91
241.97 252.82
242.51 252.68
243.10 252.53
243.60 252.42
244.05 252.32
244.72 252.16
245.26 252.04
245.78 251.90
246.31 251.76
246.90 251.57
247.52 251.38
248.11 251.22
248.67 251.07
248.94 250.94
249.18 250.81
249.29 250.68
249.27 250.39
249.17 250.25
248.98 250.09
248.72 249.90
248.49 249.74
248.06 249.45
247.65 249.22
247.21 249.00
246.59 248.63
246.07 248.39
245.45 248.04
244.93 247.76
244.44 247.53
243.86 247.20
242.54 246.32
240.93 245.24
240.10 244.84
239.25 244.40
238.41 243.90
237.68 243.55
236.83 243.10
236.04 242.63
235.19 242.11
234.43 241.62
233.79 241.20
232.99 240.70
232.06 240.10
231.14 239.53
230.40 239.01
229.70 238.49
228.72 237.79
227.75 237.22
226.78 236.71
225.88 236.22
224.98 235.70
223.94 235.11
223.13 234.64
222.26 234.12
221.64 233.79
220.90 233.39
220.19 232.99
219.55 232.64
218.82 232.20
218.13 231.77
217.59 231.47
216.99 231.13
216.33 230.76
215.67 230.39
215.08 230.05
214.65 229.82
214.25 229.66
213.74 229.44
213.13 229.16
212.68 228.95
212.39 228.85
211.94 228.71
211.30 228.57
210.34 228.50
209.84 228.55
209.31 228.60
208.49 228.78
207.73 228.97
207.18 229.16
206.37 229.39
205.41 229.59
204.27 229.96
202.77 230.27
201.57 230.52
200.69 230.76
199.79 230.97
198.91 231.23
197.87 231.54
197.11 231.75
196.11 232.05
194.77 232.41
193.74 232.74
192.92 232.99
191.99 233.27
190.36 233.68
189.22 234.01
188.20 234.34
187.20 234.64
185.86 235.01
184.55 235.42
183.46 235.77
183.13 235.86
182.54 236.03
181.43 236.35
180.64 236.57
179.65 236.90
178.53 237.25
177.23 237.67
176.50 237.89
175.40 238.21
174.39 238.54
173.67 238.73
172.66 238.97
171.69 239.18
170.93 239.41
169.89 239.70
169.13 239.91
168.35 240.10
167.54 240.37
166.54 240.61
165.78 240.82
165.19 240.97
164.36 241.20
163.42 241.43
162.75 241.58
161.90 241.79
161.31 241.97
160.98 242.21
160.64 242.49
160.36 242.80
160.40 243.11
160.47 243.31
160.73 243.58
161.04 243.78
161.31 243.88
161.66 244.02
161.97 244.19
162.23 244.35
162.51 244.49
162.66 244.58
-1.00 -1.00
5 0
0 
 3
246.45 181.64
246.42 181.41
246.40 181.20
246.35 180.80
246.35 180.33
246.54 179.60
246.95 178.99
247.23 178.77
247.70 178.52
248.22 178.33
248.80 178.16
249.25 178.04
249.79 177.92
250.34 177.81
251.12 177.64
251.59 177.55
252.14 177.53
252.70 177.58
253.30 177.67
253.87 177.79
254.29 177.95
254.58 178.11
254.83 178.32
254.93 178.51
255.00 178.66
255.03 178.84
-1.00 -1.00
5 0
0 
 3
151.19 223.61
152.47 223.26
-1.00 -1.00
5 0
0 
 3
210.78 224.55
155.00 240.80
-1.00 -1.00
5 0
0 
 3
229.98 244.38
232.54 246.39
-1.00 -1.00
5 0
0 
 3
209.76 232.78
213.98 234.81
-1.00 -1.00
5 0
0 
 3
209.86 233.30
162.97 246.07
-1.00 -1.00
5 0
0 
 3
210.47 229.70
210.12 233.02
-1.00 -1.00
5 0
0 
 3
183.35 256.10
191.12 259.78
-1.00 -1.00
5 0
0 
 3
221.30 251.29
219.13 250.27
232.99 246.42
233.77 242.94
231.11 241.20
230.33 244.44
223.48 246.39
207.40 237.63
213.84 235.34
214.72 231.82
210.93 229.98
162.23 243.01
163.36 246.75
171.45 250.68
-1.00 -1.00
5 0
0 
 3
223.08 249.55
222.21 251.66
190.69 259.33
-1.00 -1.00
5 0
0 
 3
231.94 253.45
227.99 252.82
223.30 250.34
-1.00 -1.00
5 0
0 
 3
233.08 257.43
203.13 265.09
200.98 264.13
231.00 256.62
-1.00 -1.00
5 0
0 
 3
231.87 253.12
231.16 256.37
-1.00 -1.00
5 0
0 
 3
233.99 254.37
233.11 257.38
-1.00 -1.00
5 0
0 
 3
252.44 250.63
233.79 255.33
-1.00 -1.00
5 0
0 
 3
151.12 223.45
151.21 223.73
151.38 224.41
151.49 225.09
151.69 226.13
152.02 227.51
152.37 228.86
152.65 230.27
152.84 231.16
153.11 232.57
153.30 233.49
153.49 234.45
153.70 235.46
153.84 236.48
154.05 237.23
154.27 238.14
154.57 239.39
154.81 240.38
155.07 241.29
155.29 241.88
155.78 242.63
156.00 243.10
156.47 243.55
156.88 243.85
157.51 244.19
158.20 244.49
158.87 244.73
159.41 244.92
160.09 245.24
160.79 245.53
161.24 245.78
161.71 246.00
162.37 246.30
162.82 246.47
163.23 246.65
163.48 246.75
-1.00 -1.00
5 0
0 
 3
213.01 227.71
213.32 227.84
213.75 228.06
214.48 228.39
215.03 228.76
215.71 229.23
216.69 229.77
217.92 230.43
218.70 230.90
219.55 231.33
220.57 231.79
221.57 232.34
222.35 232.81
223.22 233.27
224.69 234.05
225.88 234.73
227.02 235.46
228.03 236.08
229.10 236.80
230.12 237.44
231.26 238.17
232.71 239.15
233.63 239.63
234.98 240.40
235.92 240.87
237.37 241.62
238.60 242.38
239.89 243.10
241.26 243.90
242.51 244.65
243.98 245.52
245.57 246.42
246.73 247.05
247.44 247.50
248.49 248.11
249.22 248.70
250.28 249.36
251.00 249.85
251.76 250.39
252.37 250.79
252.84 250.98
-1.00 -1.00
5 0
0 
 3
301.26 222.77
301.85 222.77
301.23 222.79
301.09 222.49
300.79 221.92
300.15 221.45
299.15 220.93
298.25 220.23
297.58 219.68
296.81 219.07
296.00 218.48
295.33 217.85
294.10 217.01
293.70 216.37
292.54 215.57
291.45 214.68
290.83 214.06
290.15 213.36
289.55 212.80
288.41 211.79
287.18 210.66
285.79 209.62
284.81 208.82
283.61 207.93
282.71 207.20
281.23 206.16
280.10 205.27
279.18 204.47
278.11 203.46
277.16 202.64
276.19 201.77
274.74 200.73
273.80 200.19
273.23 199.75
272.39 199.20
271.75 198.62
270.93 197.98
270.17 197.40
269.20 196.57
268.56 195.84
267.52 195.21
266.92 194.62
265.98 193.96
265.14 193.24
264.31 192.55
263.41 191.82
262.65 191.24
262.09 190.79
261.61 190.46
261.04 190.32
260.02 190.30
259.39 190.43
259.03 190.58
258.70 190.70
258.25 190.84
257.70 191.02
257.26 191.16
257.07 191.26
256.92 191.37
256.68 191.37
256.50 191.45
255.88 191.77
255.15 192.22
253.99 192.84
253.04 193.38
251.95 193.96
251.04 194.41
250.15 194.86
249.29 195.40
248.39 195.92
247.21 196.53
246.09 197.13
245.45 197.51
244.51 198.12
243.37 198.67
242.28 199.30
240.90 200.00
240.00 200.48
239.05 201.01
238.37 201.35
237.44 201.70
236.69 202.08
235.72 202.64
235.10 202.99
234.43 203.41
233.11 203.98
232.39 204.40
231.78 204.85
230.57 205.41
229.69 205.88
228.65 206.45
227.49 207.15
226.54 207.74
225.07 208.56
224.05 209.04
222.77 209.71
221.62 210.23
220.52 210.94
219.17 211.76
218.29 212.26
217.33 212.86
216.68 213.36
215.81 214.19
215.15 214.84
214.65 215.43
213.77 216.25
213.35 216.93
212.77 217.73
212.40 218.81
212.01 219.71
211.57 220.46
211.24 221.47
210.95 222.23
210.76 222.98
210.69 223.70
210.66 224.32
210.92 225.10
210.92 225.75
211.04 226.20
211.28 226.64
211.81 227.09
212.28 227.37
212.78 227.63
213.18 227.78
-1.00 -1.00
5 0
0 
 3
256.50 179.71
256.94 179.71
256.76 179.71
257.33 179.53
257.84 179.48
258.04 179.39
258.37 179.34
258.60 179.27
259.24 179.20
259.08 179.19
259.39 179.19
259.55 179.25
259.67 179.36
259.84 179.53
-1.00 -1.00
5 0
0 
 3
259.98 186.32
260.19 186.30
259.93 186.28
260.19 186.28
260.40 186.22
260.19 186.20
260.95 186.20
261.21 186.22
261.50 186.23
261.85 186.22
262.39 186.22
262.90 186.23
263.04 186.30
263.30 186.37
263.22 186.49
263.60 186.58
263.86 186.68
263.60 186.75
-1.00 -1.00
5 0
0 
 3
260.29 188.09
260.52 188.09
260.67 188.08
260.83 188.02
261.40 187.99
261.57 187.96
261.83 187.96
262.23 187.94
262.47 187.94
262.63 187.97
262.92 188.04
263.27 188.11
263.79 188.20
263.80 188.41
264.03 188.48
263.79 188.51
264.08 188.51
-1.00 -1.00
5 0
0 
 3
302.64 220.46
302.14 222.60
-1.00 -1.00
5 0
0 
 3
259.88 179.50
297.20 211.01
301.49 217.29
-1.00 -1.00
5 0
0 
 3
264.18 188.62
302.66 220.23
-1.00 -1.00
5 0
0 
 3
264.20 186.63
302.28 218.28
-1.00 -1.00
5 0
0 
 3
155.33 213.22
152.85 221.42
-1.00 -1.00
5 0
0 
 3
155.60 213.41
257.35 179.19
-1.00 -1.00
5 0
0 
 3
260.07 186.23
152.91 221.42
154.50 222.53
-1.00 -1.00
5 0
0 
 3
152.77 223.30
260.48 188.09
-1.00 -1.00
5 0
0 
 -1
