gremlinfile
0 48.00 64.00
3
109.19 108.61
109.87 108.35
110.32 108.26
110.82 108.03
110.94 107.39
110.78 106.90
110.44 106.52
109.94 106.58
107.13 107.37
106.88 107.87
107.06 108.40
107.26 108.83
-1.00 -1.00
5 0
0 
 3
139.32 106.49
141.33 106.88
144.48 107.15
143.88 107.48
141.92 107.84
141.43 107.71
139.55 107.55
138.85 107.58
-1.00 -1.00
5 0
0 
 3
134.11 105.11
125.30 107.06
-1.00 -1.00
5 0
0 
 3
119.34 94.41
120.51 94.88
120.78 95.40
120.65 97.47
120.71 98.21
120.89 98.75
121.36 99.06
123.00 98.90
124.00 98.68
125.37 98.49
126.08 98.24
126.49 97.84
126.66 97.23
126.73 96.77
126.68 96.32
126.55 95.85
126.22 95.47
125.76 95.17
125.19 95.04
124.56 95.02
122.30 95.11
122.04 94.69
121.85 94.21
120.70 93.70
120.08 93.60
119.62 93.74
119.38 94.29
-1.00 -1.00
5 0
0 
 3
90.71 75.09
94.45 76.62
95.11 76.78
95.39 76.18
95.45 75.52
95.35 75.04
91.48 73.86
90.86 73.74
90.60 74.41
90.60 75.16
-1.00 -1.00
5 0
0 
 3
78.57 72.66
79.11 72.99
80.46 73.23
82.24 73.78
84.54 74.40
85.23 74.72
92.41 77.49
92.80 77.74
98.03 79.43
97.93 78.99
97.66 78.49
97.28 78.21
93.26 76.81
92.66 76.50
84.70 73.51
78.98 71.77
78.62 72.15
78.49 72.69
-1.00 -1.00
5 0
0 
 3
114.49 76.99
114.59 75.49
114.94 75.12
115.50 75.15
116.03 75.32
121.39 77.98
123.73 78.93
124.29 79.22
129.12 81.25
130.20 81.81
132.19 82.64
132.87 82.86
133.33 82.96
136.02 84.04
140.61 86.37
141.12 86.57
141.54 86.85
141.97 87.22
142.24 87.68
142.32 88.14
142.37 89.45
142.29 89.99
-1.00 -1.00
5 0
0 
 3
138.40 95.43
138.40 94.88
-1.00 -1.00
5 0
0 
 3
138.29 95.36
140.56 96.16
145.11 98.00
145.56 98.13
145.84 97.73
141.01 95.60
138.57 94.64
-1.00 -1.00
5 0
0 
 3
119.10 87.80
119.54 87.97
120.68 88.27
137.45 95.12
137.80 94.73
137.52 94.27
135.94 93.74
134.45 92.97
119.61 87.25
119.12 87.57
-1.00 -1.00
5 0
0 
 3
114.26 85.84
117.98 87.39
118.45 87.52
118.64 87.05
118.05 86.53
117.07 86.21
114.89 85.29
114.43 85.37
-1.00 -1.00
5 0
0 
 3
146.81 95.15
146.48 95.64
-1.00 -1.00
5 0
0 
 3
148.30 93.84
148.72 94.23
-1.00 -1.00
5 0
0 
 3
148.15 91.99
148.61 91.93
-1.00 -1.00
5 0
0 
 3
147.59 90.19
147.85 89.68
-1.00 -1.00
5 0
0 
 3
146.79 89.23
146.84 88.71
-1.00 -1.00
5 0
0 
 3
146.17 89.29
145.87 88.65
145.84 88.17
-1.00 -1.00
5 0
0 
 3
145.84 90.04
144.95 89.42
-1.00 -1.00
5 0
0 
 3
145.51 91.33
144.91 91.09
-1.00 -1.00
5 0
0 
 3
145.84 93.00
145.30 92.80
-1.00 -1.00
5 0
0 
 3
146.27 93.95
145.82 94.33
-1.00 -1.00
5 0
0 
 3
145.85 90.63
145.68 91.13
145.67 91.98
145.76 92.45
146.16 93.83
146.55 94.72
146.91 95.14
147.38 95.34
147.77 94.88
148.11 94.07
148.19 93.16
148.11 92.55
147.84 91.52
147.61 90.90
147.27 90.51
146.84 90.27
146.32 90.50
145.92 91.05
-1.00 -1.00
5 0
0 
 3
148.89 92.52
148.87 91.71
148.27 89.73
147.84 88.82
147.49 88.36
146.91 87.94
146.32 87.85
145.84 88.01
-1.00 -1.00
5 0
0 
 3
144.97 91.59
144.98 92.22
145.54 94.26
146.17 95.58
146.75 96.47
147.26 96.96
147.74 97.07
148.19 96.92
148.52 96.50
148.76 96.00
149.01 95.27
149.23 93.94
148.85 90.92
148.64 90.20
148.44 89.74
147.68 88.50
147.22 87.97
146.75 87.65
146.24 87.45
145.75 87.53
145.36 87.76
145.05 88.14
144.82 88.59
144.65 89.31
144.59 90.06
145.36 93.60
145.98 95.18
146.72 96.46
-1.00 -1.00
5 0
0 
 3
146.65 85.54
145.99 85.47
145.13 85.51
144.63 85.68
143.56 86.28
143.14 86.73
142.79 87.30
142.46 88.09
142.20 89.05
-1.00 -1.00
5 0
0 
 3
142.74 89.66
142.99 88.38
143.20 87.89
143.44 87.47
144.02 86.67
144.44 86.25
144.89 85.87
145.32 85.64
145.84 85.56
146.32 85.57
146.98 85.77
147.50 86.16
147.93 86.57
148.28 87.02
149.27 89.92
149.48 91.05
149.75 91.90
150.21 94.75
150.23 95.24
150.35 95.84
150.23 96.89
150.00 97.49
149.50 98.44
-1.00 -1.00
5 0
0 
 3
105.73 73.23
105.52 71.94
105.53 70.64
105.67 70.13
105.89 69.63
-1.00 -1.00
5 0
0 
 3
104.58 69.83
105.08 69.84
-1.00 -1.00
5 0
0 
 3
105.81 69.20
105.47 68.76
105.23 68.35
105.27 67.79
-1.00 -1.00
5 0
0 
 3
106.50 69.10
106.83 68.07
-1.00 -1.00
5 0
0 
 3
107.76 70.76
108.20 70.42
-1.00 -1.00
5 0
0 
 3
108.58 73.50
109.02 73.34
-1.00 -1.00
5 0
0 
 3
108.88 76.22
109.30 76.44
109.72 76.73
-1.00 -1.00
5 0
0 
 3
108.52 78.56
109.01 78.80
109.38 79.14
-1.00 -1.00
5 0
0 
 3
107.77 79.73
108.01 78.68
-1.00 -1.00
5 0
0 
 3
106.42 78.39
106.94 78.09
-1.00 -1.00
5 0
0 
 3
105.53 76.86
106.02 76.70
-1.00 -1.00
5 0
0 
 3
104.93 74.57
105.50 74.61
-1.00 -1.00
5 0
0 
 3
104.51 72.00
105.08 72.29
-1.00 -1.00
5 0
0 
 3
104.44 69.59
104.93 69.90
-1.00 -1.00
5 0
0 
 3
106.87 69.57
107.54 70.48
108.34 72.14
108.93 74.41
109.12 75.69
109.13 76.19
109.06 76.90
108.93 77.53
108.69 78.10
108.21 78.36
107.74 78.28
107.27 77.87
106.78 77.34
106.15 76.25
105.72 74.51
105.50 72.72
105.49 72.11
105.73 70.79
-1.00 -1.00
5 0
0 
 3
105.51 66.50
106.59 67.00
107.15 67.42
107.59 67.89
107.96 68.45
108.59 69.81
109.69 73.00
110.27 75.87
110.35 77.50
110.23 78.85
110.07 79.56
109.84 80.19
109.50 80.63
109.06 80.88
108.59 80.95
108.11 80.71
107.72 80.46
107.36 80.12
107.03 79.72
105.78 77.50
105.40 76.54
104.59 72.97
104.31 70.49
104.34 69.25
104.56 67.95
104.77 67.38
105.15 66.87
105.56 66.63
106.11 66.67
106.59 66.95
107.07 67.39
-1.00 -1.00
5 0
0 
 3
111.47 82.45
111.35 82.96
111.05 83.61
110.72 84.18
110.34 84.70
109.88 85.07
109.45 85.34
108.84 85.52
107.26 84.22
105.73 82.41
104.91 81.28
104.04 79.62
103.40 77.95
102.73 74.97
101.62 71.50
101.53 70.90
101.50 69.02
101.89 66.54
102.65 64.15
103.04 63.17
-1.00 -1.00
5 0
0 
 3
110.56 72.62
110.80 73.78
110.99 74.33
111.63 77.32
111.73 79.48
111.61 81.35
111.50 81.80
-1.00 -1.00
5 0
0 
 3
98.51 64.27
99.63 63.84
101.65 63.23
103.69 62.94
104.32 63.00
104.90 63.16
106.17 64.24
107.01 65.15
107.71 66.18
108.29 67.33
108.52 68.11
109.14 69.34
109.93 71.60
-1.00 -1.00
5 0
0 
 3
96.54 75.01
96.26 73.08
96.17 70.78
96.29 69.25
96.45 68.52
97.89 65.01
98.22 64.57
98.64 64.16
99.71 63.64
101.44 63.10
102.55 62.91
103.18 62.94
103.67 63.05
104.32 63.35
104.86 63.75
105.70 64.51
106.57 65.16
-1.00 -1.00
5 0
0 
 3
63.68 90.15
64.13 90.07
66.39 89.39
68.62 88.46
69.40 88.30
74.54 86.39
78.30 84.57
78.88 84.35
79.38 84.34
81.29 85.44
82.76 86.52
82.76 87.01
80.78 87.76
79.33 88.41
71.25 91.25
70.33 91.50
69.88 91.68
67.84 92.24
67.35 92.19
66.79 92.03
66.16 91.77
63.83 90.31
-1.00 -1.00
5 0
0 
 3
77.55 72.46
75.79 71.58
74.17 71.04
72.06 70.73
70.93 70.73
69.45 70.90
67.05 71.70
62.48 73.55
61.74 73.72
60.25 74.19
53.80 76.46
53.38 76.67
47.33 82.38
-1.00 -1.00
5 0
0 
 3
51.24 84.67
50.77 84.41
48.15 83.37
47.63 82.94
47.33 82.31
47.33 81.82
47.44 81.25
47.60 80.77
47.89 80.28
51.11 76.86
51.48 76.57
52.35 75.51
53.62 74.24
54.09 73.99
57.26 72.86
60.58 71.87
61.66 71.45
63.96 70.77
65.66 70.18
66.69 69.75
67.86 69.37
69.05 69.08
70.84 68.78
73.36 68.99
73.97 69.10
75.13 69.44
75.86 69.58
77.52 70.15
-1.00 -1.00
5 0
0 
 3
51.13 84.79
50.63 84.51
48.36 83.51
47.83 83.18
-1.00 -1.00
5 0
0 
 3
135.68 97.86
135.85 97.36
136.33 97.24
136.86 97.49
137.03 97.97
-1.00 -1.00
5 0
0 
 3
134.84 98.46
135.31 98.72
136.96 99.24
137.35 98.96
137.19 98.37
135.48 97.81
135.04 97.96
134.81 98.38
-1.00 -1.00
5 0
0 
 3
117.24 94.93
118.32 91.29
118.79 87.58
118.62 82.90
118.02 78.83
-1.00 -1.00
5 0
0 
 3
134.14 109.55
134.55 109.06
134.78 108.52
136.49 105.11
137.38 102.60
138.03 99.86
138.25 98.05
138.26 96.73
138.08 95.27
137.80 94.42
137.58 93.97
137.09 92.74
133.99 87.29
132.54 85.40
-1.00 -1.00
5 0
0 
 3
137.28 101.96
138.74 102.91
139.25 103.16
141.26 103.85
142.63 104.13
146.68 104.44
148.79 104.82
149.35 105.02
149.94 105.36
150.50 105.78
150.96 106.29
151.17 106.82
-1.00 -1.00
5 0
0 
 3
100.05 110.25
95.43 106.29
93.00 103.75
-1.00 -1.00
5 0
0 
 3
87.38 102.93
88.70 102.97
101.91 105.45
102.80 105.81
104.72 106.76
105.75 107.53
106.66 108.50
107.03 109.05
107.29 109.55
-1.00 -1.00
5 0
0 
 3
64.74 93.54
65.18 93.92
67.20 95.04
70.04 96.39
70.50 96.54
77.64 99.58
79.01 100.03
-1.00 -1.00
5 0
0 
 3
123.47 106.24
123.86 100.06
123.76 98.86
-1.00 -1.00
5 0
0 
 3
133.22 109.60
132.31 109.37
129.76 108.98
123.66 107.27
123.06 106.94
122.55 106.52
122.18 106.10
121.85 105.66
121.43 104.94
120.76 103.48
119.76 101.82
118.96 100.03
118.11 98.58
116.56 95.15
-1.00 -1.00
5 0
0 
 3
126.57 97.29
127.17 97.39
130.41 98.48
131.80 99.24
134.09 101.00
135.14 102.17
135.40 102.80
135.29 104.77
135.13 105.45
133.95 108.81
133.72 109.30
-1.00 -1.00
5 0
0 
 3
117.04 94.97
120.54 95.99
-1.00 -1.00
5 0
0 
 3
119.33 94.39
119.92 94.54
-1.00 -1.00
5 0
0 
 3
92.74 98.88
92.53 99.30
92.37 99.77
92.04 100.20
90.73 101.23
90.32 101.44
-1.00 -1.00
5 0
0 
 3
92.03 98.64
91.82 99.05
90.19 101.47
89.78 101.96
89.43 102.27
88.93 102.60
88.39 102.70
87.93 102.62
87.42 102.70
86.92 102.87
86.35 102.92
86.80 102.62
87.35 102.52
88.29 102.24
89.29 101.73
89.83 101.27
-1.00 -1.00
5 0
0 
 3
99.06 99.18
99.46 98.86
99.94 98.72
101.75 97.79
102.54 97.19
102.81 96.75
102.82 96.23
102.14 96.07
-1.00 -1.00
5 0
0 
 3
102.13 96.15
101.90 96.60
98.33 99.31
96.08 100.49
94.85 100.82
92.09 101.25
90.98 101.59
91.51 101.87
92.55 101.68
93.72 101.32
94.28 101.04
95.54 100.13
96.58 99.59
98.22 98.97
98.69 98.84
-1.00 -1.00
5 0
0 
 3
84.50 101.92
98.31 109.95
100.04 110.68
-1.00 -1.00
5 0
0 
 3
84.27 101.87
84.66 101.59
85.15 101.34
88.37 100.31
88.84 100.21
94.35 98.69
100.70 97.32
101.33 97.11
105.18 96.41
106.07 96.33
108.44 95.82
114.93 95.09
115.24 95.48
115.51 95.99
115.83 96.41
118.71 101.82
118.99 102.51
121.10 106.23
121.27 107.22
120.93 107.58
120.48 107.81
119.62 108.16
119.07 108.29
117.17 108.63
116.05 108.92
113.67 109.24
112.29 109.55
111.82 109.58
103.91 110.73
103.39 110.73
102.21 110.89
100.41 110.94
99.95 111.00
-1.00 -1.00
5 0
0 
 3
81.65 98.80
81.04 98.90
80.46 99.07
79.91 99.32
79.52 99.71
79.91 100.06
80.96 100.29
83.94 101.44
-1.00 -1.00
5 0
0 
 3
103.60 93.35
98.18 95.07
97.61 95.02
97.18 94.75
97.62 95.21
98.51 95.84
98.29 96.28
91.53 98.20
90.73 98.30
84.45 99.97
83.99 99.97
83.55 99.82
81.85 98.78
82.41 98.81
83.48 99.01
84.18 98.98
86.28 98.51
87.00 98.44
87.62 98.32
93.98 96.48
95.89 96.08
97.18 95.88
97.70 95.72
98.29 95.62
-1.00 -1.00
5 0
0 
 3
88.36 85.15
88.87 85.51
89.46 85.83
91.14 86.89
97.53 90.66
100.44 92.13
101.57 92.50
102.15 92.64
103.40 93.28
102.79 93.64
-1.00 -1.00
5 0
0 
 3
57.22 88.04
57.57 87.48
57.99 87.12
62.38 84.25
63.50 83.33
66.04 82.33
66.93 82.08
68.31 81.77
76.05 79.40
76.77 79.42
77.06 79.93
78.06 80.63
82.25 84.10
84.93 86.02
85.38 86.24
85.95 86.16
88.88 85.19
91.06 83.91
91.13 83.38
90.03 82.60
89.55 82.18
87.25 80.65
84.45 78.49
83.86 78.22
83.17 78.09
82.33 78.13
81.76 78.25
80.82 78.58
78.48 79.08
78.01 79.28
77.77 79.92
-1.00 -1.00
5 0
0 
 3
54.99 89.90
55.75 89.02
56.56 88.41
57.14 88.35
57.68 88.62
61.09 90.79
63.85 92.92
64.78 93.50
64.35 93.83
61.39 94.51
60.85 94.48
55.20 89.92
-1.00 -1.00
5 0
0 
 3
135.91 110.52
135.33 110.82
134.56 111.01
132.86 111.23
124.85 112.71
121.37 113.01
120.69 113.18
119.52 113.28
115.19 113.36
106.90 112.46
99.72 110.94
98.22 110.38
94.83 108.57
84.73 102.53
84.33 102.23
83.60 102.23
72.19 100.26
66.33 98.04
65.35 97.52
62.84 96.00
62.10 95.64
56.02 91.23
53.52 88.85
50.96 85.65
-1.00 -1.00
5 0
0 
 3
136.30 110.08
136.66 109.58
138.03 108.20
140.35 104.85
-1.00 -1.00
5 0
0 
 3
147.55 106.30
145.72 106.54
144.83 107.43
144.20 107.60
141.60 108.04
138.84 108.79
137.65 108.95
-1.00 -1.00
5 0
0 
 3
147.44 106.32
149.21 106.62
-1.00 -1.00
5 0
0 
 3
147.48 106.33
147.98 106.50
149.09 106.67
149.58 106.87
149.29 107.24
140.35 109.97
135.71 110.70
136.00 110.18
136.38 109.90
136.82 109.50
138.90 106.91
140.64 103.97
-1.00 -1.00
5 0
0 
 3
151.45 97.60
151.34 98.16
151.86 98.57
152.20 99.07
152.43 99.57
152.82 101.16
152.90 101.75
152.89 103.42
152.62 105.14
152.48 105.61
152.14 106.34
151.73 106.90
151.36 107.21
150.88 107.43
148.09 108.02
-1.00 -1.00
5 0
0 
 3
78.68 68.52
79.19 68.35
81.97 68.27
84.77 68.29
89.23 68.77
93.13 69.53
93.71 69.81
94.17 70.21
95.45 72.15
96.20 73.61
96.33 74.09
99.20 80.77
100.38 82.41
101.73 83.83
105.26 86.49
107.08 87.38
108.35 87.70
109.95 87.81
110.49 87.77
110.94 87.64
111.60 87.52
112.11 87.34
113.16 86.75
113.57 86.33
114.41 84.82
114.77 83.86
115.01 82.65
114.68 78.71
114.37 77.34
114.79 77.05
115.34 77.19
141.44 89.46
142.09 89.86
143.04 90.74
143.35 91.25
144.53 93.95
145.47 96.72
146.80 99.25
147.09 99.67
147.49 100.13
148.16 100.68
149.12 101.25
149.58 101.38
150.04 101.43
150.58 101.19
150.97 100.79
151.24 100.27
151.36 99.70
151.38 98.30
150.97 96.24
150.84 95.77
150.65 95.31
-1.00 -1.00
5 0
0 
 3
50.83 85.43
51.11 85.03
53.01 82.94
54.86 81.46
57.53 79.07
57.99 78.75
59.22 78.19
59.97 77.94
60.50 77.82
64.13 76.83
65.35 76.29
66.43 75.93
73.22 73.95
74.48 73.47
77.06 72.85
77.55 72.62
77.99 72.24
78.19 71.63
78.30 71.09
78.45 69.81
78.43 68.80
78.02 68.32
75.79 68.59
74.00 68.93
-1.00 -1.00
5 0
0 
 3
50.86 85.60
51.09 85.03
52.96 83.11
53.61 82.56
53.99 82.30
57.07 79.43
-1.00 -1.00
5 0
0 
 -1
