gremlinfile
1 124.00 4.00
3
129.55 12.91
130.70 13.63
132.35 14.02
133.66 14.25
135.07 14.33
135.93 14.47
136.68 14.49
-1.00 -1.00
5 0
0 
 3
128.64 14.40
129.39 14.53
131.37 15.11
132.98 15.23
134.13 15.25
135.26 15.30
135.72 15.28
-1.00 -1.00
5 0
0 
 3
136.38 10.85
135.61 10.43
134.77 10.10
133.95 9.62
133.95 9.41
134.22 8.96
135.46 8.75
136.36 8.85
137.10 9.19
137.27 9.66
136.87 10.19
136.36 10.49
135.95 11.31
136.10 12.31
136.66 13.35
137.45 14.07
138.81 14.84
140.22 15.72
141.99 16.60
144.28 17.09
146.90 17.23
148.29 17.16
150.37 16.30
151.74 15.07
152.24 14.32
152.45 13.37
152.50 12.15
152.10 11.19
151.02 11.24
149.73 12.95
149.38 15.04
149.12 15.84
148.35 15.51
147.96 13.00
147.49 10.19
145.81 10.29
146.29 13.82
142.79 15.62
140.77 15.79
143.70 14.37
145.27 11.12
145.48 9.73
143.26 12.14
139.11 13.40
137.50 13.35
138.97 13.26
141.74 12.05
143.16 9.48
141.87 10.68
138.20 11.66
136.05 11.00
138.23 11.22
140.96 9.33
141.88 8.25
142.53 10.20
138.98 13.52
138.29 13.63
142.81 13.54
145.47 10.89
146.85 10.82
147.12 14.14
143.58 16.09
141.06 16.20
139.40 16.02
137.97 15.33
137.85 14.32
138.20 13.68
-1.00 -1.00
5 0
0 
 3
138.57 10.71
139.58 12.98
141.80 14.68
145.71 16.49
147.86 17.27
148.85 16.90
148.63 15.83
143.47 13.77
140.21 10.71
139.68 9.55
141.45 9.43
144.22 12.07
147.67 13.95
149.62 13.98
149.64 13.82
147.07 13.05
144.71 11.45
143.11 9.91
142.58 8.89
143.56 9.12
148.87 12.03
150.92 12.65
150.69 12.30
148.26 10.94
146.86 9.80
146.37 9.50
-1.00 -1.00
5 0
0 
 3
144.47 8.50
145.85 7.66
147.18 7.36
149.08 7.74
150.69 8.50
151.56 9.77
152.00 11.14
152.52 11.77
153.57 12.58
154.37 12.89
154.78 13.68
153.92 14.40
152.21 12.95
153.34 12.24
154.85 12.17
156.23 11.03
156.66 10.26
157.31 9.78
157.55 9.85
157.64 10.61
158.51 11.17
159.40 12.21
159.95 12.82
160.82 13.42
162.08 13.03
162.85 12.54
163.88 11.77
164.52 11.33
165.05 11.14
165.61 11.08
166.57 10.96
168.16 11.00
168.44 11.42
168.52 12.42
170.03 13.05
170.69 13.98
171.44 15.67
172.33 16.76
173.20 17.99
174.71 18.97
175.23 19.53
176.17 20.76
176.38 20.96
176.56 21.13
176.75 21.61
176.96 22.13
177.75 23.61
178.39 24.93
179.21 25.88
179.74 26.65
180.09 27.69
180.45 28.32
180.61 28.67
-1.00 -1.00
5 0
0 
 3
168.51 13.03
167.44 12.00
166.08 11.82
164.59 12.86
163.56 15.37
162.99 18.88
162.64 21.08
162.74 23.29
163.28 24.68
163.84 25.08
165.01 25.01
165.97 24.65
166.74 23.89
167.04 23.45
167.11 23.26
166.95 22.48
166.71 20.87
167.13 19.74
167.58 18.99
167.56 17.64
167.82 15.58
168.28 14.53
168.94 13.54
168.87 12.58
168.42 10.98
168.45 9.78
170.18 8.62
171.86 8.15
174.58 7.69
177.41 7.38
179.48 7.94
180.17 8.94
179.51 9.78
177.26 10.33
175.42 11.24
173.73 12.19
172.24 13.17
170.97 13.75
169.57 14.21
-1.00 -1.00
5 0
0 
 3
179.74 10.01
181.24 9.12
182.90 9.27
185.83 9.96
188.89 10.85
191.35 11.98
192.49 12.82
193.29 13.84
193.96 14.81
194.88 15.58
195.09 15.86
193.55 15.07
189.64 13.70
182.74 12.42
178.39 12.37
174.51 12.80
171.82 14.28
170.65 15.18
169.73 15.98
168.99 16.78
168.58 17.46
168.17 18.36
169.06 18.71
170.48 18.73
172.05 18.06
174.24 17.85
176.49 17.44
179.55 17.34
181.83 17.50
184.23 18.22
185.96 19.11
187.77 20.10
189.21 20.75
190.41 21.43
192.82 22.38
193.47 23.12
194.27 23.52
195.55 23.03
196.18 22.24
196.40 21.92
196.54 21.69
196.68 21.01
196.80 20.04
197.00 18.94
197.03 18.18
197.08 16.35
197.05 15.00
197.36 13.03
197.71 11.96
197.87 11.52
198.55 13.28
199.83 16.32
202.94 22.36
205.90 28.32
213.26 43.83
217.10 51.84
219.56 56.16
220.84 58.06
221.00 58.32
220.12 61.65
216.09 72.27
212.80 81.80
210.52 91.51
209.29 97.40
209.24 97.66
207.34 95.13
201.66 88.63
196.79 81.55
193.71 75.72
191.93 71.61
191.02 69.41
190.55 68.08
190.69 65.88
191.02 63.37
191.30 62.33
191.44 61.98
191.49 61.82
-1.00 -1.00
5 0
0 
 3
193.69 51.10
193.59 50.47
193.85 47.61
194.25 43.57
194.74 38.42
195.23 34.26
195.95 29.00
196.68 24.24
197.21 20.32
197.78 15.72
197.97 12.28
198.01 12.01
197.31 11.05
197.36 10.47
198.27 10.40
199.27 10.50
201.22 10.31
203.93 10.27
205.66 10.57
206.03 11.70
205.63 11.87
204.46 11.65
203.32 12.42
201.38 11.70
199.72 11.00
198.62 10.12
-1.00 -1.00
5 0
0 
 3
206.04 10.84
205.43 10.10
206.36 9.38
207.70 9.38
207.83 10.66
206.38 10.96
206.88 10.94
208.59 10.22
210.11 10.70
212.63 11.01
213.56 9.84
212.72 9.27
211.25 9.68
210.50 9.20
208.98 9.01
208.35 9.94
209.10 8.36
210.24 7.89
210.59 7.13
211.34 7.04
211.97 6.83
212.68 7.08
213.28 6.90
213.89 6.78
214.97 7.92
215.91 8.57
217.99 9.15
221.29 9.38
224.18 9.19
225.22 8.50
224.44 7.29
222.87 7.13
219.95 6.66
217.92 6.09
215.69 6.83
215.49 7.09
-1.00 -1.00
5 0
0 
 3
227.30 8.25
225.84 8.03
226.40 8.25
227.57 8.62
229.43 8.78
230.26 8.52
231.39 7.83
231.18 7.57
230.06 7.80
229.15 8.52
228.39 8.92
227.79 8.54
228.93 7.22
230.55 6.74
234.74 7.17
238.73 8.10
241.84 8.75
241.84 8.41
241.05 7.09
239.01 5.95
236.44 5.51
233.26 5.13
230.40 5.39
228.72 5.95
227.15 7.53
226.78 7.89
225.70 5.50
224.19 4.65
222.94 4.92
223.15 5.95
224.35 7.11
226.15 8.18
-1.00 -1.00
5 0
0 
 3
193.21 64.46
193.59 64.02
194.46 63.44
195.37 62.84
195.77 62.54
196.16 62.40
196.82 62.08
197.36 61.77
198.64 61.63
200.19 61.14
201.80 60.42
204.18 59.98
205.52 59.31
207.32 58.68
210.32 57.69
213.38 57.11
215.72 56.59
217.59 56.80
218.66 57.08
218.81 57.13
218.99 57.11
-1.00 -1.00
5 0
0 
 3
207.44 88.53
205.73 85.85
203.97 82.80
202.53 79.07
201.54 74.80
201.14 70.39
200.58 62.33
200.54 60.96
200.65 60.43
200.73 59.62
200.75 56.83
200.68 53.09
200.47 48.54
200.44 43.48
200.19 38.54
200.12 33.73
200.18 27.76
200.19 24.03
200.04 20.89
199.35 15.60
-1.00 -1.00
5 0
0 
 3
201.08 37.52
201.03 37.17
201.38 37.37
201.22 37.31
201.28 36.96
201.85 37.24
201.99 38.40
201.01 39.26
200.00 40.14
197.96 43.16
196.65 45.97
195.63 49.22
194.99 51.26
194.48 52.91
194.36 53.34
194.11 54.02
194.04 54.14
-1.00 -1.00
5 0
0 
 3
193.90 60.45
193.96 60.98
195.02 63.26
195.97 65.49
197.24 68.02
198.78 70.38
200.00 72.06
202.41 75.21
202.69 75.59
202.36 74.82
202.57 74.77
202.76 74.98
201.82 75.01
202.18 74.35
202.59 74.89
-1.00 -1.00
5 0
0 
 3
167.02 21.68
166.95 22.85
167.07 23.47
168.00 24.56
168.68 26.24
169.19 28.97
169.10 31.57
168.80 34.78
168.03 38.21
167.79 40.39
167.91 41.67
168.03 42.27
168.10 42.43
167.30 42.99
166.58 43.25
167.27 42.86
169.03 42.81
171.35 43.27
172.99 43.08
174.57 42.39
176.56 41.97
177.83 42.06
178.69 41.72
179.98 41.30
181.12 41.18
181.89 41.23
181.40 42.55
180.44 43.85
179.76 44.69
179.46 45.25
178.95 45.59
177.48 45.50
176.51 45.38
175.35 45.29
174.03 44.92
172.21 44.20
170.72 44.18
167.32 44.50
166.50 44.43
166.23 44.20
166.29 43.71
166.62 43.29
167.09 43.11
167.86 43.00
168.35 42.93
-1.00 -1.00
5 0
0 
 3
176.21 39.77
177.34 39.35
178.67 39.18
180.51 39.19
182.24 39.56
183.90 40.26
184.84 40.88
185.66 41.48
185.47 42.51
184.82 44.34
184.30 46.20
184.09 46.76
183.07 46.55
182.17 46.36
181.08 45.99
180.61 45.78
181.36 45.15
182.13 43.78
182.13 43.13
182.06 42.81
181.75 43.85
180.56 45.18
180.02 45.24
179.28 45.17
178.86 45.34
178.27 45.75
177.38 45.75
176.17 46.59
175.82 47.38
175.62 48.21
175.63 48.36
176.23 48.68
177.64 49.29
179.65 50.38
181.14 51.61
182.50 53.32
183.79 55.83
184.51 57.69
184.93 59.61
185.07 61.05
184.96 62.38
184.73 64.05
184.49 64.86
185.29 64.84
186.45 65.00
187.91 65.51
188.49 66.13
188.73 66.95
188.68 67.86
188.24 69.02
187.72 69.90
186.85 70.62
185.57 70.97
184.23 70.94
183.35 70.85
182.48 70.89
182.04 71.01
181.36 71.87
180.82 72.71
180.05 73.93
179.07 75.37
178.34 76.60
177.83 77.46
177.36 78.14
176.91 78.84
176.51 79.93
176.28 81.09
176.65 82.38
177.50 83.45
178.24 83.89
179.11 84.03
180.14 83.89
180.93 83.50
181.48 82.92
181.68 82.66
-1.00 -1.00
5 0
0 
 3
176.38 78.95
175.39 80.18
174.41 81.04
173.55 81.59
170.86 82.80
169.05 83.38
166.99 83.69
164.77 83.90
162.22 83.69
160.03 83.31
158.01 82.82
156.35 82.13
154.69 81.13
153.38 79.97
152.07 78.53
151.02 76.82
150.11 74.91
149.40 72.84
148.92 70.89
148.42 68.83
148.21 66.41
148.42 63.54
148.84 60.40
149.38 57.18
150.67 54.11
151.96 52.49
153.26 51.23
154.81 49.77
156.78 48.17
158.41 47.38
160.73 46.78
163.51 46.27
165.80 46.15
167.30 46.34
167.88 46.59
167.96 46.26
168.14 45.18
168.19 45.03
168.24 44.76
-1.00 -1.00
5 0
0 
 3
149.06 62.95
147.09 62.33
146.04 62.68
145.26 64.09
145.08 65.74
-1.00 -1.00
5 0
0 
 3
145.94 68.18
146.32 66.90
147.23 65.42
147.91 64.98
148.14 64.65
-1.00 -1.00
5 0
0 
 3
147.93 67.27
147.14 68.11
146.76 69.16
146.57 71.10
146.86 72.94
147.49 74.38
-1.00 -1.00
5 0
0 
 3
176.77 75.23
177.08 76.10
178.08 77.11
179.35 77.32
179.82 77.28
-1.00 -1.00
5 0
0 
 3
179.20 68.78
178.93 68.08
178.57 66.85
178.43 65.79
178.60 65.51
179.21 65.58
180.09 66.70
180.21 67.86
180.07 68.83
179.39 68.39
178.95 67.14
178.55 65.74
179.00 65.56
179.82 66.95
179.98 68.27
179.42 67.92
179.02 66.30
179.11 65.60
180.14 67.11
180.24 68.04
179.37 67.14
179.13 65.84
180.17 67.72
179.34 65.98
179.79 67.46
179.77 66.76
180.05 67.64
179.37 66.48
180.26 67.50
179.49 66.85
180.03 67.25
180.19 67.76
179.53 67.69
179.95 67.95
180.07 68.46
179.72 67.83
179.82 67.99
179.69 67.48
179.41 66.90
179.28 66.51
179.16 66.04
178.83 65.76
-1.00 -1.00
5 0
0 
 3
183.88 55.27
183.32 55.44
182.67 55.27
181.99 54.74
181.33 54.30
180.70 54.13
180.21 53.99
179.79 54.00
179.44 54.20
179.11 54.71
178.79 54.99
178.34 55.13
177.90 55.06
177.66 54.78
177.69 54.28
178.08 53.84
178.58 53.76
178.79 53.84
-1.00 -1.00
5 0
0 
 3
166.83 67.25
166.22 67.48
165.47 67.88
164.42 67.99
162.72 68.04
161.59 67.95
160.82 67.32
160.45 66.49
160.47 65.14
160.80 63.52
161.52 62.26
162.18 61.79
163.13 61.59
163.91 61.42
164.84 61.77
165.20 62.00
165.38 62.08
-1.00 -1.00
5 0
0 
 3
168.00 24.98
169.33 22.98
170.97 21.10
172.19 19.76
172.70 19.48
173.20 21.33
173.62 23.45
173.87 24.35
175.09 22.94
176.21 21.69
177.57 20.78
178.10 20.53
178.83 21.29
180.10 23.82
180.79 25.33
181.38 25.30
183.58 23.73
186.22 22.29
188.02 21.73
188.65 21.99
189.47 25.45
189.68 27.05
190.20 26.81
191.46 26.07
191.93 25.96
192.38 26.68
-1.00 -1.00
5 0
0 
 3
187.23 32.04
187.11 31.85
186.06 29.37
185.92 28.35
185.80 27.67
185.64 27.42
183.88 28.53
182.53 28.95
181.71 29.28
180.31 29.18
179.35 28.76
178.60 28.39
177.68 26.16
177.33 24.31
177.15 24.22
175.20 25.96
174.20 27.11
173.34 28.18
172.72 29.65
172.56 29.83
171.68 28.30
171.07 25.72
170.79 25.54
169.80 27.18
169.19 28.46
168.94 29.21
168.85 29.53
-1.00 -1.00
5 0
0 
 3
193.29 23.12
193.31 23.38
193.07 24.45
192.89 25.58
192.40 26.93
191.72 28.04
191.27 29.32
190.79 30.27
190.25 31.25
189.80 31.97
189.00 33.10
188.59 33.80
188.49 34.24
188.40 34.69
-1.00 -1.00
5 0
0 
 3
179.37 28.26
179.70 28.25
180.51 28.63
181.40 29.28
182.38 29.41
183.55 30.13
183.77 30.64
183.70 32.89
183.44 35.06
182.92 37.14
182.34 38.93
182.22 39.28
181.52 39.40
180.52 39.40
178.93 39.46
177.82 39.61
176.66 39.56
176.09 39.58
-1.00 -1.00
5 0
0 
 3
182.01 39.33
182.20 39.44
182.85 39.74
183.83 40.49
184.87 41.11
185.83 41.83
186.76 42.48
187.55 42.90
188.17 43.30
188.26 43.58
188.10 44.60
187.95 46.38
187.84 47.40
188.00 48.29
188.59 48.66
189.45 48.70
190.27 48.84
190.92 48.77
190.97 48.38
190.90 47.85
190.48 47.13
189.92 46.08
189.62 44.99
189.59 44.71
190.48 45.64
191.37 46.27
192.11 46.08
192.79 45.66
193.26 45.11
193.43 44.01
193.45 43.32
193.26 43.08
192.56 43.02
191.44 43.13
190.90 43.09
191.88 42.76
192.63 42.30
192.59 41.63
192.37 41.05
191.51 40.33
190.88 40.25
190.06 40.25
190.46 40.04
191.18 39.53
191.39 38.58
190.85 37.95
189.68 37.35
189.21 37.47
189.10 37.33
188.98 35.64
188.59 34.50
188.09 33.80
187.09 32.82
186.04 31.88
185.57 31.62
184.63 31.23
184.03 31.13
-1.00 -1.00
5 0
0 
 3
183.88 46.92
186.41 50.01
188.31 52.88
189.22 53.90
189.64 54.65
190.01 55.27
190.27 56.59
191.00 57.71
191.58 57.89
192.24 57.41
192.54 56.37
192.44 55.32
192.14 55.00
191.81 54.92
-1.00 -1.00
5 0
0 
 3
190.78 57.09
190.74 57.62
190.62 58.99
190.55 60.17
190.76 60.75
191.55 61.75
192.42 61.52
193.52 61.43
194.18 61.28
194.18 61.03
194.11 60.89
193.94 60.36
193.62 59.01
193.40 57.99
193.35 57.62
193.05 56.95
193.62 58.06
194.46 58.94
195.46 58.64
196.09 58.06
196.18 57.39
195.74 57.01
194.59 56.64
193.54 56.15
193.92 55.97
195.13 55.60
195.56 54.88
195.32 54.53
194.52 54.48
193.62 54.48
193.62 54.25
194.78 53.39
194.11 52.21
193.31 52.11
192.61 52.42
192.63 51.93
192.65 50.88
192.49 49.68
192.28 48.70
192.05 47.87
191.91 47.64
191.63 47.15
191.48 46.87
-1.00 -1.00
5 0
0 
 3
194.95 13.33
195.35 13.98
195.79 14.37
196.61 14.75
197.01 15.05
197.45 15.88
197.24 16.85
196.94 17.97
196.75 18.94
196.75 19.88
196.70 20.85
196.61 21.92
196.33 22.29
195.65 22.26
194.64 23.21
194.04 23.47
193.31 23.61
-1.00 -1.00
5 0
0 
 3
204.26 16.56
205.26 16.88
208.51 17.07
214.83 17.35
221.45 18.02
223.02 18.08
-1.00 -1.00
5 0
0 
 3
222.78 20.59
220.77 18.83
219.67 17.44
-1.00 -1.00
5 0
0 
 3
219.37 22.47
218.24 19.94
217.29 17.34
217.15 16.88
-1.00 -1.00
5 0
0 
 3
215.13 20.48
214.99 18.32
215.04 17.06
-1.00 -1.00
5 0
0 
 3
210.59 19.18
211.18 17.72
211.55 16.81
-1.00 -1.00
5 0
0 
 3
210.13 15.28
212.12 15.23
216.11 15.42
223.08 16.25
231.15 16.90
237.71 16.92
-1.00 -1.00
5 0
0 
 3
217.92 14.39
221.73 15.23
227.76 15.88
234.81 16.25
-1.00 -1.00
5 0
0 
 3
231.86 17.71
232.47 16.74
232.96 16.02
-1.00 -1.00
5 0
0 
 3
235.79 18.58
235.55 17.14
235.99 15.81
-1.00 -1.00
5 0
0 
 3
239.85 16.88
239.11 16.20
238.81 15.14
238.52 13.91
-1.00 -1.00
5 0
0 
 3
241.75 15.95
240.63 14.70
240.79 13.49
-1.00 -1.00
5 0
0 
 3
239.23 13.38
238.40 13.88
234.62 13.98
-1.00 -1.00
5 0
0 
 3
227.36 14.32
231.67 15.09
236.00 15.18
239.50 15.11
241.59 14.83
-1.00 -1.00
5 0
0 
 3
128.31 37.80
129.78 34.87
-1.00 -1.00
5 0
0 
 3
131.12 33.96
131.39 35.87
132.03 39.82
-1.00 -1.00
5 0
0 
 3
135.00 44.02
134.23 41.28
133.74 36.98
134.02 36.31
136.99 39.26
139.77 40.14
-1.00 -1.00
5 0
0 
 3
141.59 38.65
139.75 37.54
137.67 35.77
-1.00 -1.00
5 0
0 
 3
147.00 42.00
146.22 40.95
144.59 38.19
144.14 36.00
144.12 35.42
147.63 37.05
149.54 38.05
-1.00 -1.00
5 0
0 
 3
153.87 36.75
150.50 35.49
147.04 33.68
146.23 33.11
-1.00 -1.00
5 0
0 
 3
151.26 32.64
152.82 33.87
155.68 35.66
-1.00 -1.00
5 0
0 
 3
161.22 39.40
158.11 36.28
156.14 34.06
157.61 34.43
159.91 34.92
-1.00 -1.00
5 0
0 
 3
163.67 35.08
160.89 33.78
159.86 33.39
-1.00 -1.00
5 0
0 
 3
213.36 34.92
210.38 31.20
-1.00 -1.00
5 0
0 
 3
218.34 38.02
213.66 33.01
213.10 31.69
217.29 33.68
218.64 34.15
-1.00 -1.00
5 0
0 
 3
223.25 33.96
219.77 31.85
219.11 31.30
-1.00 -1.00
5 0
0 
 3
231.62 36.84
226.73 33.41
224.74 32.20
228.30 32.43
230.99 32.50
-1.00 -1.00
5 0
0 
 3
237.33 33.66
235.58 32.39
234.15 31.08
-1.00 -1.00
5 0
0 
 3
242.48 34.84
238.74 30.81
238.31 29.88
242.99 32.46
-1.00 -1.00
5 0
0 
 3
247.43 31.16
243.53 30.00
241.37 28.84
-1.00 -1.00
5 0
0 
 3
246.50 28.60
245.75 28.26
-1.00 -1.00
5 0
0 
 3
169.48 15.90
171.46 15.09
173.64 14.37
175.75 13.56
179.16 13.42
182.31 12.95
187.67 13.09
190.38 13.81
192.87 14.65
194.45 16.13
196.00 17.99
196.72 19.15
-1.00 -1.00
5 0
0 
 3
195.98 18.83
194.06 17.04
192.28 15.49
188.61 15.14
183.34 14.09
180.49 14.40
176.05 14.46
172.94 15.16
170.57 15.19
168.75 16.14
-1.00 -1.00
5 0
0 
 3
168.80 17.23
171.82 16.42
175.06 15.51
178.22 15.60
181.57 15.91
184.63 16.76
187.46 17.62
190.25 18.62
192.23 19.41
194.55 20.50
195.65 21.52
-1.00 -1.00
5 0
0 
 3
195.35 22.41
194.73 22.54
193.17 21.61
190.18 20.25
187.34 19.50
184.66 18.37
182.15 17.51
179.42 16.76
177.26 16.51
174.43 16.83
-1.00 -1.00
5 0
0 
 3
195.18 20.78
194.48 20.48
192.45 19.04
190.53 17.51
188.10 15.88
186.20 14.97
182.76 13.81
-1.00 -1.00
5 0
0 
 -1
