gremlinfile
1 120.00 4.00
3
258.56 18.82
264.23 18.33
270.11 17.51
272.40 18.03
265.19 19.82
259.58 21.54
266.76 20.72
275.87 19.03
273.80 20.29
270.89 21.57
276.36 19.52
279.04 20.05
274.30 20.20
276.21 20.99
279.73 19.29
277.64 21.19
-1.00 -1.00
5 0
0 
 3
269.44 27.69
277.12 34.97
-1.00 -1.00
5 0
0 
 3
276.04 44.28
272.29 39.07
270.16 34.62
270.57 31.67
-1.00 -1.00
5 0
0 
 3
268.30 35.44
268.19 35.27
264.99 30.58
265.57 28.01
-1.00 -1.00
5 0
0 
 3
263.44 36.49
262.98 36.20
261.03 33.98
260.10 31.14
261.79 27.80
-1.00 -1.00
5 0
0 
 3
253.26 25.67
253.99 25.93
257.04 26.05
260.27 25.70
266.64 25.84
272.00 24.91
276.36 23.68
278.69 24.41
-1.00 -1.00
5 0
0 
 3
250.33 8.88
250.53 8.88
250.41 8.85
250.38 8.73
250.24 7.03
250.41 5.74
250.99 4.84
-1.00 -1.00
5 0
0 
 3
240.14 55.86
240.32 55.86
241.89 55.77
243.55 55.45
244.77 55.45
245.44 56.45
244.27 57.09
242.27 57.38
240.09 56.92
239.62 55.98
241.51 55.69
244.16 55.57
244.27 56.36
242.06 56.18
240.87 56.71
244.39 56.33
244.42 57.09
241.07 56.74
242.09 57.24
244.48 57.00
242.33 56.92
240.64 56.62
242.56 57.35
244.83 56.53
242.15 57.24
240.58 55.25
244.71 55.92
244.91 56.62
-1.00 -1.00
5 0
0 
 3
236.65 73.04
236.68 72.13
238.28 72.39
238.63 73.77
236.97 73.68
237.93 72.30
238.83 73.39
237.96 73.77
237.06 72.42
238.78 73.77
237.18 72.45
-1.00 -1.00
5 0
0 
 3
248.67 73.30
247.77 73.04
247.68 72.07
248.84 71.84
249.66 72.95
248.20 73.15
248.90 72.28
248.90 73.15
247.18 72.30
248.81 72.45
248.00 73.33
247.97 72.13
248.41 73.50
247.45 72.01
-1.00 -1.00
5 0
0 
 3
244.59 76.02
243.81 75.93
243.26 76.08
241.60 75.41
240.58 73.74
240.52 72.33
240.61 71.16
242.09 70.55
243.69 70.14
244.86 70.14
-1.00 -1.00
5 0
0 
 3
238.66 80.17
240.23 80.09
242.65 80.55
244.65 81.11
245.47 82.16
245.58 82.69
246.19 81.49
247.15 80.67
248.78 79.74
-1.00 -1.00
5 0
0 
 3
245.53 85.41
244.89 85.53
243.08 85.76
240.32 84.65
238.72 83.10
239.04 81.46
240.41 80.61
242.47 80.55
244.51 80.93
247.21 80.85
249.66 81.29
250.94 82.25
250.33 82.75
249.92 81.84
250.47 81.78
250.67 82.22
-1.00 -1.00
5 0
0 
 3
239.04 48.75
238.57 47.11
238.37 45.97
238.34 45.65
-1.00 -1.00
5 0
0 
 3
223.65 69.38
222.40 69.41
221.00 67.80
220.71 65.11
221.58 63.18
222.69 62.42
224.14 62.56
224.38 62.88
-1.00 -1.00
5 0
0 
 3
261.52 69.12
261.90 70.40
261.84 72.10
261.90 74.64
261.64 76.46
261.20 77.89
260.33 80.00
259.46 81.49
258.12 83.45
256.61 85.35
255.18 87.23
253.47 88.51
251.63 89.80
250.18 90.50
247.13 91.23
244.25 91.53
242.56 91.26
239.77 90.50
237.29 89.62
234.91 88.31
233.13 87.11
231.97 85.47
230.14 83.36
228.83 81.43
226.94 79.30
225.83 77.51
225.08 75.52
224.46 73.24
224.23 71.22
224.00 68.76
223.65 66.28
223.91 64.26
224.38 61.74
226.09 59.40
227.26 57.62
228.28 55.69
229.44 54.34
231.15 52.94
233.45 51.18
236.25 50.45
239.30 49.81
242.18 49.83
244.86 50.13
247.85 49.98
249.51 50.33
-1.00 -1.00
5 0
0 
 3
247.68 47.20
247.21 48.72
247.50 50.19
247.42 50.65
248.52 50.74
249.48 51.12
250.76 51.44
252.68 52.26
254.17 53.11
255.79 54.17
256.64 55.36
257.77 56.71
258.76 58.26
259.66 60.13
260.16 61.30
260.10 62.04
260.10 61.68
260.71 61.07
261.90 60.86
263.36 61.16
264.23 61.89
264.90 62.77
265.51 64.38
265.34 65.66
265.07 66.69
264.43 68.03
262.98 68.71
261.70 68.73
260.39 68.27
-1.00 -1.00
5 0
0 
 3
246.22 26.55
246.19 26.37
245.79 26.34
245.32 26.75
244.74 27.66
245.44 30.15
245.85 33.39
248.00 34.80
248.35 33.92
-1.00 -1.00
5 0
0 
 3
249.39 33.63
248.03 33.86
247.62 32.69
247.39 30.88
246.92 29.12
247.07 26.69
248.41 25.55
249.34 25.23
250.38 24.91
251.11 25.03
252.45 25.61
252.42 26.46
252.88 27.98
252.97 28.39
-1.00 -1.00
5 0
0 
 3
231.68 23.85
233.86 23.88
244.89 22.66
-1.00 -1.00
5 0
0 
 3
229.82 26.49
238.78 25.96
246.57 24.97
-1.00 -1.00
5 0
0 
 3
231.74 28.83
240.17 28.01
244.42 27.66
-1.00 -1.00
5 0
0 
 3
232.96 35.15
233.86 35.38
238.86 35.27
245.61 35.65
-1.00 -1.00
5 0
0 
 3
235.55 37.93
235.81 37.96
237.67 38.07
239.71 37.75
243.40 37.02
246.95 35.41
249.71 33.42
250.73 32.11
-1.00 -1.00
5 0
0 
 3
243.81 46.21
241.95 45.65
240.78 44.13
238.14 41.12
-1.00 -1.00
5 0
0 
 3
249.98 17.94
250.01 18.06
249.98 18.18
249.83 18.21
249.95 18.24
250.70 18.27
251.72 18.24
251.93 18.27
252.77 18.53
252.71 20.11
252.48 22.71
252.62 25.55
252.71 28.10
252.65 31.55
252.13 33.95
250.94 37.72
249.37 41.91
249.05 44.98
249.07 46.91
247.94 47.38
243.63 46.79
242.30 45.53
245.21 43.84
246.54 43.31
249.22 44.60
249.22 46.38
-1.00 -1.00
5 0
0 
 3
228.10 32.31
227.02 32.46
226.36 31.32
225.92 28.45
226.50 24.97
227.55 26.14
228.30 30.50
228.51 33.07
226.65 33.83
224.81 32.51
224.14 28.71
225.10 26.34
225.86 26.34
226.09 29.38
227.49 32.78
228.33 34.48
227.05 33.57
229.12 34.42
228.57 36.23
230.20 37.02
232.38 40.50
230.75 38.92
232.76 40.97
234.12 43.19
234.79 42.78
235.11 45.77
237.29 47.26
238.51 46.38
238.83 45.80
-1.00 -1.00
5 0
0 
 3
251.78 18.18
249.42 18.24
246.54 18.38
242.27 18.94
236.80 19.09
230.54 19.32
226.94 19.47
225.48 20.05
226.18 23.97
227.46 29.56
229.85 33.92
233.25 39.01
235.14 42.43
235.93 43.54
234.06 43.22
236.91 47.26
238.60 45.18
238.31 42.40
237.26 40.50
238.17 40.94
239.13 42.87
239.94 43.63
237.96 40.56
236.83 36.11
235.14 29.76
233.92 24.50
233.42 20.58
233.60 18.82
-1.00 -1.00
5 0
0 
 3
235.29 14.87
234.91 12.06
235.40 10.10
233.89 8.58
234.50 7.71
232.96 7.21
232.32 6.36
230.81 5.74
-1.00 -1.00
5 0
0 
 3
250.24 9.28
249.25 14.20
249.57 17.48
249.80 18.35
246.17 18.27
241.77 18.03
236.83 18.76
233.07 19.17
229.47 19.38
229.35 18.76
228.71 15.14
227.52 11.10
226.36 8.06
-1.00 -1.00
5 0
0 
 3
230.17 6.86
227.64 7.91
224.90 8.49
222.37 7.94
220.16 6.71
220.36 5.16
222.72 4.49
226.76 4.08
229.50 4.49
231.36 5.95
231.77 6.45
230.49 4.93
233.57 3.73
239.39 3.11
245.12 2.85
250.15 2.82
252.57 3.78
251.87 5.66
249.74 5.98
246.81 6.04
244.62 6.39
241.39 6.04
238.17 6.53
235.17 6.15
232.43 6.21
-1.00 -1.00
5 0
0 
 3
168.15 28.97
168.06 26.75
168.09 24.67
168.15 22.28
170.76 21.46
174.40 21.16
-1.00 -1.00
5 0
0 
 3
190.17 11.27
188.28 10.95
186.56 10.69
184.41 10.22
183.01 10.16
182.58 10.07
-1.00 -1.00
5 0
0 
 3
174.72 6.59
177.83 8.76
180.66 9.90
175.27 7.35
177.11 8.99
176.87 9.96
173.44 7.91
176.26 9.87
172.71 7.82
175.59 9.52
-1.00 -1.00
5 0
0 
 3
192.12 35.27
191.45 36.73
190.25 38.07
189.50 36.55
191.16 35.38
191.94 36.70
190.17 38.31
-1.00 -1.00
5 0
0 
 3
173.21 26.08
173.09 29.30
173.62 34.09
172.68 32.02
173.09 25.99
175.56 26.25
176.29 32.90
174.98 36.00
174.05 30.99
172.98 26.25
174.14 31.34
173.47 33.98
172.48 33.83
171.99 33.98
173.44 37.14
-1.00 -1.00
5 0
0 
 3
191.30 71.84
190.02 69.64
191.10 68.50
191.68 70.70
190.23 68.97
191.51 71.08
190.89 68.97
191.65 71.60
190.52 69.12
191.56 71.46
190.23 68.73
-1.00 -1.00
5 0
0 
 3
191.42 72.33
190.72 71.46
190.02 69.52
190.46 68.68
191.24 68.38
191.71 69.52
191.59 71.66
190.84 71.78
190.11 69.82
191.10 69.38
191.56 71.08
190.89 69.29
191.51 70.29
-1.00 -1.00
5 0
0 
 3
189.21 74.12
187.93 72.80
186.47 71.05
186.18 69.26
187.96 66.86
-1.00 -1.00
5 0
0 
 3
176.09 78.68
172.51 77.54
168.52 75.05
165.24 69.76
166.31 64.76
169.19 61.83
170.97 59.87
-1.00 -1.00
5 0
0 
 3
175.30 83.57
171.70 83.89
163.52 78.51
161.43 69.29
-1.00 -1.00
5 0
0 
 3
174.46 79.88
170.12 80.47
164.95 77.10
163.58 68.50
165.96 65.25
-1.00 -1.00
5 0
0 
 3
192.87 80.64
188.48 83.07
183.48 88.31
175.59 92.61
167.86 90.30
163.38 84.53
-1.00 -1.00
5 0
0 
 3
193.98 82.90
191.39 85.91
186.59 89.33
178.50 90.24
-1.00 -1.00
5 0
0 
 3
198.98 82.25
196.74 83.57
194.85 87.25
191.39 91.67
185.28 91.94
179.84 88.63
-1.00 -1.00
5 0
0 
 3
167.27 90.47
169.92 93.16
174.43 93.69
179.14 91.73
185.43 87.93
-1.00 -1.00
5 0
0 
 3
171.35 90.97
166.31 88.10
161.34 80.50
-1.00 -1.00
5 0
0 
 3
160.18 74.79
161.22 78.36
168.70 86.64
177.86 89.51
-1.00 -1.00
5 0
0 
 3
174.02 86.03
165.41 80.29
161.54 71.87
-1.00 -1.00
5 0
0 
 3
182.08 81.23
178.82 86.52
179.52 90.38
-1.00 -1.00
5 0
0 
 3
177.02 84.01
172.89 89.04
167.86 89.48
160.50 78.59
-1.00 -1.00
5 0
0 
 3
177.92 79.68
174.31 84.24
167.07 83.19
162.45 75.05
-1.00 -1.00
5 0
0 
 3
176.00 73.59
173.21 71.84
172.13 68.73
174.63 65.78
177.72 66.34
-1.00 -1.00
5 0
0 
 3
173.47 62.01
170.24 66.28
170.62 72.33
174.66 76.46
178.12 76.02
-1.00 -1.00
5 0
0 
 3
173.12 58.06
167.51 62.62
166.34 70.70
170.30 75.29
-1.00 -1.00
5 0
0 
 3
171.84 56.65
164.22 58.79
161.60 71.92
164.80 77.78
-1.00 -1.00
5 0
0 
 3
170.33 56.33
164.66 58.32
160.96 67.21
163.41 77.92
-1.00 -1.00
5 0
0 
 3
166.43 51.85
163.35 52.73
159.89 56.62
158.52 63.15
-1.00 -1.00
5 0
0 
 3
176.09 50.33
174.72 51.68
171.26 52.32
165.70 54.72
160.73 60.81
159.45 68.85
160.47 76.34
163.23 81.78
168.99 87.46
176.00 90.15
-1.00 -1.00
5 0
0 
 3
175.77 52.50
175.45 52.47
175.24 52.38
-1.00 -1.00
5 0
0 
 3
176.52 49.66
178.07 48.64
179.93 47.47
181.41 45.10
181.82 44.01
182.02 47.99
183.27 49.51
183.33 49.66
182.17 51.68
181.82 52.59
183.94 52.56
185.54 52.35
187.46 52.26
190.40 54.19
193.05 57.35
195.69 60.34
197.29 64.55
196.80 68.15
196.51 68.91
198.84 68.03
200.32 69.76
198.92 74.00
195.29 73.65
191.68 75.84
190.84 81.26
191.30 84.56
190.14 86.76
188.34 88.04
-1.00 -1.00
5 0
0 
 3
175.59 35.88
176.23 31.67
175.65 28.04
175.13 26.99
174.66 32.49
174.37 36.23
174.46 33.48
172.71 33.39
172.13 35.53
173.24 33.04
173.09 30.06
173.50 25.35
172.39 24.18
170.10 25.26
167.33 27.86
169.46 34.65
172.45 41.00
173.00 45.27
174.14 50.24
173.41 47.06
175.27 43.52
177.78 45.86
-1.00 -1.00
5 0
0 
 3
177.08 37.46
180.48 37.61
185.19 38.57
-1.00 -1.00
5 0
0 
 3
176.90 40.50
181.03 40.65
184.70 41.09
186.59 40.79
-1.00 -1.00
5 0
0 
 3
190.57 37.66
189.76 40.77
188.54 42.35
187.99 40.65
189.06 36.90
189.47 36.32
187.81 42.17
186.18 44.36
184.58 44.13
186.50 44.77
184.96 48.64
182.84 49.10
181.56 44.83
181.79 42.32
183.19 41.20
184.47 38.63
184.93 35.44
186.71 30.64
187.17 26.02
187.03 22.57
-1.00 -1.00
5 0
0 
 3
167.88 22.39
168.93 22.01
172.07 21.40
175.77 20.84
180.57 20.90
187.08 21.75
189.47 21.72
191.45 22.71
192.03 25.14
191.53 27.72
191.19 30.23
190.95 33.71
191.39 35.67
192.12 35.35
192.61 31.29
192.41 27.80
191.36 28.13
-1.00 -1.00
5 0
0 
 3
184.79 20.05
183.86 17.21
184.41 14.23
185.08 11.68
184.15 9.26
184.58 9.23
-1.00 -1.00
5 0
0 
 3
188.68 6.42
191.19 5.45
193.02 5.39
195.55 5.83
196.74 7.38
194.09 9.34
190.28 10.22
189.32 10.98
191.13 12.42
190.05 16.69
189.56 20.78
188.25 21.92
183.51 21.25
176.26 21.98
172.07 21.66
170.97 19.79
170.65 15.52
169.89 11.01
-1.00 -1.00
5 0
0 
 3
165.76 7.76
168.79 7.27
173.53 6.15
178.33 5.25
181.70 4.66
186.24 5.54
188.04 8.29
186.30 9.37
183.01 9.02
180.45 8.61
177.19 7.56
176.73 7.94
175.77 10.19
172.66 9.05
173.00 10.48
169.95 10.10
168.99 11.19
165.33 9.26
-1.00 -1.00
5 0
0 
 3
139.14 33.30
136.00 34.62
134.08 35.09
132.05 35.65
127.86 35.35
127.71 35.79
123.64 35.03
123.14 36.70
119.92 35.50
-1.00 -1.00
5 0
0 
 3
140.66 33.25
140.48 41.64
138.07 50.71
137.84 50.95
-1.00 -1.00
5 0
0 
 3
144.00 35.94
144.03 37.96
144.15 50.95
144.38 53.73
-1.00 -1.00
5 0
0 
 3
145.40 38.45
145.49 38.60
149.21 51.53
151.77 57.71
-1.00 -1.00
5 0
0 
 3
147.09 34.88
146.88 34.91
150.05 39.24
153.28 43.49
-1.00 -1.00
5 0
0 
 3
150.26 35.03
153.31 38.28
157.50 42.84
-1.00 -1.00
5 0
0 
 3
155.58 34.27
155.96 34.71
159.48 38.25
-1.00 -1.00
5 0
0 
 3
160.23 32.90
158.14 33.39
155.49 33.69
151.54 35.15
146.82 34.94
143.04 32.46
-1.00 -1.00
5 0
0 
 3
124.31 27.10
130.21 24.85
-1.00 -1.00
5 0
0 
 3
139.20 29.94
136.47 31.55
129.78 31.37
132.16 28.18
138.62 25.70
133.41 28.36
126.58 30.99
-1.00 -1.00
5 0
0 
 3
165.33 31.72
164.98 32.13
156.42 32.34
150.58 34.50
145.57 34.30
144.09 30.67
147.58 30.09
151.62 28.57
153.25 26.78
154.50 26.72
157.85 27.63
158.40 28.36
162.18 27.63
163.29 25.14
158.90 24.47
154.30 25.87
152.58 26.90
149.79 28.48
146.65 30.58
143.16 30.79
143.74 27.92
148.83 25.49
151.07 24.44
151.89 24.70
146.68 24.85
147.06 23.83
138.94 23.71
136.03 23.21
135.45 22.07
127.80 22.04
-1.00 -1.00
5 0
0 
 3
197.76 39.92
197.99 38.02
199.30 32.57
-1.00 -1.00
5 0
0 
 3
203.17 37.37
202.71 32.37
203.11 31.52
-1.00 -1.00
5 0
0 
 3
210.53 45.39
207.88 38.51
207.74 34.94
-1.00 -1.00
5 0
0 
 3
215.56 32.51
212.36 29.53
213.32 29.44
-1.00 -1.00
5 0
0 
 3
215.68 42.17
212.33 37.49
207.36 30.79
208.03 29.06
207.07 29.97
-1.00 -1.00
5 0
0 
 3
195.61 31.49
195.72 31.52
201.57 30.32
206.55 28.77
213.56 27.72
220.36 27.37
-1.00 -1.00
5 0
0 
 3
201.34 22.74
207.45 21.78
206.14 21.84
200.23 23.50
199.45 25.64
204.36 25.61
211.23 23.21
212.60 22.10
208.47 26.25
213.21 25.67
219.00 23.91
219.96 21.28
212.77 22.68
-1.00 -1.00
5 0
0 
 3
263.56 4.25
266.24 4.84
262.48 5.57
266.15 4.57
264.64 5.48
271.39 5.16
269.58 5.28
278.28 4.72
277.23 4.17
277.96 2.53
-1.00 -1.00
5 0
0 
 3
201.83 11.51
208.52 12.53
209.98 12.24
204.89 10.89
199.97 9.75
205.32 10.98
212.62 12.09
208.61 10.22
215.42 12.09
213.41 10.40
216.90 11.68
216.14 10.16
223.18 11.51
223.30 10.40
226.82 10.28
-1.00 -1.00
5 0
0 
 3
123.87 8.49
129.14 8.38
131.09 8.52
128.67 9.75
129.57 10.05
133.30 11.10
132.69 11.30
133.09 11.22
139.00 11.92
137.08 11.63
143.57 11.39
143.94 11.07
143.54 10.69
150.66 11.04
146.39 10.69
155.49 11.36
153.46 10.25
159.10 10.81
158.66 10.13
159.62 9.93
163.23 9.96
163.26 9.26
166.14 10.34
-1.00 -1.00
5 0
0 
 -1
