gremlinfile
1 124.00 4.00
3
188.84 32.66
189.57 31.72
191.44 28.77
193.64 26.96
195.24 25.95
197.37 25.48
199.77 25.68
201.11 26.02
201.71 26.22
199.97 27.63
198.97 28.70
200.04 28.70
202.11 28.36
202.91 28.16
202.11 29.30
200.84 31.38
-1.00 -1.00
5 0
0 
 3
194.51 8.31
194.51 7.44
194.71 5.96
-1.00 -1.00
5 0
0 
 3
194.44 9.52
193.04 8.31
192.30 6.63
192.10 4.96
-1.00 -1.00
5 0
0 
 3
190.30 8.78
191.70 9.99
192.30 10.39
193.17 9.92
195.64 8.38
196.04 9.11
194.11 13.68
194.17 16.36
-1.00 -1.00
5 0
0 
 3
185.30 9.11
184.57 9.05
183.50 8.38
183.77 7.17
183.97 5.76
-1.00 -1.00
5 0
0 
 3
187.90 16.16
187.90 15.08
187.84 14.08
187.84 12.87
187.70 11.26
187.50 9.92
187.24 9.25
186.10 9.92
183.50 10.46
182.70 9.99
181.23 8.31
-1.00 -1.00
5 0
0 
 3
204.84 67.67
206.04 67.67
-1.00 -1.00
5 0
0 
 3
200.57 72.76
199.91 72.43
200.04 71.69
201.11 71.89
201.51 72.96
200.84 73.17
200.44 72.49
-1.00 -1.00
5 0
0 
 3
202.04 74.98
202.44 75.92
203.31 76.65
204.57 76.72
206.51 76.32
208.64 77.39
209.44 78.60
208.98 81.28
207.64 83.16
206.11 83.29
205.11 82.42
205.38 81.28
205.71 80.61
-1.00 -1.00
5 0
0 
 3
192.97 79.94
193.91 81.21
-1.00 -1.00
5 0
0 
 3
188.44 79.47
188.84 81.42
-1.00 -1.00
5 0
0 
 3
186.10 78.40
185.17 79.87
-1.00 -1.00
5 0
0 
 3
181.97 60.09
182.37 59.68
183.57 59.35
184.97 59.62
186.17 60.76
-1.00 -1.00
5 0
0 
 3
186.24 64.31
186.90 65.72
187.30 67.13
187.24 68.40
186.64 69.21
186.04 69.54
185.37 69.48
184.70 69.07
183.90 68.40
183.10 67.46
182.64 66.59
182.37 64.71
183.10 64.11
184.30 64.71
184.37 66.46
183.50 66.19
183.10 65.45
-1.00 -1.00
5 0
0 
 3
178.23 59.15
176.50 59.55
175.30 59.68
178.17 57.27
179.77 55.53
180.77 53.78
181.50 51.44
181.64 48.82
180.97 45.67
180.10 43.05
178.70 40.17
177.77 37.75
177.10 34.20
177.50 31.18
178.83 27.09
180.70 22.46
182.57 18.57
184.24 17.16
187.50 16.09
190.17 17.03
192.77 17.36
195.37 16.76
198.11 15.89
201.11 15.42
203.64 16.09
206.18 17.43
208.91 19.44
209.64 20.99
209.64 23.60
209.04 26.22
208.78 29.44
209.44 31.52
211.18 33.13
210.24 32.92
206.84 32.72
203.91 33.59
200.57 35.47
197.84 37.75
196.24 39.30
194.44 41.31
196.84 41.37
198.11 41.58
195.57 43.52
194.11 44.46
195.84 44.80
197.57 45.94
194.77 47.28
191.24 49.29
190.77 50.36
194.84 52.04
197.71 55.19
199.77 59.01
200.31 63.91
199.37 68.74
198.04 72.16
195.04 75.18
191.04 76.32
185.77 75.92
183.70 75.18
181.30 73.10
179.90 71.15
179.57 68.14
179.57 66.06
178.97 64.71
176.63 66.32
174.30 67.13
177.97 61.23
178.37 60.09
175.83 60.49
174.57 60.36
175.77 59.08
177.63 57.61
-1.00 -1.00
5 0
0 
 3
215.18 24.67
218.25 24.67
221.91 24.81
225.78 23.94
228.25 21.79
229.65 18.44
229.72 14.55
228.32 11.26
225.78 8.65
221.38 7.30
215.84 6.50
211.78 7.17
208.51 8.91
206.58 10.59
206.18 10.99
-1.00 -1.00
5 0
0 
 3
132.55 39.56
133.29 42.58
134.69 45.13
137.62 47.88
140.62 49.09
144.76 49.42
148.83 48.48
154.16 46.14
161.23 41.58
164.70 38.42
167.23 34.20
167.03 29.77
165.70 27.49
163.96 25.48
163.03 24.94
-1.00 -1.00
5 0
0 
 3
122.75 19.98
123.15 18.71
123.75 17.23
125.69 15.49
127.89 14.21
130.49 12.87
141.89 10.99
147.03 10.99
151.69 11.86
155.96 13.88
157.23 16.16
158.43 18.71
159.23 22.60
158.09 26.28
156.23 28.77
152.56 31.65
146.09 34.87
140.22 35.74
134.15 35.27
129.22 33.53
125.42 30.85
123.89 28.70
122.95 25.55
122.75 21.46
-1.00 -1.00
5 0
0 
 -1
