gremlinfile
0 180.00 176.00
5
228.58 270.88
247.38 272.61
257.30 268.06
257.96 263.76
257.96 263.76
267.30 263.49
281.43 254.20
282.00 241.62
282.00 241.62
291.54 232.78
291.33 217.86
281.79 211.68
281.79 211.68
277.10 193.99
261.51 188.13
262.87 187.96
252.97 181.73
235.08 180.94
228.60 183.50
228.60 183.50
215.44 182.01
203.88 185.71
200.62 189.47
200.62 189.47
184.45 194.51
182.19 209.26
182.19 209.26
177.34 220.03
182.51 233.75
192.06 237.99
192.06 237.99
188.24 248.84
194.70 264.08
205.90 264.76
205.90 264.76
216.90 272.99
225.76 273.50
232.00 268.00
-1.00 -1.00
5 0
0 
 -1
