gremlinfile
1 196.00 156.00
3
216.00 208.00
215.26 208.15
215.11 208.15
214.09 208.44
213.06 209.32
212.33 209.76
211.15 209.76
210.56 209.61
210.12 209.61
209.83 209.47
209.83 209.32
-1.00 -1.00
5 0
0 
 3
216.29 208.15
216.29 208.15
214.53 208.15
214.67 208.15
214.38 208.44
213.79 209.03
213.50 209.17
211.59 209.76
211.30 210.05
210.42 209.91
209.98 209.91
-1.00 -1.00
5 0
0 
 3
249.76 224.00
248.88 223.56
248.59 223.12
248.59 219.01
248.73 218.42
248.73 217.83
249.03 217.25
249.32 216.51
249.47 216.22
249.61 215.93
250.20 215.63
251.08 215.19
251.23 215.19
-1.00 -1.00
5 0
0 
 3
248.29 224.44
246.38 223.27
245.80 221.50
245.36 220.48
244.62 218.86
244.18 217.25
244.47 215.19
245.06 214.16
245.80 213.14
246.38 212.55
248.73 211.82
248.88 211.82
250.93 211.37
250.93 211.37
-1.00 -1.00
5 0
0 
 3
243.74 223.85
242.57 222.68
242.13 222.09
241.69 220.92
241.83 218.71
241.98 218.57
242.71 217.54
244.18 215.34
244.77 214.46
242.86 212.70
241.98 211.23
243.59 210.20
245.06 210.64
247.12 210.64
250.05 209.91
251.23 208.73
251.23 207.41
251.67 204.92
-1.00 -1.00
5 0
0 
 3
245.80 188.91
246.24 188.91
247.26 189.50
248.14 191.70
248.14 191.85
248.44 193.02
248.59 193.32
249.61 194.20
250.20 194.93
250.93 195.81
251.37 196.69
-1.00 -1.00
5 0
0 
 3
247.70 225.76
245.21 226.64
242.57 227.52
241.39 227.67
239.63 228.55
234.35 228.26
229.50 228.26
229.50 228.26
228.62 227.96
226.42 228.11
225.83 228.40
225.24 228.40
223.78 228.40
222.60 228.55
220.69 228.55
218.34 228.11
216.58 227.52
214.23 226.94
213.79 226.64
-1.00 -1.00
5 0
0 
 3
234.20 221.80
233.32 221.36
232.29 221.80
231.12 222.53
229.21 222.68
228.91 223.12
227.30 223.85
228.03 222.97
225.68 221.36
225.24 221.21
224.51 221.06
222.45 221.06
222.01 221.21
220.55 222.24
219.96 223.12
218.93 224.29
218.93 224.44
218.34 225.17
216.44 226.05
216.29 226.05
215.56 225.91
214.23 226.50
213.94 226.20
212.91 225.91
211.44 225.03
210.71 224.44
209.98 224.15
209.24 223.56
208.95 222.53
208.95 221.80
209.10 221.06
209.10 220.92
209.10 220.62
209.24 220.48
209.98 219.74
-1.00 -1.00
5 0
0 
 3
246.68 225.47
247.12 225.47
248.59 225.03
250.64 224.00
251.08 222.09
-1.00 -1.00
5 0
0 
 3
245.80 225.17
244.33 224.88
243.45 224.59
242.13 224.44
241.10 224.44
239.78 224.44
238.60 224.44
238.02 224.44
236.84 224.00
235.37 223.71
234.79 223.27
233.61 222.38
232.88 222.09
232.44 221.65
232.00 220.92
231.85 220.04
231.56 219.16
231.56 218.13
232.00 216.95
232.58 216.07
233.02 215.34
233.76 214.75
237.87 214.46
238.31 214.60
239.04 214.46
240.22 215.19
240.80 215.63
241.54 216.22
241.25 217.54
240.07 218.57
238.75 218.27
-1.00 -1.00
5 0
0 
 3
220.25 226.50
218.05 226.35
215.70 226.05
214.09 225.76
213.65 225.03
213.06 224.15
212.47 221.21
212.91 220.33
213.21 220.33
213.94 220.04
214.82 219.89
216.29 219.89
217.17 219.89
217.76 220.92
217.90 221.65
217.90 222.24
214.82 222.83
217.46 222.83
217.17 222.83
-1.00 -1.00
5 0
0 
 3
215.26 221.80
215.26 221.65
214.38 221.36
212.33 220.62
211.89 220.48
210.42 219.60
209.83 218.57
209.98 217.69
210.27 216.51
211.44 215.19
211.74 215.19
213.06 215.34
213.94 216.07
214.23 216.81
214.23 217.39
214.09 217.69
213.35 218.13
212.91 218.57
-1.00 -1.00
5 0
0 
 3
237.43 201.54
237.87 201.69
238.75 201.83
239.63 201.98
241.69 202.13
241.10 203.15
241.10 203.59
240.80 204.77
240.51 205.80
240.95 208.00
241.39 208.44
241.98 208.73
243.01 209.17
-1.00 -1.00
5 0
0 
 3
238.46 213.14
238.46 213.14
237.87 211.96
237.43 210.64
237.28 210.05
237.43 209.61
237.87 208.88
238.90 208.29
239.34 207.70
239.63 207.26
239.78 205.94
239.63 205.21
239.34 204.48
239.04 203.89
238.31 203.15
238.02 202.57
238.02 202.42
237.58 201.83
-1.00 -1.00
5 0
0 
 3
235.67 221.36
234.93 220.18
234.35 218.86
233.76 216.51
233.91 216.07
234.93 215.04
235.81 214.75
236.84 214.46
238.02 214.46
239.04 214.60
240.36 214.60
241.98 215.49
242.42 215.93
243.15 217.39
242.86 219.01
241.39 219.01
239.63 219.16
238.60 219.16
238.60 219.01
239.78 217.98
239.63 217.39
-1.00 -1.00
5 0
0 
 3
235.23 222.09
233.46 220.18
233.46 217.98
235.67 214.90
243.74 217.69
242.27 218.57
238.90 219.16
-1.00 -1.00
5 0
0 
 3
221.87 172.33
221.43 170.56
220.40 168.36
219.81 166.75
219.96 163.08
220.99 161.02
222.16 160.44
224.22 161.90
225.24 164.40
225.10 166.01
224.51 167.04
-1.00 -1.00
5 0
0 
 3
210.56 183.92
210.56 183.19
210.56 182.90
210.71 182.16
-1.00 -1.00
5 0
0 
 3
212.33 194.35
211.15 193.17
210.71 192.73
209.39 191.56
208.80 190.53
209.54 190.09
209.68 189.06
209.83 188.18
209.98 187.30
210.42 186.57
210.71 185.83
210.56 183.63
-1.00 -1.00
5 0
0 
 3
215.26 193.17
215.11 192.88
214.67 192.29
214.38 191.70
214.09 191.41
213.79 190.97
-1.00 -1.00
5 0
0 
 3
213.94 219.60
213.35 218.42
213.21 217.83
212.91 216.66
213.06 216.37
212.77 214.90
212.18 213.87
211.74 212.84
211.30 211.96
210.12 210.20
209.98 209.61
210.71 208.44
211.30 207.56
211.30 206.38
211.44 206.38
211.30 205.65
211.30 205.21
211.30 203.74
211.00 202.71
210.86 202.27
210.27 201.10
210.12 199.48
210.12 199.04
210.12 197.72
210.12 197.72
210.71 196.69
-1.00 -1.00
5 0
0 
 3
213.06 205.36
213.79 206.68
212.62 205.36
213.65 204.18
212.18 205.36
211.74 204.92
212.03 206.38
212.62 205.65
213.06 206.38
212.18 204.92
212.62 205.80
-1.00 -1.00
5 0
0 
 3
213.06 206.53
213.94 206.24
214.23 205.94
214.09 205.21
213.94 204.92
213.94 204.77
213.79 204.77
211.89 204.33
211.89 204.62
211.44 206.09
213.06 205.36
-1.00 -1.00
5 0
0 
 3
217.17 205.21
217.02 205.21
215.41 205.94
213.79 206.68
213.35 206.97
212.18 206.68
212.03 206.53
211.89 206.24
211.74 205.36
212.03 204.77
211.89 203.89
212.62 203.74
214.38 204.18
214.53 204.33
215.70 204.92
217.02 205.36
-1.00 -1.00
5 0
0 
 3
218.20 205.36
217.46 206.09
217.17 206.97
215.26 208.73
215.26 208.88
214.38 208.88
213.50 208.88
212.18 209.32
211.89 209.47
210.86 209.61
-1.00 -1.00
5 0
0 
 3
222.31 206.97
222.90 206.97
223.78 207.41
224.80 208.15
225.39 208.59
225.39 208.59
225.83 208.73
226.27 208.88
227.01 209.32
227.59 209.47
228.77 209.32
227.89 209.17
225.54 209.03
224.36 208.73
223.78 208.59
223.19 208.44
222.01 208.00
221.87 207.70
222.16 207.70
223.92 207.85
225.68 208.59
227.15 209.17
-1.00 -1.00
5 0
0 
 3
222.45 206.82
222.45 206.82
223.04 207.85
223.48 208.59
225.10 208.59
225.39 208.73
226.12 209.17
227.30 209.17
228.18 209.32
228.91 209.32
-1.00 -1.00
5 0
0 
 3
222.16 206.38
222.16 206.38
222.45 207.85
222.45 208.00
223.63 207.41
223.63 207.12
224.66 208.44
224.80 208.59
226.57 209.17
227.59 209.32
228.18 208.88
229.65 208.59
230.53 208.59
-1.00 -1.00
5 0
0 
 3
223.63 205.06
223.04 205.36
222.31 206.09
221.72 207.56
221.72 207.85
223.34 208.29
223.78 208.44
224.51 208.73
227.45 209.32
227.45 209.32
228.33 208.88
230.53 208.15
231.26 208.00
232.88 207.26
232.29 207.12
230.38 207.70
229.35 208.29
228.77 208.44
227.15 208.73
226.27 208.44
225.83 208.29
225.24 208.29
223.34 208.00
222.90 207.70
222.01 206.97
221.87 207.12
221.87 208.00
223.34 208.44
224.66 208.88
225.83 209.17
227.01 209.47
228.03 209.47
231.26 208.00
231.56 208.00
232.00 208.00
232.44 208.00
-1.00 -1.00
5 0
0 
 3
225.68 204.18
227.01 203.74
225.83 204.18
226.57 204.92
225.68 204.03
226.42 203.45
-1.00 -1.00
5 0
0 
 3
225.83 204.33
225.83 204.18
225.39 205.80
225.39 206.24
226.12 204.18
224.36 204.18
225.83 204.18
224.95 203.30
225.54 204.33
226.12 203.45
-1.00 -1.00
5 0
0 
 3
225.68 204.33
225.68 204.18
225.68 204.18
225.83 204.18
-1.00 -1.00
5 0
0 
 3
226.86 205.36
226.12 205.65
225.68 205.50
225.10 205.21
224.07 205.06
227.01 204.77
-1.00 -1.00
5 0
0 
 3
225.24 205.65
224.66 205.06
224.36 204.33
224.51 203.59
224.66 203.45
224.95 203.15
225.54 203.15
226.86 203.45
227.15 203.59
227.45 203.59
227.01 204.48
227.01 204.77
226.86 204.92
226.57 205.21
226.57 205.21
227.01 205.36
-1.00 -1.00
5 0
0 
 3
222.60 203.59
222.60 203.59
222.75 204.18
225.24 206.09
225.24 206.09
226.57 206.09
227.30 206.09
228.18 205.65
229.35 204.62
231.12 203.45
231.85 203.30
231.41 203.15
229.79 203.01
228.47 203.01
227.15 202.71
225.39 202.27
223.92 202.42
222.75 203.15
-1.00 -1.00
5 0
0 
 3
217.17 177.32
217.02 176.58
216.29 173.94
216.00 173.21
215.11 170.71
214.38 168.80
212.47 166.16
211.59 165.28
209.98 164.25
208.22 163.22
206.31 162.34
205.72 162.05
203.22 160.58
201.17 159.99
199.85 159.11
-1.00 -1.00
5 0
0 
 3
245.65 194.49
245.65 193.76
245.36 191.56
245.50 189.94
245.65 188.33
245.94 186.42
246.24 183.48
246.97 180.84
249.17 178.79
249.32 177.32
249.61 176.88
250.64 175.70
-1.00 -1.00
5 0
0 
 3
243.30 203.45
243.59 204.18
245.36 206.09
246.38 206.53
244.33 203.59
244.47 202.27
244.77 201.25
245.21 199.92
244.77 198.46
244.18 197.72
243.30 199.04
243.01 199.78
242.57 199.48
241.69 199.34
241.54 197.72
242.27 195.96
-1.00 -1.00
5 0
0 
 3
241.69 205.65
242.57 206.68
244.47 208.59
246.24 209.32
248.14 209.03
250.05 207.41
250.20 205.65
248.88 204.33
247.56 203.30
246.68 202.57
247.41 201.39
248.59 199.78
249.32 196.25
247.26 193.47
243.59 194.64
240.80 198.31
-1.00 -1.00
5 0
0 
 3
214.23 185.83
213.79 184.95
212.91 183.34
211.44 182.90
210.27 181.87
209.68 181.13
209.54 180.25
209.83 179.67
212.33 177.76
213.21 178.05
215.70 178.79
218.64 176.58
220.55 176.58
222.01 177.32
222.75 178.49
225.68 179.52
228.18 180.69
229.06 180.99
230.82 182.31
232.58 184.80
233.46 185.39
234.35 186.42
235.81 188.03
236.25 188.18
237.13 188.77
238.02 189.65
239.63 190.97
240.22 191.85
240.80 193.32
241.39 194.49
241.98 195.08
242.42 195.81
242.42 196.25
-1.00 -1.00
5 0
0 
 3
210.42 188.77
211.30 187.15
212.03 186.57
212.33 186.57
214.53 186.13
215.70 186.57
216.29 185.54
217.17 185.24
218.49 185.39
219.67 186.86
220.84 187.74
222.16 188.33
-1.00 -1.00
5 0
0 
 3
217.46 190.24
216.44 190.09
215.70 190.24
-1.00 -1.00
5 0
0 
 3
217.90 193.61
217.76 193.17
217.17 192.44
216.73 192.00
215.85 190.53
215.41 190.09
215.11 190.53
214.09 190.97
213.06 190.97
212.18 190.24
209.98 189.06
209.24 189.50
211.15 188.77
213.50 188.91
214.67 188.47
218.20 188.77
218.49 188.47
222.16 188.47
221.43 189.50
220.11 189.94
218.78 190.38
217.61 190.24
-1.00 -1.00
5 0
0 
 3
219.67 207.56
218.05 205.36
218.20 205.36
215.85 202.42
214.67 201.25
212.91 199.78
211.74 198.46
210.56 196.11
210.42 194.93
215.11 193.17
216.73 193.91
221.43 193.32
223.19 194.64
223.19 194.93
220.99 196.55
-1.00 -1.00
5 0
0 
 -1
