gremlinfile
0 12.00 48.00
3
208.44 96.75
208.36 98.66
-1.00 -1.00
5 0
0 
 3
208.32 96.63
213.33 98.70
-1.00 -1.00
5 0
0 
 3
178.08 82.14
204.73 94.73
193.87 94.77
173.35 81.94
178.48 82.02
-1.00 -1.00
5 0
0 
 3
215.39 98.82
215.78 98.90
216.26 98.94
216.61 99.29
216.93 99.61
217.12 99.97
217.40 100.29
217.08 100.64
216.69 100.76
216.33 100.96
215.94 101.12
215.54 101.20
215.11 101.28
-1.00 -1.00
5 0
0 
 3
197.03 74.52
197.35 74.24
197.39 73.65
197.58 73.05
197.78 72.38
197.66 71.78
197.47 71.26
197.23 70.83
196.87 70.19
196.64 69.64
196.24 69.00
195.81 68.25
195.37 67.45
194.94 66.82
194.51 66.14
194.19 65.59
193.76 64.95
193.32 64.44
193.01 63.88
192.77 63.40
192.37 63.01
-1.00 -1.00
5 0
0 
 3
164.51 115.81
164.78 116.21
165.18 116.40
165.69 116.60
166.20 116.52
166.60 116.44
167.07 116.21
167.39 115.93
167.82 115.65
168.18 115.45
-1.00 -1.00
5 0
0 
 3
147.77 115.85
147.37 115.73
147.10 115.41
-1.00 -1.00
5 0
0 
 3
168.65 115.85
169.12 115.41
169.52 114.86
169.91 114.62
170.39 114.42
170.74 114.22
171.22 113.86
171.61 113.66
172.12 113.47
-1.00 -1.00
5 0
0 
 3
252.45 110.97
252.93 111.04
253.32 111.12
253.91 111.28
254.74 111.52
255.65 111.72
256.28 111.88
257.03 112.00
257.66 112.12
257.35 112.43
256.99 112.79
256.60 113.07
256.28 113.35
255.77 113.66
255.33 113.74
254.86 113.86
254.43 113.90
253.91 113.94
253.40 113.98
252.97 114.02
252.49 114.06
-1.00 -1.00
5 0
0 
 3
155.27 106.08
156.18 104.45
-1.00 -1.00
5 0
0 
 3
160.56 113.43
173.43 113.55
-1.00 -1.00
5 0
0 
 3
157.16 113.43
157.72 113.39
158.19 113.43
158.62 113.43
159.26 113.47
159.77 113.43
-1.00 -1.00
5 0
0 
 3
140.82 112.87
141.29 112.87
141.89 112.87
142.64 112.83
143.47 112.79
144.26 112.83
145.28 112.79
146.11 112.75
146.94 112.71
147.69 112.67
148.56 112.63
149.66 112.55
150.69 112.55
151.64 112.55
152.23 112.51
152.62 112.67
153.06 112.71
153.61 112.91
154.12 113.03
154.79 113.19
155.39 113.31
156.18 113.31
156.97 113.35
157.56 113.35
-1.00 -1.00
5 0
0 
 3
149.86 104.30
149.39 104.22
148.83 104.45
148.48 104.77
148.08 105.25
147.77 105.72
147.26 106.44
146.58 107.79
146.07 108.86
145.60 110.09
145.24 110.93
144.97 111.44
144.81 111.96
144.65 112.43
-1.00 -1.00
5 0
0 
 3
157.32 112.12
157.79 111.88
158.19 111.76
-1.00 -1.00
5 0
0 
 3
162.49 106.04
161.86 106.20
160.91 106.40
159.97 106.60
158.70 106.88
157.68 107.31
156.89 107.79
156.57 108.23
156.18 108.90
156.06 109.38
155.98 110.01
156.18 110.69
156.41 111.20
156.85 111.68
157.24 111.80
157.79 111.72
-1.00 -1.00
5 0
0 
 3
112.64 103.66
112.91 104.22
113.54 104.37
114.10 104.41
114.69 104.49
115.36 104.57
115.99 104.57
116.54 104.61
117.14 104.61
117.73 104.57
118.28 104.57
118.95 104.57
119.51 104.57
120.06 104.61
120.65 104.61
121.12 104.61
121.56 104.61
121.12 104.97
120.49 105.09
119.94 105.09
119.39 104.93
118.99 104.73
118.52 104.65
-1.00 -1.00
5 0
0 
 3
131.82 98.94
132.33 98.94
132.93 99.05
133.36 99.09
133.83 99.21
134.54 99.45
135.02 99.57
135.45 99.89
135.65 100.29
135.89 100.88
135.97 101.32
136.24 101.87
136.48 102.63
136.56 103.06
136.60 103.54
136.52 103.94
136.12 104.18
135.53 104.30
134.90 104.41
134.23 104.49
133.40 104.53
132.81 104.53
132.26 104.53
131.11 104.57
129.97 104.69
128.70 104.77
127.60 104.81
126.65 104.77
126.02 104.77
125.19 104.69
124.12 104.65
123.02 104.69
122.07 104.69
-1.00 -1.00
5 0
0 
 3
123.06 97.35
123.69 97.35
124.16 97.23
125.07 96.91
125.94 96.67
126.73 96.43
127.44 96.16
127.91 95.88
128.66 95.44
129.14 95.12
129.61 94.93
130.04 94.89
130.44 95.05
130.99 95.64
131.47 96.04
131.74 96.39
132.02 96.83
132.33 97.23
132.69 97.63
132.89 97.98
133.20 98.42
133.64 99.02
-1.00 -1.00
5 0
0 
 3
111.41 58.16
111.89 58.24
112.36 58.40
112.87 58.40
113.31 58.40
113.78 58.40
114.22 58.36
114.65 58.36
114.97 57.85
115.28 57.45
115.56 57.13
115.87 56.85
116.31 56.50
116.70 56.22
117.14 55.94
117.85 55.62
118.52 55.46
119.31 55.34
120.02 55.15
120.53 55.03
121.12 54.95
121.60 54.87
122.07 54.71
122.62 54.39
123.14 54.07
123.65 53.76
124.01 53.40
-1.00 -1.00
5 0
0 
 3
9.45 100.05
9.02 100.09
8.54 100.17
8.07 100.29
7.60 100.37
7.00 100.60
6.61 100.80
6.45 101.24
6.10 101.52
5.90 101.87
5.70 102.35
5.58 102.75
5.43 103.14
5.27 103.54
5.19 104.02
5.07 104.41
5.03 104.81
4.99 105.21
4.99 105.65
5.27 105.96
-1.00 -1.00
5 0
0 
 3
131.19 97.55
131.51 97.86
131.86 98.26
132.02 98.78
132.06 99.21
132.02 99.81
132.02 100.29
132.10 100.88
132.18 101.28
132.22 101.75
132.14 102.15
132.02 102.59
131.86 102.99
131.54 103.26
131.15 103.34
-1.00 -1.00
5 0
0 
 3
198.65 66.10
198.57 68.25
-1.00 -1.00
5 0
0 
 3
200.39 65.59
199.52 70.75
-1.00 -1.00
5 0
0 
 3
201.37 65.67
200.66 72.06
-1.00 -1.00
5 0
0 
 3
203.94 65.55
201.49 72.10
202.72 65.55
-1.00 -1.00
5 0
0 
 3
205.40 65.47
201.77 72.10
-1.00 -1.00
5 0
0 
 3
115.40 69.91
115.56 77.93
-1.00 -1.00
5 0
0 
 3
115.48 57.81
115.56 64.67
-1.00 -1.00
5 0
0 
 3
114.53 69.99
114.57 77.74
-1.00 -1.00
5 0
0 
 3
114.81 58.48
114.73 64.63
-1.00 -1.00
5 0
0 
 3
108.37 65.63
123.33 64.08
123.29 70.63
108.49 69.52
-1.00 -1.00
5 0
0 
 3
108.49 58.96
108.57 76.58
-1.00 -1.00
5 0
0 
 3
107.23 59.71
107.23 75.75
-1.00 -1.00
5 0
0 
 3
106.00 60.27
105.93 75.63
-1.00 -1.00
5 0
0 
 3
131.03 97.59
9.25 100.01
-1.00 -1.00
5 0
0 
 3
6.02 105.96
130.68 103.34
-1.00 -1.00
5 0
0 
 3
173.70 113.66
252.22 111.20
-1.00 -1.00
5 0
0 
 3
259.28 112.31
170.90 114.58
-1.00 -1.00
5 0
0 
 3
167.86 116.09
252.49 114.10
-1.00 -1.00
5 0
0 
 3
147.69 116.09
168.61 115.37
-1.00 -1.00
5 0
0 
 3
155.31 106.04
152.07 112.71
-1.00 -1.00
5 0
0 
 3
163.20 105.96
158.39 111.68
-1.00 -1.00
5 0
0 
 3
160.24 113.43
166.44 106.64
164.70 104.14
-1.00 -1.00
5 0
0 
 3
174.10 104.14
165.06 113.31
-1.00 -1.00
5 0
0 
 3
226.52 110.33
166.95 111.72
-1.00 -1.00
5 0
0 
 3
223.32 104.49
172.76 105.88
-1.00 -1.00
5 0
0 
 3
144.49 115.09
170.70 114.86
-1.00 -1.00
5 0
0 
 3
173.51 100.60
149.23 101.64
-1.00 -1.00
5 0
0 
 3
177.97 102.07
214.64 101.40
-1.00 -1.00
5 0
0 
 3
178.56 99.29
215.39 98.90
-1.00 -1.00
5 0
0 
 3
234.69 102.87
149.86 104.65
-1.00 -1.00
5 0
0 
 3
233.43 100.33
217.44 100.48
-1.00 -1.00
5 0
0 
 3
271.91 101.44
244.99 102.51
-1.00 -1.00
5 0
0 
 3
280.48 112.24
259.36 112.35
-1.00 -1.00
5 0
0 
 3
272.54 103.90
273.22 103.90
273.97 104.02
274.68 104.14
275.11 104.37
275.54 104.85
275.86 105.17
275.31 105.17
274.60 105.21
273.65 105.17
273.02 105.13
272.78 104.61
272.54 104.22
246.69 104.02
247.04 104.69
272.90 105.17
-1.00 -1.00
5 0
0 
 3
274.91 105.25
275.47 105.80
276.26 106.84
277.40 108.19
278.35 109.26
279.02 110.25
279.69 111.08
280.16 111.76
280.48 112.28
-1.00 -1.00
5 0
0 
 3
256.12 101.91
256.72 101.83
258.33 101.87
259.79 101.75
261.81 101.52
263.78 101.08
265.60 100.64
266.86 100.33
267.77 100.05
268.68 99.81
269.39 99.69
269.86 99.65
270.33 99.93
270.97 100.64
271.56 101.20
272.31 101.95
272.70 102.47
273.26 103.14
273.65 103.66
-1.00 -1.00
5 0
0 
 3
223.08 104.30
223.48 104.37
223.95 104.45
224.86 104.37
226.01 104.30
227.19 104.30
228.77 104.30
229.52 104.34
231.06 104.37
232.52 104.26
234.10 104.22
235.72 104.34
237.18 104.57
238.76 105.05
239.54 105.45
240.06 105.80
240.41 106.32
240.45 107.15
240.33 107.55
239.78 108.03
239.03 108.42
238.16 108.78
236.86 109.22
235.52 109.46
234.02 109.69
232.48 109.89
231.02 110.01
229.99 110.09
228.81 110.21
227.39 110.29
226.20 110.33
-1.00 -1.00
5 0
0 
 3
244.12 101.99
243.73 102.11
242.98 102.31
242.23 102.43
241.16 102.59
240.37 102.67
239.15 102.67
238.24 102.71
237.33 102.79
236.54 102.87
235.48 102.91
234.61 102.87
-1.00 -1.00
5 0
0 
 3
233.39 100.21
233.94 100.29
234.97 100.29
236.27 100.29
237.61 100.40
239.07 100.64
240.18 100.88
241.12 101.12
241.95 101.40
242.90 101.71
243.85 102.03
244.60 102.19
243.97 102.39
243.49 102.55
-1.00 -1.00
5 0
0 
 3
173.47 100.92
173.90 101.28
174.53 101.60
175.08 101.83
176.03 102.03
176.90 102.11
177.61 102.11
178.28 102.15
-1.00 -1.00
5 0
0 
 3
173.70 101.00
174.02 100.72
174.57 100.21
175.28 99.81
175.91 99.37
176.54 99.29
177.22 99.21
178.12 99.25
178.64 99.25
-1.00 -1.00
5 0
0 
 3
148.91 101.75
148.28 101.83
147.49 101.79
146.98 101.91
146.11 102.15
145.52 102.67
145.04 103.34
144.45 104.22
143.94 105.09
143.39 106.00
142.72 107.15
142.20 108.15
141.69 109.14
141.22 110.29
140.70 111.36
140.39 112.35
140.31 113.27
140.51 114.10
140.70 114.54
141.06 114.86
141.73 115.09
142.28 115.21
142.87 115.25
143.51 115.25
144.02 115.21
144.49 115.17
-1.00 -1.00
5 0
0 
 3
158.11 79.76
185.98 99.05
-1.00 -1.00
5 0
0 
 3
170.11 77.02
215.19 98.58
-1.00 -1.00
5 0
0 
 3
153.14 77.93
153.65 78.01
154.36 78.21
155.07 78.41
155.62 78.61
156.26 78.89
156.77 79.16
157.16 79.36
157.56 79.60
157.91 79.84
158.35 80.16
-1.00 -1.00
5 0
0 
 3
152.98 77.85
153.65 77.10
154.60 76.70
155.43 76.35
156.97 75.83
158.51 75.55
160.28 75.27
161.90 75.12
163.32 75.00
164.51 75.00
166.01 75.08
167.23 75.23
168.10 75.27
168.93 75.35
169.64 75.47
169.24 75.87
169.04 76.27
169.36 76.58
169.79 76.98
-1.00 -1.00
5 0
0 
 3
66.10 117.36
66.69 117.28
67.44 117.16
68.11 117.04
69.06 117.00
69.97 116.88
70.79 116.80
71.54 116.80
72.33 116.80
73.40 116.76
74.50 116.68
75.33 116.64
76.20 116.60
77.03 116.52
77.47 116.52
77.58 116.01
77.54 115.41
77.54 114.90
77.50 114.46
77.50 113.82
-1.00 -1.00
5 0
0 
 3
62.70 114.22
63.02 114.70
63.41 115.09
63.93 115.57
64.36 115.97
64.87 116.36
65.31 116.68
65.82 117.12
66.25 117.48
66.81 117.83
67.36 118.23
67.95 118.43
68.54 118.59
69.18 118.63
69.89 118.59
70.28 118.51
70.72 118.43
71.19 118.27
71.74 117.99
72.18 117.71
72.65 117.44
73.00 117.16
-1.00 -1.00
5 0
0 
 3
55.75 110.41
56.31 110.69
56.98 111.00
57.61 111.44
58.28 112.00
59.11 112.79
59.82 113.35
60.49 113.78
61.20 114.02
62.11 114.14
63.33 114.26
64.72 114.26
66.18 114.26
67.75 114.14
69.06 114.10
70.68 114.02
72.18 113.82
73.40 113.74
74.98 113.66
76.28 113.63
77.66 113.66
78.89 113.74
79.91 113.70
81.02 113.63
81.93 113.51
82.60 113.35
83.23 113.11
83.74 112.83
84.22 112.43
84.53 112.16
85.01 111.76
85.32 111.48
85.60 111.12
85.95 110.65
86.23 110.33
86.50 110.01
86.90 109.62
87.41 109.18
87.85 108.90
88.64 108.54
89.74 108.23
90.45 107.91
91.60 107.55
92.86 107.19
94.04 106.84
95.35 106.56
97.24 106.28
98.70 106.04
100.16 105.76
101.90 105.45
103.64 105.09
105.10 104.69
106.16 104.53
107.31 104.34
108.85 104.10
110.03 103.98
111.65 103.86
112.79 103.82
113.66 103.74
114.89 103.66
-1.00 -1.00
5 0
0 
 3
21.37 106.08
22.28 106.00
23.31 106.00
24.77 106.12
26.58 106.20
28.24 106.32
30.41 106.48
32.39 106.60
34.16 106.80
35.86 107.07
37.56 107.23
39.33 107.51
41.39 107.83
43.48 108.11
45.02 108.38
46.24 108.70
47.47 108.98
48.81 109.34
49.75 109.65
50.90 110.01
52.00 110.33
53.07 110.53
54.33 110.65
55.28 110.65
56.23 110.65
57.18 110.65
58.44 110.65
59.78 110.65
60.85 110.61
62.23 110.57
63.33 110.57
64.87 110.45
66.49 110.25
67.99 110.13
69.45 110.17
71.70 110.05
74.03 110.01
76.79 110.01
79.40 109.89
81.53 109.89
83.31 109.85
85.16 109.85
85.72 109.89
86.39 109.89
86.98 109.89
-1.00 -1.00
5 0
0 
 3
62.90 90.76
63.33 90.32
63.81 89.88
64.52 89.41
65.54 88.89
66.45 88.49
67.16 88.22
67.99 88.06
68.82 88.14
69.41 88.18
70.12 88.26
70.68 88.42
71.31 88.73
71.78 88.93
72.29 89.21
72.73 89.53
73.08 89.77
73.40 90.08
73.72 90.44
-1.00 -1.00
5 0
0 
 3
55.95 93.18
56.39 92.82
56.74 92.62
57.45 92.42
58.08 92.27
58.72 91.99
59.35 91.75
60.02 91.47
60.69 91.19
61.32 91.04
62.11 90.84
62.98 90.80
63.89 90.76
65.03 90.64
66.18 90.56
67.48 90.48
68.90 90.44
70.24 90.48
71.50 90.48
72.61 90.48
73.68 90.48
74.50 90.48
75.29 90.68
75.93 90.88
76.48 91.08
76.95 91.35
77.31 91.59
77.66 91.83
78.10 92.23
-1.00 -1.00
5 0
0 
 3
97.95 98.02
97.36 98.06
96.69 98.02
95.39 97.86
94.12 97.67
93.02 97.47
92.03 97.27
91.16 97.03
90.29 96.87
89.35 96.63
88.60 96.43
87.73 96.08
87.10 95.84
85.95 95.32
85.08 95.08
83.98 94.57
83.23 94.25
82.44 93.85
81.85 93.62
81.29 93.46
80.82 93.26
79.83 92.98
79.40 92.86
78.45 92.66
77.35 92.46
76.24 92.35
75.37 92.35
74.35 92.23
73.68 92.27
73.08 92.35
71.86 92.31
71.07 92.31
69.89 92.27
68.62 92.35
66.81 92.39
65.03 92.42
64.12 92.54
63.18 92.66
62.19 92.70
60.65 92.78
59.66 92.86
58.83 92.78
58.24 92.82
57.53 92.82
56.70 92.86
55.99 93.10
55.32 93.46
54.85 93.70
53.54 94.17
52.52 94.61
51.61 94.93
50.90 95.20
49.95 95.56
48.89 95.96
47.98 96.36
47.23 96.75
46.24 97.23
45.49 97.51
44.23 97.94
43.60 98.10
43.08 98.30
41.74 98.58
40.44 98.78
39.81 98.98
39.25 99.21
38.54 99.37
-1.00 -1.00
5 0
0 
 3
114.10 84.01
114.06 84.45
114.06 84.96
114.14 85.40
114.02 85.91
113.78 86.35
113.50 86.75
113.03 87.07
112.40 87.30
111.69 87.74
111.06 88.14
110.11 88.61
109.08 89.21
108.18 89.77
107.31 90.28
106.40 90.76
105.49 91.23
104.66 91.75
103.95 92.11
103.01 92.58
102.29 92.98
101.43 93.50
100.52 93.97
99.73 94.29
98.94 94.69
98.23 94.93
97.44 95.20
96.81 95.40
96.02 95.48
95.15 95.68
94.32 95.80
93.29 95.92
92.15 96.04
91.28 96.08
90.45 96.08
89.82 96.12
89.27 96.12
88.48 96.12
88.00 96.08
-1.00 -1.00
5 0
0 
 3
114.06 77.89
114.06 78.61
113.98 79.32
114.06 80.08
114.10 80.51
-1.00 -1.00
5 0
0 
 3
122.27 80.36
121.56 80.44
120.61 80.48
119.62 80.48
118.56 80.55
117.81 80.63
116.98 80.75
116.19 80.83
115.32 80.87
114.65 80.91
114.22 80.95
113.74 80.95
113.19 80.95
112.76 80.95
113.35 80.87
113.98 81.11
114.45 81.27
114.53 81.86
114.45 82.30
114.53 82.74
114.02 83.10
113.35 83.33
112.95 83.57
113.50 83.77
114.37 83.85
115.95 84.17
117.61 84.37
119.03 84.52
121.01 84.68
122.94 84.68
125.43 84.60
127.32 84.64
129.29 84.72
131.27 84.60
133.68 84.56
136.28 84.45
137.94 84.29
139.72 84.17
141.10 84.13
142.12 84.13
142.87 84.05
143.70 83.93
144.57 83.85
145.04 83.81
145.60 83.77
146.31 83.65
146.94 83.57
147.45 83.53
-1.00 -1.00
5 0
0 
 3
152.31 80.67
151.64 80.95
150.89 81.31
149.78 81.82
148.87 82.50
147.89 83.21
146.82 84.21
145.87 85.28
144.65 86.47
143.62 87.46
142.28 88.69
141.06 89.69
139.87 90.84
138.73 91.99
137.74 93.06
136.87 93.97
135.97 94.81
135.26 95.56
134.54 96.24
133.91 96.75
133.24 97.31
132.81 97.67
-1.00 -1.00
5 0
0 
 3
106.48 75.71
106.87 75.95
107.31 76.11
107.98 76.35
109.00 76.54
109.76 76.78
110.62 77.02
111.41 77.26
112.32 77.46
113.19 77.70
114.14 77.89
115.01 78.01
115.75 78.21
116.19 78.25
116.66 78.57
117.53 79.01
118.60 79.52
119.43 79.84
120.14 80.08
120.89 80.24
121.52 80.36
122.07 80.44
122.54 80.36
123.14 80.24
123.57 80.24
124.64 80.40
125.98 80.59
126.85 80.75
128.78 80.95
129.89 80.99
131.51 81.03
133.95 81.11
135.65 81.15
136.48 81.11
138.65 81.23
140.78 81.19
141.77 81.19
143.15 81.15
145.24 81.11
146.54 80.99
147.61 80.91
149.11 80.87
151.08 80.83
152.51 80.83
153.73 80.83
154.28 80.75
155.70 80.75
156.53 80.55
157.36 80.48
157.83 80.40
158.54 80.36
158.98 80.32
-1.00 -1.00
5 0
0 
 3
172.40 77.93
173.03 77.89
173.86 77.74
174.97 77.70
176.54 77.58
177.97 77.42
179.58 77.14
181.40 76.86
183.14 76.54
184.95 76.23
187.40 75.83
189.02 75.63
190.40 75.55
192.49 75.23
194.19 75.04
195.61 74.84
197.11 74.60
198.10 74.52
199.40 74.44
200.23 74.24
200.98 74.00
201.57 73.65
201.93 73.45
202.32 73.01
202.28 72.46
202.24 72.06
201.65 72.18
201.18 72.22
200.58 72.06
200.23 71.58
199.99 71.15
199.52 70.39
199.08 69.84
198.69 69.04
198.49 68.64
198.18 68.17
197.90 67.69
197.62 67.10
197.74 66.66
198.10 66.14
198.89 65.90
199.44 65.83
200.39 65.71
200.90 65.67
201.77 65.67
202.56 65.63
203.15 65.59
204.02 65.55
204.89 65.55
205.48 65.43
206.15 65.47
206.58 65.43
206.39 64.99
206.35 64.59
206.07 64.16
205.64 64.04
204.85 63.96
204.02 63.92
202.83 63.80
201.93 63.72
200.98 63.64
199.83 63.48
198.37 63.48
197.03 63.40
195.29 63.28
193.83 63.05
192.45 62.81
191.19 62.61
189.57 62.33
188.51 62.13
187.72 61.93
186.85 61.74
185.98 61.54
184.87 61.26
184.01 61.06
183.14 60.82
182.23 60.55
181.36 60.23
180.41 59.83
179.47 59.47
178.56 59.04
177.81 58.76
177.22 58.44
176.62 58.16
176.03 57.65
175.52 56.97
175.20 56.34
174.93 55.70
174.73 55.19
174.33 54.87
173.62 54.75
172.48 54.51
170.51 54.27
168.73 54.15
166.95 54.07
165.41 53.88
163.83 53.72
161.94 53.56
160.20 53.48
157.99 53.48
156.18 53.36
154.72 53.24
153.18 53.04
151.68 52.88
150.49 52.72
149.23 52.61
147.85 52.49
146.27 52.37
144.65 52.29
142.99 52.21
141.18 52.21
138.89 52.17
137.15 52.09
135.37 52.05
133.87 52.05
132.41 52.21
131.07 52.33
129.33 52.61
127.83 52.84
125.94 53.04
124.16 53.40
122.47 53.52
121.08 53.64
119.74 53.84
118.36 53.99
117.06 54.23
115.91 54.47
114.89 54.75
114.02 54.95
113.47 55.19
112.87 55.50
112.68 56.02
112.48 56.42
112.16 56.85
111.89 57.49
111.73 57.89
111.10 58.00
110.58 58.12
109.83 58.36
109.44 58.52
108.93 58.64
108.37 58.96
107.98 59.20
107.58 59.39
107.03 59.67
106.60 59.99
106.20 60.31
-1.00 -1.00
5 0
0 
 -1
