gremlinfile
1 124.00 12.00
5
129.86 14.00
169.61 24.68
196.86 51.16
217.36 101.85
226.11 139.81
-1.00 -1.00
5 0
0 
 3
129.86 26.64
129.86 14.00
-1.00 -1.00
5 0
0 
 3
129.86 39.28
129.86 26.64
133.38 26.64
-1.00 -1.00
5 0
0 
 3
129.86 51.90
129.86 39.28
133.38 39.28
-1.00 -1.00
5 0
0 
 3
129.86 64.54
129.86 51.90
133.38 51.90
-1.00 -1.00
5 0
0 
 3
129.86 77.18
129.86 64.54
133.38 64.54
-1.00 -1.00
5 0
0 
 3
129.86 89.81
129.86 77.18
133.38 77.18
-1.00 -1.00
5 0
0 
 3
129.86 102.44
129.86 89.81
133.38 89.81
-1.00 -1.00
5 0
0 
 3
129.86 115.08
129.86 102.44
133.38 102.44
-1.00 -1.00
5 0
0 
 3
129.86 127.71
129.86 115.08
133.38 115.08
-1.00 -1.00
5 0
0 
 3
133.38 140.00
129.86 140.00
129.86 127.71
133.38 127.71
-1.00 -1.00
5 0
0 
 3
243.57 14.00
256.21 14.00
256.21 17.52
-1.00 -1.00
5 0
0 
 3
230.94 14.00
243.57 14.00
243.57 17.52
-1.00 -1.00
5 0
0 
 3
218.31 14.00
230.94 14.00
230.94 17.52
-1.00 -1.00
5 0
0 
 3
205.67 14.00
218.31 14.00
218.31 17.52
-1.00 -1.00
5 0
0 
 3
193.04 14.00
205.67 14.00
205.67 17.52
-1.00 -1.00
5 0
0 
 3
180.40 14.00
193.04 14.00
193.04 17.52
-1.00 -1.00
5 0
0 
 3
167.76 14.00
180.40 14.00
180.40 17.52
-1.00 -1.00
5 0
0 
 3
155.14 14.00
167.76 14.00
167.76 17.52
-1.00 -1.00
5 0
0 
 3
142.50 14.00
155.14 14.00
155.14 17.52
-1.00 -1.00
5 0
0 
 3
129.86 14.00
142.50 14.00
142.50 17.52
-1.00 -1.00
5 0
0 
 -1
