gremlinfile
0 48.00 52.00
3
87.62 72.99
87.86 72.54
88.49 71.80
89.46 70.79
90.05 69.75
90.08 69.11
89.87 68.46
89.06 67.36
-1.00 -1.00
5 0
0 
 3
89.39 70.96
89.80 70.15
90.19 69.50
90.57 68.68
90.75 67.75
90.65 66.40
90.19 65.26
89.85 64.37
89.34 62.88
89.13 61.93
89.19 61.14
89.13 60.47
88.78 60.19
87.90 60.69
87.32 61.38
86.98 62.52
86.80 63.76
86.71 65.18
86.85 66.29
86.89 66.90
86.86 67.46
86.78 67.62
-1.00 -1.00
5 0
0 
 3
81.84 75.86
81.91 74.80
82.14 73.58
82.36 72.48
82.48 71.95
82.51 71.60
82.10 71.60
81.58 71.47
81.18 70.73
81.45 69.97
81.63 69.95
81.92 70.10
81.43 69.77
81.38 69.07
81.95 68.46
82.59 68.55
83.10 69.24
83.14 69.37
82.99 68.25
83.50 67.42
84.40 67.13
85.30 67.72
85.32 68.81
86.04 68.05
86.94 67.77
87.49 67.79
87.68 68.37
87.45 68.96
87.17 69.57
87.35 70.84
87.68 72.15
87.75 73.60
87.63 75.05
87.47 75.88
87.42 76.40
87.12 76.59
85.94 76.72
84.53 76.50
83.42 76.30
82.59 76.22
82.17 76.04
81.79 75.74
-1.00 -1.00
5 0
0 
 3
87.76 72.72
88.01 72.34
88.60 71.82
89.31 71.15
89.91 70.02
90.13 69.06
89.75 68.37
-1.00 -1.00
5 0
0 
 3
89.52 70.40
89.59 70.20
89.85 69.67
90.28 68.86
90.64 67.64
90.62 66.55
90.44 65.59
90.18 65.00
89.85 64.40
89.67 63.74
89.55 62.92
89.52 62.18
89.47 61.38
89.49 60.99
89.41 60.51
89.14 60.18
88.52 60.19
87.81 60.61
87.39 61.22
86.93 62.13
86.86 63.17
86.88 63.63
86.83 64.01
86.76 64.57
86.68 65.46
86.73 66.27
86.75 66.73
86.75 67.37
-1.00 -1.00
5 0
0 
 3
87.81 69.31
88.06 68.58
88.50 67.99
88.83 66.96
88.82 66.07
88.62 65.44
88.24 64.60
88.06 63.88
88.09 63.28
88.22 62.77
88.36 62.47
-1.00 -1.00
5 0
0 
 3
83.22 68.68
83.15 68.38
83.07 67.62
82.89 66.68
82.73 65.87
82.73 65.01
82.89 64.59
83.42 64.22
84.07 64.11
84.84 64.14
85.48 64.25
86.12 64.35
86.40 64.37
-1.00 -1.00
5 0
0 
 3
83.87 63.99
84.14 63.86
84.61 63.64
84.99 63.69
85.19 63.69
85.34 63.23
85.37 62.59
85.25 61.81
85.19 61.32
85.12 60.72
84.94 60.26
84.60 59.55
83.56 58.46
83.09 58.00
82.41 57.22
81.97 56.56
81.61 55.82
81.99 55.39
83.35 55.16
85.93 55.54
87.93 55.26
90.77 55.19
93.46 55.24
95.68 55.79
97.32 56.32
98.91 56.66
101.68 56.93
102.49 57.36
102.34 58.28
101.40 59.24
99.63 60.00
97.69 60.28
96.28 60.44
95.48 60.51
94.58 60.47
93.28 60.47
92.61 60.66
92.10 60.99
91.88 61.75
91.93 62.82
91.88 63.78
91.65 64.35
91.46 64.45
91.16 64.54
90.87 64.57
-1.00 -1.00
5 0
0 
 3
91.57 62.36
91.31 62.60
90.74 62.82
90.31 62.82
-1.00 -1.00
5 0
0 
 3
86.53 61.83
86.07 61.78
85.66 61.68
85.45 61.50
-1.00 -1.00
5 0
0 
 3
92.02 61.60
91.11 60.33
89.68 59.39
88.39 59.24
86.88 59.04
85.91 58.79
84.88 58.89
84.56 58.97
-1.00 -1.00
5 0
0 
 3
91.57 61.10
90.69 60.64
90.18 60.00
90.59 59.91
91.74 60.57
92.02 61.30
-1.00 -1.00
5 0
0 
 3
91.24 59.80
90.32 59.22
89.60 58.51
89.75 57.97
90.74 58.18
91.21 59.29
90.78 59.45
-1.00 -1.00
5 0
0 
 3
92.03 59.80
91.31 59.17
91.62 58.64
92.82 59.02
93.87 59.91
93.59 60.29
92.54 60.01
-1.00 -1.00
5 0
0 
 3
93.56 60.47
92.59 60.76
92.02 61.25
91.79 62.39
91.69 63.58
91.75 64.19
92.10 64.72
92.98 65.01
94.17 65.28
95.76 65.38
96.66 65.36
96.89 65.11
96.81 64.42
96.84 63.63
96.87 63.35
96.91 62.97
96.22 62.64
95.74 62.27
95.53 61.25
96.04 61.32
95.74 61.85
94.49 61.53
93.34 61.27
92.56 61.38
92.06 61.50
91.83 61.50
-1.00 -1.00
5 0
0 
 3
95.51 61.37
94.46 61.14
94.25 60.84
95.59 61.05
97.00 61.91
96.81 61.48
96.66 61.18
97.22 61.12
97.83 62.19
96.92 61.94
97.28 61.55
98.10 62.54
98.15 61.96
99.11 61.80
100.35 62.16
100.66 62.72
99.99 63.45
99.02 63.03
99.11 62.09
99.30 62.14
99.07 62.88
98.61 63.20
97.73 63.05
97.35 62.49
97.40 62.08
-1.00 -1.00
5 0
0 
 3
98.43 62.04
99.75 62.06
100.73 62.24
101.80 62.36
103.11 62.11
104.57 61.96
105.62 61.71
106.49 61.40
107.31 60.99
107.77 60.59
108.03 60.00
107.74 59.39
107.11 58.87
106.33 58.46
105.34 58.18
104.57 58.21
103.83 58.35
103.04 58.51
102.63 58.61
-1.00 -1.00
5 0
0 
 3
104.05 58.00
105.62 58.03
107.59 58.25
109.61 58.66
111.00 58.84
-1.00 -1.00
5 0
0 
 3
96.40 64.09
95.91 63.81
94.58 63.35
93.64 63.31
92.93 63.36
92.41 63.35
92.13 63.23
-1.00 -1.00
5 0
0 
 3
90.52 64.62
91.16 65.01
92.21 65.20
93.69 65.21
94.69 65.20
95.76 65.16
96.71 65.15
97.48 65.54
98.48 65.76
99.30 66.09
100.29 66.40
100.57 67.26
100.53 69.50
100.19 71.15
99.91 71.75
97.63 70.68
96.05 70.10
94.61 69.75
93.43 69.44
91.24 69.21
90.69 69.19
90.46 69.17
-1.00 -1.00
5 0
0 
 3
100.02 71.44
100.07 72.44
99.89 73.35
99.57 74.77
99.15 75.94
98.73 77.20
98.14 78.55
97.79 80.46
97.28 81.62
96.50 83.06
95.74 84.34
95.12 85.53
94.38 86.51
93.41 87.60
92.66 88.59
91.72 90.20
91.00 91.71
90.41 92.55
89.59 92.58
88.09 92.32
86.12 91.99
84.60 91.77
83.38 91.62
83.19 91.46
83.05 91.06
82.46 89.72
81.99 88.21
81.59 84.87
81.50 82.15
81.31 80.75
80.86 79.26
80.72 77.74
80.86 76.62
81.05 75.81
81.15 75.53
-1.00 -1.00
5 0
0 
 3
82.35 76.24
82.78 76.30
83.02 76.30
83.97 76.37
85.32 76.50
86.78 76.57
87.14 76.60
87.45 77.28
87.14 78.67
86.68 79.72
86.50 80.83
86.58 81.93
86.60 83.19
86.67 83.88
86.45 83.93
85.45 83.58
84.24 83.63
82.96 83.65
82.22 83.63
81.56 83.44
-1.00 -1.00
5 0
0 
 3
87.21 80.89
85.75 80.73
84.09 81.12
82.94 81.12
82.22 81.06
-1.00 -1.00
5 0
0 
 3
86.99 79.18
85.19 78.62
83.12 78.73
82.00 78.71
81.41 78.68
-1.00 -1.00
5 0
0 
 3
89.78 71.22
91.88 71.82
94.46 72.10
96.68 72.66
98.27 73.32
-1.00 -1.00
5 0
0 
 3
88.82 73.80
91.64 75.26
93.76 75.71
95.81 76.17
97.50 76.85
98.43 76.90
-1.00 -1.00
5 0
0 
 3
97.60 78.91
95.35 78.67
93.03 78.00
90.83 77.20
89.41 76.80
88.34 76.47
-1.00 -1.00
5 0
0 
 3
87.73 79.42
89.98 80.32
92.21 80.68
93.97 80.79
95.25 81.01
96.43 81.12
-1.00 -1.00
5 0
0 
 3
95.61 83.73
93.85 83.49
91.54 82.91
89.41 82.49
87.83 82.31
87.03 82.26
-1.00 -1.00
5 0
0 
 3
84.33 85.22
85.80 85.58
87.44 85.25
89.59 84.95
91.36 85.07
93.21 85.37
-1.00 -1.00
5 0
0 
 3
92.13 87.74
91.77 87.99
89.41 88.27
84.99 87.23
83.38 86.97
-1.00 -1.00
5 0
0 
 3
82.71 88.80
85.16 89.91
87.73 90.01
89.41 89.96
91.08 90.20
-1.00 -1.00
5 0
0 
 3
96.40 82.58
97.69 83.24
98.42 84.10
97.91 84.49
97.00 86.24
96.41 88.26
96.55 89.58
96.82 90.50
96.81 90.65
96.04 90.85
94.90 90.70
93.41 90.86
92.16 91.24
90.83 91.89
90.13 92.46
-1.00 -1.00
5 0
0 
 3
92.87 89.77
92.87 89.15
93.05 87.91
-1.00 -1.00
5 0
0 
 3
94.35 89.97
94.20 88.42
94.51 87.13
94.90 86.57
95.35 86.11
-1.00 -1.00
5 0
0 
 3
96.73 90.86
96.87 90.63
97.64 90.43
98.89 91.23
100.09 92.78
100.91 93.90
101.34 95.01
101.58 96.08
101.88 97.28
102.31 98.11
103.01 98.72
103.90 98.89
104.96 98.80
105.42 98.47
105.65 97.96
105.67 97.24
105.46 96.26
104.92 95.72
104.18 95.35
103.45 95.34
-1.00 -1.00
5 0
0 
 3
104.05 95.47
104.24 95.16
104.36 94.54
104.37 93.72
104.18 92.76
104.00 92.02
103.93 91.57
104.24 91.56
104.64 91.64
105.31 91.67
106.80 91.95
107.13 91.94
107.16 91.74
106.84 91.16
106.38 90.91
105.03 90.67
-1.00 -1.00
5 0
0 
 3
104.83 90.88
104.83 90.68
104.82 89.92
104.52 88.88
104.16 88.12
103.41 87.00
102.55 86.27
101.47 85.65
100.62 85.23
99.71 84.87
98.76 84.38
98.20 84.08
97.25 83.44
96.87 83.19
96.71 83.09
96.59 82.94
-1.00 -1.00
5 0
0 
 3
103.85 91.74
104.09 91.69
106.49 92.07
110.04 92.53
114.68 93.67
120.57 95.35
130.91 97.63
140.79 99.91
144.26 100.64
144.03 101.49
143.07 104.89
142.27 109.71
141.07 117.39
139.61 125.00
138.41 133.86
137.94 139.74
138.02 143.59
137.89 143.72
134.05 143.39
126.96 141.90
118.39 139.92
109.45 137.41
98.93 133.42
99.01 132.92
99.75 130.94
100.37 128.98
100.99 126.52
101.49 122.33
101.57 118.74
101.65 112.64
101.83 109.78
102.14 106.83
102.40 104.66
102.67 102.78
102.93 101.16
103.13 99.88
103.24 99.00
103.26 98.70
-1.00 -1.00
5 0
0 
 3
104.03 95.12
104.05 93.69
103.95 92.63
103.80 91.71
103.78 91.34
-1.00 -1.00
5 0
0 
 3
89.34 92.02
89.11 92.78
88.60 93.93
88.32 94.53
88.11 95.25
88.08 95.80
88.88 95.62
90.51 95.70
91.64 95.87
93.39 96.51
95.53 97.57
97.87 99.10
99.43 100.87
100.25 102.43
100.78 104.40
100.70 106.58
100.25 108.31
99.73 109.65
99.19 110.16
98.58 110.39
99.17 110.21
100.14 110.36
100.66 110.75
100.78 111.40
100.71 112.09
100.48 112.85
99.86 113.84
99.01 114.55
98.33 114.30
97.56 113.87
97.04 113.89
95.71 114.42
94.46 115.41
93.82 117.04
93.51 118.69
93.38 120.29
93.00 122.03
92.44 123.79
91.67 124.95
90.26 125.61
87.85 126.09
86.14 126.35
84.50 126.39
83.84 126.29
82.79 125.99
81.18 125.11
79.53 123.86
78.10 122.59
76.88 121.42
76.01 120.25
-1.00 -1.00
5 0
0 
 3
83.79 91.62
83.71 91.41
82.99 93.36
82.69 94.74
82.27 95.16
80.23 95.19
77.10 95.67
74.24 96.81
71.14 98.18
68.17 99.94
66.61 101.69
64.98 104.37
64.18 107.87
64.39 111.36
65.39 115.10
66.54 118.41
68.28 121.83
70.78 125.13
73.60 127.01
76.29 127.67
80.13 127.54
82.91 126.83
84.20 125.91
-1.00 -1.00
5 0
0 
 3
97.69 123.23
96.86 124.37
93.56 126.95
89.55 128.07
86.12 127.49
84.22 126.35
83.45 125.16
-1.00 -1.00
5 0
0 
 3
94.38 120.38
93.80 120.96
90.93 122.72
82.66 125.69
-1.00 -1.00
5 0
0 
 3
88.01 120.91
87.47 121.53
85.27 123.51
81.02 126.67
78.59 129.01
76.82 129.80
73.75 128.93
71.42 125.69
68.69 119.14
-1.00 -1.00
5 0
0 
 3
84.04 127.85
80.95 130.18
78.20 131.75
75.77 131.63
72.11 129.41
69.66 125.68
67.41 119.35
66.26 112.67
66.82 106.91
68.43 102.98
71.50 99.32
74.57 97.75
-1.00 -1.00
5 0
0 
 3
75.57 95.34
72.75 94.21
69.40 95.20
66.76 97.93
65.41 101.87
65.46 106.36
66.67 111.93
69.15 116.78
72.22 120.08
75.64 120.87
79.18 120.18
-1.00 -1.00
5 0
0 
 3
88.39 118.20
87.90 119.27
85.94 120.11
81.18 120.77
74.82 120.51
69.97 117.41
68.60 111.99
69.71 106.74
71.43 103.14
74.21 100.02
77.47 98.82
80.95 98.82
83.89 100.19
-1.00 -1.00
5 0
0 
 3
87.17 103.72
85.53 102.09
81.99 101.86
78.31 103.69
75.60 107.72
74.78 111.91
-1.00 -1.00
5 0
0 
 3
78.79 101.15
75.42 102.45
73.95 106.41
74.11 110.80
75.98 114.10
79.57 116.50
82.51 117.36
-1.00 -1.00
5 0
0 
 3
81.18 114.07
77.95 115.33
74.60 113.79
71.96 109.47
71.19 104.75
72.11 101.74
74.34 99.76
-1.00 -1.00
5 0
0 
 3
83.71 116.18
78.28 118.33
73.04 116.28
70.04 111.23
70.17 105.41
71.81 101.79
75.44 99.63
-1.00 -1.00
5 0
0 
 3
87.90 120.26
86.63 122.23
83.65 123.05
79.66 122.79
75.44 121.45
74.09 118.13
70.22 112.88
70.48 106.88
72.09 102.04
74.91 99.81
-1.00 -1.00
5 0
0 
 3
87.83 122.85
85.88 124.11
81.82 125.15
77.46 124.62
73.47 122.16
70.50 117.42
69.79 111.81
71.04 106.30
73.21 102.76
75.49 100.40
-1.00 -1.00
5 0
0 
 3
78.97 123.96
77.16 124.27
73.57 123.17
69.99 119.98
66.66 114.91
66.05 108.66
67.81 101.96
72.55 97.48
-1.00 -1.00
5 0
0 
 3
82.76 111.98
82.41 112.54
81.77 112.97
80.76 113.10
79.38 112.88
78.18 112.50
77.01 111.40
76.87 110.47
77.03 109.15
77.57 108.11
78.51 107.06
79.36 106.71
80.46 106.86
81.33 107.21
-1.00 -1.00
5 0
0 
 3
90.83 114.17
90.70 113.79
90.42 113.25
90.05 112.65
89.82 112.19
89.52 111.61
89.44 111.13
89.57 110.70
89.73 110.31
89.82 110.09
-1.00 -1.00
5 0
0 
 3
93.28 113.43
93.28 113.23
93.44 112.82
93.54 112.62
93.57 112.16
93.36 111.30
92.80 110.13
92.57 109.83
92.56 110.13
92.64 110.82
92.74 111.56
92.89 112.17
92.97 112.75
93.08 113.00
93.25 113.07
93.21 112.55
92.66 110.92
92.56 110.42
92.56 110.08
92.95 110.90
93.31 112.07
93.39 112.42
92.64 110.34
92.59 110.16
93.13 111.50
93.46 112.67
92.97 110.74
92.79 110.24
93.21 112.75
93.08 112.06
92.66 110.34
93.10 112.39
93.23 112.29
92.97 110.26
93.33 112.09
93.46 113.00
92.89 110.61
93.33 113.02
93.03 110.65
93.39 112.72
93.49 112.82
93.03 110.84
93.44 112.42
93.10 111.74
92.43 110.06
92.72 112.22
92.82 111.63
92.54 110.37
93.23 112.95
93.05 111.78
92.97 111.35
93.44 113.48
92.82 111.18
92.67 110.72
93.30 112.85
92.80 110.26
93.54 112.34
-1.00 -1.00
5 0
0 
 3
98.71 101.72
98.40 101.54
97.94 101.35
97.22 101.13
96.58 100.87
95.68 100.45
95.10 100.21
94.71 99.88
94.35 99.00
-1.00 -1.00
5 0
0 
 3
81.77 74.42
80.86 74.89
79.94 75.25
79.16 75.51
78.07 75.58
76.82 75.13
76.31 74.87
75.92 74.26
75.64 72.90
75.64 71.75
75.44 71.27
74.63 70.54
73.44 69.31
72.12 68.70
70.79 68.51
69.96 67.87
70.63 66.70
71.68 65.48
73.22 63.79
74.36 62.59
74.67 62.18
-1.00 -1.00
5 0
0 
 3
77.21 69.31
76.33 68.50
75.60 67.49
75.41 66.88
75.59 65.96
76.34 64.73
77.31 63.68
78.87 62.32
79.72 61.51
79.99 61.18
78.75 60.92
76.92 60.16
75.69 59.40
74.55 58.38
74.04 57.87
74.01 58.61
74.04 60.66
73.99 61.43
72.94 61.45
71.83 61.53
70.96 61.55
70.50 60.66
69.45 59.15
67.77 58.35
66.12 57.87
65.26 57.95
65.16 58.30
65.23 59.62
64.15 60.77
62.37 61.25
61.73 61.20
61.65 61.09
61.77 59.62
62.31 58.26
62.11 57.49
61.55 56.53
61.03 56.56
59.60 57.04
58.63 56.78
58.01 56.28
-1.00 -1.00
5 0
0 
 3
71.76 65.64
70.19 65.54
69.17 64.29
68.35 62.41
68.04 61.96
67.66 62.57
66.97 64.24
66.90 65.84
66.41 66.62
65.18 66.62
63.46 66.52
62.28 66.10
61.34 65.54
60.59 64.45
60.59 63.22
60.68 62.77
59.52 63.38
57.94 62.14
57.52 61.09
58.03 59.78
59.44 58.87
59.85 58.44
58.37 58.84
56.58 58.79
55.33 58.68
53.94 58.41
52.90 57.24
52.87 55.32
53.92 54.30
56.98 53.92
59.32 52.95
61.23 52.25
61.77 53.21
61.65 54.30
63.33 53.77
65.33 53.72
66.58 54.63
67.86 55.04
68.60 55.37
70.07 55.51
71.16 55.37
70.68 55.04
69.88 54.32
71.40 53.91
73.21 54.78
75.39 55.11
77.62 55.57
78.82 55.32
79.46 54.85
80.25 54.80
80.92 54.96
81.43 55.36
81.72 55.74
82.17 57.03
-1.00 -1.00
5 0
0 
 -1
