gremlinfile
0 16.00 56.00
3
54.03 108.77
53.28 107.66
52.97 106.47
52.87 105.75
53.05 105.20
52.97 104.87
52.01 106.39
50.13 107.37
48.25 108.11
46.03 108.89
43.01 109.45
40.60 109.86
37.96 109.40
34.96 107.97
33.47 106.18
32.35 104.23
31.82 101.93
31.88 101.77
32.21 100.84
32.02 101.66
31.21 103.24
30.23 103.84
28.78 103.63
27.96 102.51
27.43 100.86
27.67 99.32
28.21 98.40
29.12 97.68
30.59 96.57
30.92 95.30
30.66 93.20
29.82 91.46
28.49 90.08
27.69 89.24
26.49 88.38
25.12 87.41
24.69 85.98
24.98 83.88
25.73 82.36
-1.00 -1.00
5 0
0 
 3
29.02 89.67
29.08 89.53
30.23 88.30
30.82 87.21
30.25 86.74
29.14 87.04
27.88 87.29
27.53 88.60
29.04 89.73
-1.00 -1.00
5 0
0 
 3
27.57 88.42
27.80 87.45
29.65 86.94
30.68 86.26
31.35 85.07
30.90 84.25
30.00 83.92
-1.00 -1.00
5 0
0 
 3
22.88 88.23
24.26 89.28
25.69 90.53
27.06 90.99
27.96 90.12
27.67 88.71
-1.00 -1.00
5 0
0 
 3
27.33 89.71
27.31 91.40
26.22 93.12
23.55 93.47
21.92 92.63
20.30 90.31
19.51 87.02
19.83 83.43
21.51 79.98
23.86 77.68
26.04 76.96
27.02 77.52
27.90 78.05
28.08 78.19
-1.00 -1.00
5 0
0 
 3
29.84 74.50
30.06 72.01
30.55 69.57
31.78 66.88
33.27 64.68
35.29 63.26
37.21 62.73
38.21 62.65
38.09 62.77
36.74 63.22
35.27 64.21
33.53 66.12
32.84 68.42
32.00 71.01
32.08 72.22
33.27 71.66
-1.00 -1.00
5 0
0 
 3
42.86 63.68
44.54 64.23
46.25 65.03
47.83 65.91
49.42 66.80
51.91 68.15
53.79 69.34
56.38 71.42
58.83 73.33
59.56 73.72
59.67 72.83
57.77 70.29
55.91 68.89
-1.00 -1.00
5 0
0 
 3
57.85 73.33
56.11 71.23
54.20 69.34
53.09 67.86
-1.00 -1.00
5 0
0 
 3
34.51 68.25
35.25 67.17
36.70 66.39
38.74 65.73
41.25 65.65
43.89 66.30
47.97 68.09
51.24 70.12
55.11 72.26
57.12 73.55
59.10 74.52
-1.00 -1.00
5 0
0 
 3
38.58 66.41
41.27 66.16
45.44 66.90
48.25 67.91
-1.00 -1.00
5 0
0 
 3
60.20 74.23
62.73 76.37
64.36 78.67
65.36 81.97
64.75 84.74
-1.00 -1.00
5 0
0 
 3
63.06 76.65
64.93 78.85
66.94 82.69
67.28 87.04
65.71 90.86
64.55 92.87
-1.00 -1.00
5 0
0 
 3
67.18 91.87
66.32 93.63
65.20 95.09
63.36 96.12
61.18 96.84
-1.00 -1.00
5 0
0 
 3
64.71 94.97
64.38 96.22
62.38 98.50
60.48 99.34
59.22 99.77
-1.00 -1.00
5 0
0 
 3
30.14 71.56
30.02 71.91
29.53 73.14
28.84 74.93
27.82 76.88
27.45 78.23
-1.00 -1.00
5 0
0 
 3
32.76 83.47
33.02 83.49
33.76 83.76
35.04 84.17
36.17 84.89
37.82 85.77
39.25 85.81
38.74 84.68
36.58 83.94
35.72 84.50
37.68 85.81
38.21 86.10
-1.00 -1.00
5 0
0 
 3
43.19 87.54
42.68 86.84
42.25 85.54
42.29 84.27
43.11 82.77
44.19 81.87
45.42 81.27
47.56 81.09
49.34 81.95
50.89 83.57
51.30 85.15
51.13 87.06
49.93 88.44
48.38 89.03
47.64 89.03
-1.00 -1.00
5 0
0 
 3
33.66 92.30
34.35 92.30
35.86 92.57
37.82 93.14
39.33 93.74
40.50 94.70
40.31 95.44
40.19 95.77
-1.00 -1.00
5 0
0 
 3
34.35 95.36
36.02 96.22
37.64 97.19
37.92 97.56
37.60 98.19
37.39 98.09
35.88 97.21
34.41 96.20
33.19 95.44
33.72 95.28
36.66 97.17
36.94 97.39
34.17 95.61
34.58 95.98
37.64 97.31
34.55 95.73
35.96 96.49
36.86 97.41
33.90 96.02
37.19 97.89
34.27 96.06
36.64 97.23
34.82 96.30
36.86 97.45
35.53 96.14
-1.00 -1.00
5 0
0 
 3
36.29 96.78
33.60 95.30
-1.00 -1.00
5 0
0 
 3
48.34 105.54
47.64 105.44
46.85 105.30
46.34 105.36
45.64 106.06
44.93 106.80
43.93 107.33
42.70 107.99
41.50 108.81
40.15 109.08
39.19 109.30
38.96 109.34
38.52 109.40
-1.00 -1.00
5 0
0 
 3
53.34 111.60
53.36 111.68
52.09 112.53
50.34 113.10
49.56 113.51
48.97 111.95
50.17 109.22
51.97 109.14
53.81 109.69
54.36 109.96
54.60 109.92
54.93 108.25
55.97 106.26
57.38 103.96
58.89 102.01
60.69 100.18
62.75 98.67
65.38 97.89
67.10 97.64
68.94 97.86
71.24 98.81
72.43 100.06
73.08 102.05
72.82 103.63
71.86 104.87
69.96 107.39
68.00 109.18
65.57 110.84
62.44 112.63
60.85 113.04
60.99 113.04
61.73 113.63
61.91 114.46
61.50 116.18
60.73 116.30
59.99 114.83
59.32 113.92
58.93 114.46
59.59 116.06
59.71 116.78
58.46 117.10
56.24 115.46
55.97 114.39
55.79 114.58
55.52 115.34
55.58 117.04
54.75 117.95
53.15 117.62
52.09 115.87
52.13 114.19
52.97 111.95
53.22 111.75
51.54 112.77
50.23 113.16
49.54 113.49
-1.00 -1.00
5 0
0 
 3
74.69 101.72
74.98 103.72
74.67 105.85
73.69 108.03
71.92 109.34
70.28 109.73
68.32 109.79
67.14 109.75
-1.00 -1.00
5 0
0 
 3
44.64 131.48
44.72 132.01
44.44 133.51
44.48 135.13
44.72 136.98
45.29 138.79
46.66 141.05
48.48 143.14
50.95 144.87
51.89 145.15
53.03 145.17
56.26 145.73
58.16 145.87
60.26 145.71
62.79 144.89
64.28 144.00
65.85 142.65
67.12 141.64
68.20 140.62
69.51 139.24
70.77 137.13
72.06 134.70
72.90 132.94
73.59 130.92
74.24 128.28
74.53 126.12
74.80 123.82
74.49 121.70
74.29 119.36
73.90 116.98
73.43 114.25
72.71 112.38
71.65 110.62
70.86 109.18
70.92 108.91
-1.00 -1.00
5 0
0 
 3
63.34 113.10
66.81 112.46
71.33 112.03
72.84 112.38
73.16 112.65
69.49 112.81
64.85 113.06
62.44 113.59
-1.00 -1.00
5 0
0 
 3
63.79 116.35
68.90 116.00
72.61 116.06
74.12 117.04
74.02 117.58
68.88 117.64
63.73 117.72
61.63 117.99
-1.00 -1.00
5 0
0 
 3
64.24 120.76
69.61 120.88
73.28 121.21
73.88 122.28
73.33 122.83
67.32 122.59
62.89 122.46
62.99 121.75
-1.00 -1.00
5 0
0 
 3
66.81 125.61
71.86 126.65
74.06 127.70
74.29 128.48
71.18 128.28
66.06 127.49
-1.00 -1.00
5 0
0 
 3
69.59 132.98
65.59 132.20
63.79 131.68
63.91 130.90
67.53 131.23
71.43 132.22
72.73 132.63
-1.00 -1.00
5 0
0 
 3
67.71 137.25
63.95 135.87
63.28 135.69
64.24 136.32
67.81 138.05
68.65 138.67
-1.00 -1.00
5 0
0 
 3
60.83 142.57
60.14 141.81
59.69 142.03
59.20 143.16
-1.00 -1.00
5 0
0 
 3
62.36 140.16
64.00 142.01
65.44 142.34
66.16 141.70
63.97 140.06
-1.00 -1.00
5 0
0 
 3
61.12 115.48
61.34 116.49
62.12 118.40
63.10 122.36
63.55 125.22
63.83 128.21
63.67 131.68
63.06 134.70
61.75 137.99
60.10 140.43
58.40 142.83
56.83 144.56
55.30 145.26
53.22 145.20
-1.00 -1.00
5 0
0 
 3
44.38 133.63
44.23 131.79
44.15 129.94
44.27 127.29
44.70 124.41
45.17 121.17
45.91 118.05
46.76 114.87
47.44 112.57
48.17 111.09
48.62 110.31
48.11 110.39
47.50 110.66
45.93 113.61
44.84 117.76
44.76 120.90
45.27 121.38
-1.00 -1.00
5 0
0 
 3
44.48 122.14
42.95 123.29
40.82 124.85
40.25 125.15
39.80 125.38
39.50 125.89
39.03 128.48
38.78 130.64
38.80 132.96
39.66 135.01
40.82 135.34
41.60 134.54
41.99 133.76
41.52 131.75
41.37 129.14
41.95 125.83
42.23 124.50
41.78 124.23
-1.00 -1.00
5 0
0 
 3
44.44 134.83
43.25 134.60
42.11 134.35
-1.00 -1.00
5 0
0 
 3
38.11 131.44
44.03 131.50
42.86 132.28
41.70 134.27
40.72 135.38
40.09 135.34
40.03 137.84
39.11 140.08
37.72 141.33
36.31 140.86
34.17 137.64
32.90 132.61
32.94 128.60
32.88 123.18
33.04 120.06
34.17 116.88
35.60 114.72
37.70 113.22
39.39 112.75
41.01 113.82
41.68 115.24
42.05 117.54
41.62 119.14
41.09 122.03
40.84 123.76
40.48 125.20
39.99 127.64
39.37 130.39
39.50 133.26
-1.00 -1.00
5 0
0 
 3
43.15 117.62
41.88 118.30
39.33 119.77
37.62 121.38
36.33 123.78
36.13 125.40
36.92 126.45
38.90 125.07
40.41 122.96
40.72 121.44
39.84 121.75
38.37 124.02
36.80 126.78
36.96 128.23
38.07 128.01
39.70 125.87
40.25 124.80
-1.00 -1.00
5 0
0 
 3
32.64 135.71
32.29 135.32
31.78 133.10
31.66 129.49
31.59 127.04
31.49 123.37
32.06 119.98
33.00 116.76
34.06 115.54
34.55 115.59
34.53 115.38
35.56 112.92
36.60 113.31
36.25 113.06
37.03 111.44
38.54 111.29
39.33 112.09
-1.00 -1.00
5 0
0 
 3
27.00 141.95
25.98 138.91
25.04 135.03
24.37 130.99
24.22 126.41
24.65 121.07
27.33 117.80
-1.00 -1.00
5 0
0 
 3
78.72 126.65
78.88 126.41
80.04 125.05
80.68 121.83
80.78 117.13
79.61 110.60
78.70 107.54
-1.00 -1.00
5 0
0 
 3
80.70 131.87
81.53 131.40
83.06 129.98
85.53 126.51
86.70 123.37
86.56 120.14
85.60 116.80
84.53 114.41
-1.00 -1.00
5 0
0 
 3
20.51 100.53
20.90 100.60
27.37 100.23
-1.00 -1.00
5 0
0 
 3
72.82 99.16
74.69 98.89
78.06 98.50
84.27 98.28
87.49 98.17
-1.00 -1.00
5 0
0 
 3
95.89 97.89
107.09 97.54
119.47 97.04
136.43 96.57
140.15 96.51
140.93 96.61
-1.00 -1.00
5 0
0 
 3
65.71 93.92
74.86 93.47
86.35 93.10
100.83 92.55
118.57 92.16
130.63 92.09
134.11 91.95
134.62 91.85
-1.00 -1.00
5 0
0 
 3
153.09 96.37
157.58 96.71
164.93 96.37
170.49 96.08
-1.00 -1.00
5 0
0 
 3
167.20 90.86
169.06 90.70
-1.00 -1.00
5 0
0 
 3
179.35 95.75
184.02 95.71
-1.00 -1.00
5 0
0 
 3
183.09 90.43
184.82 90.23
-1.00 -1.00
5 0
0 
 3
88.92 102.03
88.11 101.95
87.21 102.22
86.35 102.32
85.02 101.79
85.07 100.51
86.54 100.43
88.45 100.51
88.35 99.61
88.39 97.86
88.92 96.67
89.80 96.08
90.33 96.41
90.66 97.54
90.27 98.71
90.41 99.77
90.70 99.67
92.99 99.06
94.91 98.95
95.76 99.49
94.95 100.08
93.23 100.68
91.95 101.05
94.56 101.29
95.95 102.65
95.48 103.82
94.13 104.46
92.60 103.82
92.15 102.30
91.35 102.83
91.35 104.56
91.93 106.35
91.70 107.66
89.72 106.69
89.23 104.02
89.80 102.71
88.84 102.05
87.41 102.11
85.04 101.77
85.45 100.27
87.49 100.51
-1.00 -1.00
5 0
0 
 3
72.31 74.80
71.65 75.42
73.33 74.39
76.29 73.16
80.14 71.97
86.68 70.14
100.19 66.84
103.48 66.26
106.87 66.26
109.79 66.47
111.65 66.80
113.53 68.64
115.53 70.74
116.83 71.42
118.12 71.79
120.49 71.13
122.65 70.55
126.02 69.96
129.86 69.82
133.00 69.88
135.54 70.39
137.29 71.91
138.50 73.55
139.23 76.14
139.27 78.93
139.35 80.39
136.84 79.32
133.13 78.58
127.61 77.93
121.75 78.34
118.06 78.60
114.08 77.84
112.91 76.80
112.77 76.28
111.44 76.04
105.54 76.69
98.76 77.74
92.70 79.24
89.33 80.00
88.66 78.79
88.58 77.99
88.33 77.66
85.84 78.97
82.94 79.20
80.63 76.47
79.65 76.24
76.39 77.33
74.10 77.72
73.28 75.87
-1.00 -1.00
5 0
0 
 3
74.75 79.45
76.06 81.97
76.78 83.78
79.53 83.06
84.68 81.19
88.15 79.73
88.66 79.59
89.13 80.88
88.88 81.62
84.47 83.53
80.39 84.95
78.06 85.56
-1.00 -1.00
5 0
0 
 3
79.70 82.24
84.19 80.16
88.45 78.17
-1.00 -1.00
5 0
0 
 3
80.84 79.84
83.11 78.91
-1.00 -1.00
5 0
0 
 3
74.96 80.68
78.37 78.75
81.17 77.08
-1.00 -1.00
5 0
0 
 3
78.74 76.94
80.80 76.10
-1.00 -1.00
5 0
0 
 3
90.84 84.09
89.23 78.34
89.03 77.37
-1.00 -1.00
5 0
0 
 3
90.66 86.02
93.40 84.93
97.54 83.82
102.46 82.48
110.08 81.36
-1.00 -1.00
5 0
0 
 3
92.88 83.26
97.03 82.48
100.32 81.83
105.71 80.76
109.12 80.33
111.69 80.14
-1.00 -1.00
5 0
0 
 3
111.75 72.22
111.93 72.65
112.02 73.41
112.97 74.56
114.22 75.40
116.16 75.79
117.06 75.71
-1.00 -1.00
5 0
0 
 3
112.63 70.41
112.95 70.97
113.77 72.14
115.38 73.00
117.32 73.16
-1.00 -1.00
5 0
0 
 3
86.96 66.55
89.60 64.85
94.76 63.70
100.36 63.35
109.12 63.63
115.10 64.07
116.38 64.13
-1.00 -1.00
5 0
0 
 3
108.54 60.82
112.79 61.27
116.49 61.75
118.61 62.69
119.28 64.00
-1.00 -1.00
5 0
0 
 3
118.94 69.42
121.53 69.26
124.57 68.54
128.14 68.23
131.70 67.95
135.11 68.95
137.88 70.29
139.84 71.93
141.03 74.97
141.07 76.98
-1.00 -1.00
5 0
0 
 3
128.78 66.12
129.23 63.70
129.72 61.68
130.55 60.29
132.23 59.26
133.64 59.18
133.92 59.79
132.80 60.55
132.21 62.30
132.37 65.48
131.96 68.21
131.53 69.49
-1.00 -1.00
5 0
0 
 3
77.59 71.36
76.88 69.18
75.86 66.55
75.41 63.57
75.82 62.20
77.20 62.01
78.10 62.55
78.88 64.91
80.41 68.44
81.70 70.45
-1.00 -1.00
5 0
0 
 3
78.90 72.07
78.35 70.14
77.16 67.86
76.12 65.69
75.69 63.68
-1.00 -1.00
5 0
0 
 3
116.83 82.26
117.06 81.33
116.57 80.72
114.36 80.29
111.50 80.18
111.04 81.03
111.06 82.22
111.55 82.63
113.55 82.85
115.06 83.24
115.79 84.13
115.49 85.09
114.87 85.40
113.28 84.83
111.83 84.58
110.55 84.89
110.16 84.58
110.24 83.51
111.67 82.83
-1.00 -1.00
5 0
0 
 3
113.51 84.85
111.40 84.60
109.95 84.95
109.22 85.79
108.99 87.15
109.69 88.11
110.57 88.30
111.69 87.70
112.77 87.21
114.02 86.78
114.98 86.76
116.85 87.37
117.06 88.23
117.14 88.85
116.83 87.84
115.16 87.13
113.87 87.95
114.06 89.69
115.20 90.92
116.24 91.38
117.81 90.66
118.98 89.03
119.22 88.30
119.34 87.64
121.82 87.66
124.45 87.56
128.25 87.64
131.47 87.56
134.04 87.76
134.84 87.70
-1.00 -1.00
5 0
0 
 3
113.08 91.15
111.67 90.90
110.20 89.75
110.87 87.56
112.67 87.06
114.22 86.84
114.73 86.90
-1.00 -1.00
5 0
0 
 3
115.69 80.39
118.12 80.41
120.41 80.23
124.98 80.23
129.04 80.33
132.78 80.27
136.27 80.14
137.52 80.21
138.13 80.39
138.15 82.55
137.72 85.05
137.27 87.21
136.78 88.03
136.11 88.09
135.33 88.03
135.33 86.24
135.78 84.17
136.31 82.28
136.45 81.25
136.35 80.97
-1.00 -1.00
5 0
0 
 3
138.27 83.02
140.27 82.94
141.17 83.22
141.21 84.17
139.46 84.76
137.84 84.33
138.94 84.70
140.29 85.65
140.41 86.98
139.11 87.13
137.64 85.38
-1.00 -1.00
5 0
0 
 3
138.45 89.77
138.58 90.10
139.48 90.37
141.54 91.27
144.91 92.16
147.27 92.67
148.48 92.22
149.30 90.43
149.81 89.34
-1.00 -1.00
5 0
0 
 3
138.62 89.79
137.86 89.79
136.51 90.23
135.27 91.36
135.23 92.16
135.43 92.34
135.92 92.38
136.39 92.32
137.49 92.61
139.05 93.31
140.56 94.64
141.09 96.32
141.56 98.25
141.11 100.60
140.09 103.35
137.41 105.93
134.76 106.88
132.35 107.19
129.74 107.00
127.45 105.79
126.12 104.72
124.57 103.31
122.98 102.63
121.39 103.06
120.61 104.46
120.77 106.57
122.14 108.91
123.18 110.21
123.51 110.78
-1.00 -1.00
5 0
0 
 3
123.20 110.64
122.90 110.41
121.16 109.30
119.73 109.22
118.88 110.74
119.02 112.71
120.24 113.88
122.33 114.44
124.02 114.52
126.22 115.63
127.12 117.47
127.51 120.45
126.74 123.49
-1.00 -1.00
5 0
0 
 3
126.61 120.12
128.51 120.99
128.72 121.11
128.04 120.02
-1.00 -1.00
5 0
0 
 3
131.92 114.99
132.33 114.76
133.41 113.82
133.80 112.90
133.94 112.11
134.04 111.85
-1.00 -1.00
5 0
0 
 3
128.98 112.98
129.47 111.87
130.47 111.03
131.45 111.23
131.33 112.09
130.37 113.49
129.23 114.35
128.80 113.37
129.76 111.52
131.00 111.62
130.17 113.02
129.53 112.51
130.86 111.81
129.68 113.82
130.72 111.77
129.39 113.57
130.70 111.85
129.23 113.61
130.39 113.00
130.47 111.85
129.27 113.49
129.21 113.68
130.04 113.29
129.25 113.72
-1.00 -1.00
5 0
0 
 3
131.02 128.67
130.21 127.29
128.80 125.87
127.21 124.85
125.20 123.02
123.43 121.60
122.06 120.78
119.96 119.82
118.12 119.42
116.63 119.75
115.12 120.70
114.24 122.69
114.16 124.23
114.73 127.52
116.14 130.14
118.28 133.33
121.88 135.83
124.29 136.28
126.71 135.85
128.21 135.07
130.80 133.76
132.08 133.00
132.21 132.98
134.68 135.26
139.15 138.25
141.62 139.65
145.60 140.53
148.64 140.35
151.30 139.38
154.56 137.56
157.26 135.03
160.40 131.31
162.51 127.29
163.02 124.00
162.73 121.29
162.34 118.21
162.12 115.24
163.02 117.35
165.75 120.68
169.28 121.42
171.39 119.55
172.73 116.65
173.29 113.10
172.65 110.16
170.84 106.55
168.61 103.88
166.81 101.68
164.85 99.90
161.46 99.69
159.44 100.60
159.18 100.76
157.91 100.06
156.54 99.01
153.69 97.10
150.93 96.57
147.91 97.27
145.44 100.00
144.19 103.59
144.35 106.61
145.74 110.18
147.74 112.48
149.93 112.96
151.40 114.33
152.01 116.61
151.19 119.45
148.83 121.36
146.60 121.38
145.01 120.21
144.19 118.09
144.05 117.93
143.52 118.67
141.80 117.62
140.31 117.45
138.31 119.28
136.96 120.00
135.78 120.78
136.03 124.25
136.92 127.10
136.98 128.36
134.58 127.72
132.29 127.95
131.51 128.52
129.33 127.00
127.47 125.59
125.20 123.65
122.45 121.79
121.94 121.50
120.18 121.46
118.36 122.44
117.30 123.88
117.00 126.28
117.81 128.73
119.32 130.99
121.73 133.24
124.47 134.15
126.16 134.13
128.80 133.18
130.49 132.24
131.23 131.42
132.76 131.64
135.13 133.02
137.80 135.46
142.33 137.21
145.72 138.25
148.70 137.93
152.22 136.55
155.32 134.89
157.34 132.34
159.54 127.93
159.63 123.53
160.18 119.36
160.87 115.44
161.26 113.98
-1.00 -1.00
5 0
0 
 3
161.24 113.80
161.40 114.09
162.42 116.98
164.26 118.99
166.55 118.99
169.26 117.19
170.86 115.15
172.14 112.32
171.86 109.63
171.06 107.66
170.28 106.32
-1.00 -1.00
5 0
0 
 3
152.77 97.60
152.60 96.16
153.34 93.82
154.87 92.90
156.01 92.73
-1.00 -1.00
5 0
0 
 3
148.25 89.86
146.13 89.88
145.25 89.53
144.95 88.85
145.60 86.53
147.68 86.67
149.38 88.50
149.72 89.01
148.62 86.88
149.50 85.71
151.28 86.88
152.52 88.99
152.81 89.79
152.46 87.74
153.66 87.45
155.20 90.25
154.89 91.77
154.95 91.15
155.85 90.02
157.01 91.13
158.20 93.43
158.16 94.37
157.32 93.20
158.42 92.92
158.69 94.97
157.24 95.46
155.56 94.25
155.09 92.87
155.20 91.87
-1.00 -1.00
5 0
0 
 3
150.85 84.21
150.70 82.51
150.26 80.72
150.05 80.27
151.68 82.94
152.22 84.09
152.77 82.07
153.44 83.43
-1.00 -1.00
5 0
0 
 3
152.50 81.09
152.48 79.38
152.42 78.01
153.71 79.47
154.52 81.21
155.07 80.39
-1.00 -1.00
5 0
0 
 3
75.57 81.29
79.84 80.08
83.25 78.81
-1.00 -1.00
5 0
0 
 3
137.64 80.97
137.72 80.94
139.21 80.76
142.62 80.47
145.48 80.70
146.76 80.76
147.81 77.25
148.74 74.13
150.11 72.38
150.83 71.58
151.07 71.11
-1.00 -1.00
5 0
0 
 3
156.91 81.44
156.14 80.08
153.75 76.06
150.52 70.06
148.13 65.03
147.42 63.78
147.23 63.35
146.09 63.84
143.62 64.50
142.15 64.35
140.66 63.45
139.74 61.50
140.54 60.74
142.23 61.09
144.29 61.60
146.62 61.54
144.58 61.77
142.99 60.92
142.74 59.40
143.78 58.62
146.31 58.81
148.32 60.14
149.56 60.99
148.19 60.00
147.58 58.69
149.81 58.38
150.85 59.67
151.58 59.03
152.64 58.50
154.22 59.53
154.95 60.02
154.13 61.17
155.20 63.59
157.07 67.25
159.44 72.36
161.81 76.74
162.44 77.62
-1.00 -1.00
5 0
0 
 3
157.36 81.33
160.01 79.36
162.83 77.62
165.57 77.56
-1.00 -1.00
5 0
0 
 3
161.85 79.30
163.79 81.23
164.20 83.33
161.34 82.22
159.95 79.71
159.97 79.92
160.75 83.82
159.77 85.34
158.48 81.58
-1.00 -1.00
5 0
0 
 3
162.57 79.22
164.42 79.84
166.47 81.54
166.92 83.18
167.00 85.79
166.49 87.91
165.32 90.10
162.63 91.40
159.93 91.42
156.99 90.43
155.56 88.17
154.73 85.34
155.81 83.12
156.97 81.89
-1.00 -1.00
5 0
0 
 3
155.50 59.61
157.77 58.75
160.06 58.19
162.59 58.32
164.20 59.01
163.57 60.35
164.18 59.61
166.67 58.79
169.77 58.67
172.08 59.22
174.90 60.68
177.39 62.98
179.27 65.69
180.51 68.38
181.66 71.87
182.27 74.00
182.39 76.35
182.17 77.60
-1.00 -1.00
5 0
0 
 3
174.16 88.36
176.76 90.78
178.53 91.54
180.27 91.15
181.04 90.02
182.21 87.15
182.68 84.15
182.17 80.55
180.92 76.88
179.86 73.88
178.23 70.60
176.39 67.49
171.53 62.61
168.73 61.36
165.47 60.94
161.97 60.76
158.59 60.99
156.05 61.42
154.54 62.46
-1.00 -1.00
5 0
0 
 3
171.35 70.08
169.41 68.11
166.59 66.35
163.55 64.87
161.01 64.05
158.61 63.78
157.54 63.94
-1.00 -1.00
5 0
0 
 3
179.25 81.83
178.14 77.89
176.76 75.09
174.00 70.66
171.53 67.82
170.55 66.88
-1.00 -1.00
5 0
0 
 3
174.04 87.76
174.47 86.47
174.41 84.66
174.49 82.26
173.69 79.32
172.18 75.95
170.41 73.08
167.83 70.43
165.04 69.10
162.24 68.19
159.34 67.41
157.95 67.15
157.01 67.04
-1.00 -1.00
5 0
0 
 3
175.49 89.38
177.41 91.81
179.33 94.27
179.74 96.51
178.70 97.21
175.69 94.39
174.00 90.99
173.63 88.67
173.94 89.03
175.90 93.39
177.78 98.21
177.74 103.22
175.96 103.78
174.55 102.14
173.47 100.45
172.04 96.55
171.71 92.81
172.18 89.53
172.77 88.28
174.24 90.04
175.04 94.76
174.53 99.18
173.39 99.96
-1.00 -1.00
5 0
0 
 3
172.04 95.09
171.88 96.35
170.14 96.10
169.10 95.91
168.30 92.07
168.69 88.09
170.30 86.94
172.53 87.19
173.04 87.89
171.45 87.86
169.65 90.84
169.26 93.90
170.02 91.62
-1.00 -1.00
5 0
0 
 3
167.45 86.71
169.55 87.29
-1.00 -1.00
5 0
0 
 -1
