gremlinfile
1 336.00 86.00
0
336.00 86.00
336.00 86.00
351.00 86.00
366.00 86.00
-1.00 -1.00
1 1
4 pbuf
 3
348.00 108.00
348.00 112.00
-1.00 -1.00
5 0
0 
 3
348.00 100.00
348.00 96.00
-1.00 -1.00
5 0
0 
 3
340.00 104.00
332.00 104.00
-1.00 -1.00
5 0
0 
 3
356.00 104.00
364.00 104.00
-1.00 -1.00
5 0
0 
 3
340.00 112.00
356.00 104.00
-1.00 -1.00
6 0
0 
 3
356.00 104.00
340.00 96.00
-1.00 -1.00
6 0
0 
 3
340.00 96.00
340.00 112.00
-1.00 -1.00
6 0
0 
 3
477.50 172.00
472.00 172.00
-1.00 -1.00
5 0
0 
 3
477.50 180.00
472.00 180.00
-1.00 -1.00
5 0
0 
 3
477.50 188.00
472.00 188.00
-1.00 -1.00
5 0
0 
 3
477.50 196.00
472.00 196.00
-1.00 -1.00
5 0
0 
 4
479.50 172.00
481.50 172.00
479.50 174.00
479.50 170.00
481.50 172.00
477.50 172.00
-1.00 -1.00
6 0
0 
 4
479.50 180.00
481.50 180.00
479.50 182.00
479.50 178.00
481.50 180.00
477.50 180.00
-1.00 -1.00
6 0
0 
 4
479.50 188.00
481.50 188.00
479.50 190.00
479.50 186.00
481.50 188.00
477.50 188.00
-1.00 -1.00
6 0
0 
 4
479.50 196.00
481.50 196.00
479.50 198.00
479.50 194.00
481.50 196.00
477.50 196.00
-1.00 -1.00
6 0
0 
 3
500.00 184.00
504.00 184.00
-1.00 -1.00
5 0
0 
 4
498.00 184.00
500.00 184.00
498.00 186.00
498.00 182.00
500.00 184.00
496.00 184.00
-1.00 -1.00
6 0
0 
 4
464.00 200.00
480.00 192.00
481.89 200.00
-1.00 -1.00
6 27
0 
 4
466.00 168.00
482.00 168.00
479.89 175.94
-1.00 -1.00
6 30
0 
 4
464.00 184.00
480.00 176.00
480.00 192.00
-1.00 -1.00
6 53
0 
 3
489.00 177.00
496.00 184.00
489.00 191.00
-1.00 -1.00
6 0
0 
 4
480.00 192.00
487.00 176.00
488.99 177.02
-1.00 -1.00
6 7
0 
 4
480.00 176.00
489.00 191.00
487.01 192.03
-1.00 -1.00
6 7
0 
 3
480.00 176.00
487.00 176.00
-1.00 -1.00
6 0
0 
 3
480.00 192.00
487.00 192.00
-1.00 -1.00
6 0
0 
 4
480.00 264.00
482.00 264.00
480.00 266.00
480.00 262.00
482.00 264.00
478.00 264.00
-1.00 -1.00
6 0
0 
 3
478.00 264.00
472.00 264.00
-1.00 -1.00
5 0
0 
 4
478.00 256.00
480.00 256.00
478.00 258.00
478.00 254.00
480.00 256.00
476.00 256.00
-1.00 -1.00
6 0
0 
 3
476.00 256.00
472.00 256.00
-1.00 -1.00
5 0
0 
 3
476.00 272.00
472.00 272.00
-1.00 -1.00
5 0
0 
 4
478.00 272.00
480.00 272.00
478.00 274.00
478.00 270.00
480.00 272.00
476.00 272.00
-1.00 -1.00
6 0
0 
 3
500.00 264.00
504.00 264.00
-1.00 -1.00
5 0
0 
 4
498.00 264.00
500.00 264.00
498.00 266.00
498.00 262.00
500.00 264.00
496.00 264.00
-1.00 -1.00
6 0
0 
 4
466.00 248.00
481.50 252.00
479.90 255.94
-1.00 -1.00
6 15
0 
 4
464.00 280.00
480.00 272.00
481.44 276.01
-1.00 -1.00
6 14
0 
 4
464.00 264.00
480.00 256.00
480.00 272.00
-1.00 -1.00
6 53
0 
 3
489.00 257.00
496.00 264.00
489.00 271.00
-1.00 -1.00
6 0
0 
 4
480.00 272.00
487.00 256.00
488.99 257.02
-1.00 -1.00
6 7
0 
 4
480.00 256.00
489.00 271.00
487.01 272.03
-1.00 -1.00
6 7
0 
 3
480.00 256.00
487.00 256.00
-1.00 -1.00
6 0
0 
 3
480.00 272.00
487.00 272.00
-1.00 -1.00
6 0
0 
 3
477.50 340.00
472.00 340.00
-1.00 -1.00
5 0
0 
 3
477.50 348.00
472.00 348.00
-1.00 -1.00
5 0
0 
 4
479.50 340.00
481.50 340.00
479.50 342.00
479.50 338.00
481.50 340.00
477.50 340.00
-1.00 -1.00
6 0
0 
 4
479.50 348.00
481.50 348.00
479.50 350.00
479.50 346.00
481.50 348.00
477.50 348.00
-1.00 -1.00
6 0
0 
 3
500.00 344.00
504.00 344.00
-1.00 -1.00
5 0
0 
 4
498.00 344.00
500.00 344.00
498.00 346.00
498.00 342.00
500.00 344.00
496.00 344.00
-1.00 -1.00
6 0
0 
 4
464.00 344.00
480.00 336.00
480.00 352.00
-1.00 -1.00
6 53
0 
 3
489.00 337.00
496.00 344.00
489.00 351.00
-1.00 -1.00
6 0
0 
 4
480.00 352.00
487.00 336.00
488.99 337.02
-1.00 -1.00
6 7
0 
 4
480.00 336.00
489.00 351.00
487.01 352.03
-1.00 -1.00
6 7
0 
 3
480.00 336.00
487.00 336.00
-1.00 -1.00
6 0
0 
 3
480.00 352.00
487.00 352.00
-1.00 -1.00
6 0
0 
 2
296.00 88.00
289.00 85.00
299.00 85.00
309.00 85.00
-1.00 -1.00
1 1
3 otn
 3
288.00 96.00
288.00 112.00
-1.00 -1.00
6 0
0 
 3
304.00 104.00
288.00 96.00
-1.00 -1.00
6 0
0 
 3
288.00 112.00
304.00 104.00
-1.00 -1.00
6 0
0 
 4
286.00 104.00
288.00 104.00
286.00 106.00
286.00 102.00
288.00 104.00
284.00 104.00
-1.00 -1.00
6 0
0 
 3
304.00 104.00
312.00 104.00
-1.00 -1.00
5 0
0 
 3
280.00 104.00
284.00 104.00
-1.00 -1.00
5 0
0 
 2
152.00 88.00
145.00 85.00
155.00 85.00
165.00 85.00
-1.00 -1.00
1 1
3 buf
 3
144.00 104.00
136.00 104.00
-1.00 -1.00
5 0
0 
 3
160.00 104.00
168.00 104.00
-1.00 -1.00
5 0
0 
 3
144.00 112.00
160.00 104.00
-1.00 -1.00
6 0
0 
 3
160.00 104.00
144.00 96.00
-1.00 -1.00
6 0
0 
 3
144.00 96.00
144.00 112.00
-1.00 -1.00
6 0
0 
 2
296.00 328.00
284.00 325.00
299.00 325.00
314.00 325.00
-1.00 -1.00
1 1
5 andn2
 3
304.00 344.00
308.00 344.00
-1.00 -1.00
5 0
0 
 3
288.00 336.06
288.00 352.00
-1.00 -1.00
6 0
0 
 3
288.00 336.00
296.00 336.00
-1.00 -1.00
6 0
0 
 3
288.00 352.00
296.00 352.00
-1.00 -1.00
6 0
0 
 4
296.00 344.00
296.00 336.00
296.00 352.00
-1.00 -1.00
6 180
0 
 4
286.00 348.00
288.00 348.00
286.00 350.00
286.00 346.00
288.00 348.00
284.00 348.00
-1.00 -1.00
6 0
0 
 4
286.00 340.00
288.00 340.00
286.00 342.00
286.00 338.00
288.00 340.00
284.00 340.00
-1.00 -1.00
6 0
0 
 3
280.00 348.00
284.00 348.00
-1.00 -1.00
5 0
0 
 3
280.00 340.00
284.00 340.00
-1.00 -1.00
5 0
0 
 3
308.00 344.00
312.00 344.00
-1.00 -1.00
5 0
0 
 2
392.00 248.00
385.00 245.00
392.00 245.00
400.00 245.00
-1.00 -1.00
1 1
3 or3
 2
392.00 328.00
385.00 325.00
392.00 325.00
400.00 325.00
-1.00 -1.00
1 1
3 or2
 2
392.00 408.00
387.00 405.00
392.00 405.00
397.00 405.00
-1.00 -1.00
1 1
2 or
 3
384.00 264.00
386.00 264.00
-1.00 -1.00
5 0
0 
 3
376.00 256.00
384.00 256.00
-1.00 -1.00
5 0
0 
 3
376.00 264.00
384.00 264.00
-1.00 -1.00
5 0
0 
 3
376.00 272.00
384.00 272.00
-1.00 -1.00
5 0
0 
 4
370.00 248.00
385.50 252.00
383.90 255.94
-1.00 -1.00
6 15
0 
 4
368.00 280.00
384.00 272.00
385.44 276.01
-1.00 -1.00
6 14
0 
 4
368.00 264.00
384.00 256.00
384.00 272.00
-1.00 -1.00
6 53
0 
 3
393.00 257.00
400.00 264.00
393.00 271.00
-1.00 -1.00
6 0
0 
 4
384.00 272.00
391.00 256.00
392.99 257.03
-1.00 -1.00
6 7
0 
 4
384.00 256.00
393.00 271.00
391.01 272.03
-1.00 -1.00
6 7
0 
 3
384.00 256.00
391.00 256.00
-1.00 -1.00
6 0
0 
 3
384.00 272.00
391.00 272.00
-1.00 -1.00
6 0
0 
 3
400.00 264.00
408.00 264.00
-1.00 -1.00
5 0
0 
 3
376.00 340.00
385.38 340.00
-1.00 -1.00
5 0
0 
 3
376.00 348.00
385.38 348.00
-1.00 -1.00
5 0
0 
 4
368.00 344.00
384.00 336.00
384.00 352.00
-1.00 -1.00
6 53
0 
 3
393.00 337.00
400.00 344.00
393.00 351.00
-1.00 -1.00
6 0
0 
 4
384.00 352.00
391.00 336.00
392.99 337.02
-1.00 -1.00
6 7
0 
 4
384.00 336.00
393.00 351.00
391.01 352.03
-1.00 -1.00
6 7
0 
 3
384.00 336.00
391.00 336.00
-1.00 -1.00
6 0
0 
 3
384.00 352.00
391.00 352.00
-1.00 -1.00
6 0
0 
 3
400.00 344.00
408.00 344.00
-1.00 -1.00
5 0
0 
 4
368.00 424.00
384.00 416.00
384.00 432.00
-1.00 -1.00
6 53
0 
 3
393.00 417.00
400.00 424.00
393.00 431.00
-1.00 -1.00
6 0
0 
 4
384.00 432.00
391.00 416.00
392.99 417.02
-1.00 -1.00
6 7
0 
 4
384.00 416.00
393.00 431.00
391.01 432.03
-1.00 -1.00
6 7
0 
 3
384.00 416.00
391.00 416.00
-1.00 -1.00
6 0
0 
 3
384.00 432.00
391.00 432.00
-1.00 -1.00
6 0
0 
 3
400.00 424.00
408.00 424.00
-1.00 -1.00
5 0
0 
 2
248.00 152.00
233.00 149.00
248.00 149.00
263.00 149.00
-1.00 -1.00
1 1
6 nandn4
 2
248.00 248.00
233.00 245.00
248.00 245.00
263.00 245.00
-1.00 -1.00
1 1
6 nandn3
 2
248.00 328.00
233.00 325.00
248.00 325.00
263.00 325.00
-1.00 -1.00
1 1
6 nandn2
 3
232.00 172.00
236.00 172.00
-1.00 -1.00
5 0
0 
 3
232.00 196.00
236.00 196.00
-1.00 -1.00
5 0
0 
 4
238.00 172.00
240.00 172.00
238.00 174.00
238.00 170.00
240.00 172.00
236.00 172.00
-1.00 -1.00
6 0
0 
 4
238.00 196.00
240.00 196.00
238.00 198.00
238.00 194.00
240.00 196.00
236.00 196.00
-1.00 -1.00
6 0
0 
 3
240.00 176.00
240.00 168.00
-1.00 -1.00
6 0
0 
 3
240.00 192.00
240.00 200.00
-1.00 -1.00
6 0
0 
 3
260.00 184.00
264.00 184.00
-1.00 -1.00
5 0
0 
 3
232.00 180.00
236.00 180.00
-1.00 -1.00
5 0
0 
 3
232.00 188.00
236.00 188.00
-1.00 -1.00
5 0
0 
 4
238.00 180.00
240.00 180.00
238.00 182.00
238.00 178.00
240.00 180.00
236.00 180.00
-1.00 -1.00
6 0
0 
 4
238.00 188.00
240.00 188.00
238.00 190.00
238.00 186.00
240.00 188.00
236.00 188.00
-1.00 -1.00
6 0
0 
 4
258.00 184.00
256.00 184.00
258.00 186.00
258.00 182.00
260.00 184.00
256.00 184.00
-1.00 -1.00
6 0
0 
 4
248.00 184.00
248.00 176.00
248.00 192.00
-1.00 -1.00
6 180
0 
 3
240.00 192.00
248.00 192.00
-1.00 -1.00
6 0
0 
 3
240.00 176.00
248.00 176.00
-1.00 -1.00
6 0
0 
 3
240.00 176.06
240.00 192.00
-1.00 -1.00
6 0
0 
 3
260.00 344.00
264.00 344.00
-1.00 -1.00
5 0
0 
 3
232.00 340.00
236.00 340.00
-1.00 -1.00
5 0
0 
 3
232.00 348.00
236.00 348.00
-1.00 -1.00
5 0
0 
 4
238.00 340.00
240.00 340.00
238.00 342.00
238.00 338.00
240.00 340.00
236.00 340.00
-1.00 -1.00
6 0
0 
 4
238.00 348.00
240.00 348.00
238.00 350.00
238.00 346.00
240.00 348.00
236.00 348.00
-1.00 -1.00
6 0
0 
 4
258.00 344.00
256.00 344.00
258.00 346.00
258.00 342.00
260.00 344.00
256.00 344.00
-1.00 -1.00
6 0
0 
 4
248.00 344.00
248.00 336.00
248.00 352.00
-1.00 -1.00
6 180
0 
 3
240.00 352.00
248.00 352.00
-1.00 -1.00
6 0
0 
 3
240.00 336.00
248.00 336.00
-1.00 -1.00
6 0
0 
 3
240.00 336.06
240.00 352.00
-1.00 -1.00
6 0
0 
 3
136.00 196.00
144.00 196.00
-1.00 -1.00
5 0
0 
 3
136.00 172.00
144.00 172.00
-1.00 -1.00
5 0
0 
 3
144.00 168.00
144.00 176.00
-1.00 -1.00
6 0
0 
 3
144.00 192.00
144.00 200.00
-1.00 -1.00
6 0
0 
 3
136.00 180.00
144.00 180.00
-1.00 -1.00
5 0
0 
 3
136.00 188.00
144.00 188.00
-1.00 -1.00
5 0
0 
 3
160.00 184.00
168.00 184.00
-1.00 -1.00
5 0
0 
 4
152.00 184.00
152.00 176.00
152.00 192.00
-1.00 -1.00
6 180
0 
 3
144.00 192.00
152.00 192.00
-1.00 -1.00
6 0
0 
 3
144.00 176.00
152.00 176.00
-1.00 -1.00
6 0
0 
 3
144.00 176.06
144.00 192.00
-1.00 -1.00
6 0
0 
 3
136.00 256.00
144.00 256.00
-1.00 -1.00
5 0
0 
 3
136.00 264.00
144.00 264.00
-1.00 -1.00
5 0
0 
 3
136.00 272.00
144.00 272.00
-1.00 -1.00
5 0
0 
 3
144.00 252.00
144.00 256.00
-1.00 -1.00
6 0
0 
 3
144.00 272.00
144.00 276.00
-1.00 -1.00
6 0
0 
 3
160.00 264.00
168.00 264.00
-1.00 -1.00
5 0
0 
 4
152.00 264.00
152.00 256.00
152.00 272.00
-1.00 -1.00
6 180
0 
 3
144.00 272.00
152.00 272.00
-1.00 -1.00
6 0
0 
 3
144.00 256.00
152.00 256.00
-1.00 -1.00
6 0
0 
 3
144.00 256.06
144.00 272.00
-1.00 -1.00
6 0
0 
 3
136.00 340.00
144.00 340.00
-1.00 -1.00
5 0
0 
 3
136.00 348.00
144.00 348.00
-1.00 -1.00
5 0
0 
 3
160.00 344.00
168.00 344.00
-1.00 -1.00
5 0
0 
 4
152.00 344.00
152.00 336.00
152.00 352.00
-1.00 -1.00
6 180
0 
 3
144.00 352.00
152.00 352.00
-1.00 -1.00
6 0
0 
 3
144.00 336.00
152.00 336.00
-1.00 -1.00
6 0
0 
 3
144.00 336.06
144.00 352.00
-1.00 -1.00
6 0
0 
 3
160.00 424.00
168.00 424.00
-1.00 -1.00
5 0
0 
 4
152.00 424.00
152.00 416.00
152.00 432.00
-1.00 -1.00
6 180
0 
 3
144.00 432.00
152.00 432.00
-1.00 -1.00
6 0
0 
 3
144.00 416.00
152.00 416.00
-1.00 -1.00
6 0
0 
 3
144.00 416.06
144.00 432.00
-1.00 -1.00
6 0
0 
 2
200.00 152.00
188.00 149.00
200.00 149.00
213.00 149.00
-1.00 -1.00
1 1
5 nand4
 2
152.00 152.00
142.00 149.00
152.00 149.00
162.00 149.00
-1.00 -1.00
1 1
4 and4
 2
200.00 248.00
188.00 245.00
200.00 245.00
213.00 245.00
-1.00 -1.00
1 1
5 nand3
 2
152.00 248.00
142.00 245.00
152.00 245.00
162.00 245.00
-1.00 -1.00
1 1
4 and3
 2
200.00 328.00
188.00 325.00
200.00 325.00
213.00 325.00
-1.00 -1.00
1 1
5 nand2
 2
152.00 328.00
142.00 325.00
152.00 325.00
162.00 325.00
-1.00 -1.00
1 1
4 and2
 2
200.00 408.00
190.00 405.00
200.00 405.00
210.00 405.00
-1.00 -1.00
1 1
4 nand
 2
152.00 408.00
145.00 405.00
152.00 405.00
160.00 405.00
-1.00 -1.00
1 1
3 and
 3
192.00 336.06
192.00 352.00
-1.00 -1.00
6 0
0 
 3
192.00 336.00
200.00 336.00
-1.00 -1.00
6 0
0 
 3
192.00 352.00
200.00 352.00
-1.00 -1.00
6 0
0 
 4
200.00 344.00
200.00 336.00
200.00 352.00
-1.00 -1.00
6 180
0 
 4
210.00 344.00
208.00 344.00
210.00 346.00
210.00 342.00
212.00 344.00
208.00 344.00
-1.00 -1.00
6 0
0 
 3
212.00 344.00
216.00 344.00
-1.00 -1.00
5 0
0 
 3
184.00 340.00
192.00 340.00
-1.00 -1.00
5 0
0 
 3
184.00 348.00
192.00 348.00
-1.00 -1.00
5 0
0 
 3
192.00 256.06
192.00 272.00
-1.00 -1.00
6 0
0 
 3
192.00 256.00
200.00 256.00
-1.00 -1.00
6 0
0 
 3
192.00 272.00
200.00 272.00
-1.00 -1.00
6 0
0 
 4
200.00 264.00
200.00 256.00
200.00 272.00
-1.00 -1.00
6 180
0 
 4
210.00 264.00
208.00 264.00
210.00 266.00
210.00 262.00
212.00 264.00
208.00 264.00
-1.00 -1.00
6 0
0 
 3
212.00 264.00
216.00 264.00
-1.00 -1.00
5 0
0 
 3
192.00 252.00
192.00 276.00
-1.00 -1.00
6 0
0 
 3
184.00 272.00
192.00 272.00
-1.00 -1.00
5 0
0 
 3
184.00 264.00
192.00 264.00
-1.00 -1.00
5 0
0 
 3
184.00 256.00
192.00 256.00
-1.00 -1.00
5 0
0 
 3
192.00 176.06
192.00 192.00
-1.00 -1.00
6 0
0 
 3
192.00 176.00
200.00 176.00
-1.00 -1.00
6 0
0 
 3
192.00 192.00
200.00 192.00
-1.00 -1.00
6 0
0 
 4
200.00 184.00
200.00 176.00
200.00 192.00
-1.00 -1.00
6 180
0 
 4
210.00 184.00
208.00 184.00
210.00 186.00
210.00 182.00
212.00 184.00
208.00 184.00
-1.00 -1.00
6 0
0 
 3
212.00 184.00
216.00 184.00
-1.00 -1.00
5 0
0 
 3
192.00 168.00
192.00 200.00
-1.00 -1.00
6 0
0 
 3
184.00 196.00
192.00 196.00
-1.00 -1.00
5 0
0 
 3
184.00 188.00
192.00 188.00
-1.00 -1.00
5 0
0 
 3
184.00 180.00
192.00 180.00
-1.00 -1.00
5 0
0 
 3
184.00 172.00
192.00 172.00
-1.00 -1.00
5 0
0 
 3
192.00 416.06
192.00 432.00
-1.00 -1.00
6 0
0 
 3
192.00 416.00
200.00 416.00
-1.00 -1.00
6 0
0 
 3
192.00 432.00
200.00 432.00
-1.00 -1.00
6 0
0 
 4
200.00 424.00
200.00 416.00
200.00 432.00
-1.00 -1.00
6 180
0 
 4
210.00 424.00
208.00 424.00
210.00 426.00
210.00 422.00
212.00 424.00
208.00 424.00
-1.00 -1.00
6 0
0 
 3
212.00 424.00
216.00 424.00
-1.00 -1.00
5 0
0 
 3
240.00 256.06
240.00 272.00
-1.00 -1.00
6 0
0 
 3
240.00 256.00
248.00 256.00
-1.00 -1.00
6 0
0 
 3
240.00 272.00
248.00 272.00
-1.00 -1.00
6 0
0 
 4
248.00 264.00
248.00 256.00
248.00 272.00
-1.00 -1.00
6 180
0 
 4
258.00 264.00
256.00 264.00
258.00 266.00
258.00 262.00
260.00 264.00
256.00 264.00
-1.00 -1.00
6 0
0 
 3
240.00 276.00
240.00 272.00
-1.00 -1.00
6 0
0 
 3
240.00 252.00
240.00 256.00
-1.00 -1.00
6 0
0 
 4
238.00 272.00
240.00 272.00
238.00 274.00
238.00 270.00
240.00 272.00
236.00 272.00
-1.00 -1.00
6 0
0 
 4
238.00 256.00
240.00 256.00
238.00 258.00
238.00 254.00
240.00 256.00
236.00 256.00
-1.00 -1.00
6 0
0 
 4
238.00 264.00
240.00 264.00
238.00 266.00
238.00 262.00
240.00 264.00
236.00 264.00
-1.00 -1.00
6 0
0 
 3
236.00 272.00
232.00 272.00
-1.00 -1.00
5 0
0 
 3
236.00 264.00
232.00 264.00
-1.00 -1.00
5 0
0 
 3
236.00 256.00
232.00 256.00
-1.00 -1.00
5 0
0 
 3
260.00 264.00
264.00 264.00
-1.00 -1.00
5 0
0 
 4
416.00 424.00
432.00 416.00
432.00 432.00
-1.00 -1.00
6 53
0 
 3
441.00 417.00
448.00 424.00
441.00 431.00
-1.00 -1.00
6 0
0 
 4
432.00 432.00
439.00 416.00
440.99 417.02
-1.00 -1.00
6 7
0 
 4
432.00 416.00
441.00 431.00
439.01 432.03
-1.00 -1.00
6 7
0 
 3
432.00 416.00
439.00 416.00
-1.00 -1.00
6 0
0 
 3
432.00 432.00
439.00 432.00
-1.00 -1.00
6 0
0 
 4
450.00 424.00
452.00 424.00
450.00 426.00
450.00 422.00
452.00 424.00
448.00 424.00
-1.00 -1.00
6 0
0 
 3
452.00 424.00
456.00 424.00
-1.00 -1.00
5 0
0 
 3
432.00 352.00
439.00 352.00
-1.00 -1.00
6 0
0 
 3
432.00 336.00
439.00 336.00
-1.00 -1.00
6 0
0 
 4
432.00 336.00
441.00 351.00
439.01 352.03
-1.00 -1.00
6 7
0 
 4
432.00 352.00
439.00 336.00
440.99 337.02
-1.00 -1.00
6 7
0 
 3
441.00 337.00
448.00 344.00
441.00 351.00
-1.00 -1.00
6 0
0 
 4
416.00 344.00
432.00 336.00
432.00 352.00
-1.00 -1.00
6 53
0 
 3
424.00 348.00
433.38 348.00
-1.00 -1.00
5 0
0 
 3
424.00 340.00
433.38 340.00
-1.00 -1.00
5 0
0 
 4
450.00 344.00
452.00 344.00
450.00 346.00
450.00 342.00
452.00 344.00
448.00 344.00
-1.00 -1.00
6 0
0 
 3
452.00 344.00
456.00 344.00
-1.00 -1.00
5 0
0 
 3
432.00 272.00
439.00 272.00
-1.00 -1.00
6 0
0 
 3
432.00 256.00
439.00 256.00
-1.00 -1.00
6 0
0 
 4
432.00 256.00
441.00 271.00
439.01 272.03
-1.00 -1.00
6 7
0 
 4
432.00 272.00
439.00 256.00
440.99 257.02
-1.00 -1.00
6 7
0 
 3
441.00 257.00
448.00 264.00
441.00 271.00
-1.00 -1.00
6 0
0 
 4
416.00 264.00
432.00 256.00
432.00 272.00
-1.00 -1.00
6 53
0 
 4
416.00 280.00
432.00 272.00
433.44 276.01
-1.00 -1.00
6 14
0 
 4
418.00 248.00
433.50 252.00
431.90 255.94
-1.00 -1.00
6 15
0 
 3
424.00 272.00
432.00 272.00
-1.00 -1.00
5 0
0 
 3
424.00 264.00
432.00 264.00
-1.00 -1.00
5 0
0 
 3
424.00 256.00
432.00 256.00
-1.00 -1.00
5 0
0 
 3
432.00 264.00
434.00 264.00
-1.00 -1.00
5 0
0 
 4
450.00 264.00
452.00 264.00
450.00 266.00
450.00 262.00
452.00 264.00
448.00 264.00
-1.00 -1.00
6 0
0 
 3
452.00 264.00
456.00 264.00
-1.00 -1.00
5 0
0 
 3
400.00 184.00
408.00 184.00
-1.00 -1.00
5 0
0 
 3
384.00 192.00
391.00 192.00
-1.00 -1.00
6 0
0 
 3
384.00 176.00
391.00 176.00
-1.00 -1.00
6 0
0 
 4
384.00 176.00
393.00 191.00
391.01 192.03
-1.00 -1.00
6 7
0 
 4
384.00 192.00
391.00 176.00
392.99 177.03
-1.00 -1.00
6 7
0 
 3
393.00 177.00
400.00 184.00
393.00 191.00
-1.00 -1.00
6 0
0 
 4
368.00 184.00
384.00 176.00
384.00 192.00
-1.00 -1.00
6 53
0 
 4
370.00 168.00
386.00 168.00
383.89 175.94
-1.00 -1.00
6 30
0 
 4
368.00 200.00
384.00 192.00
385.89 200.00
-1.00 -1.00
6 27
0 
 3
376.00 188.00
384.00 188.00
-1.00 -1.00
5 0
0 
 3
376.00 196.00
384.00 196.00
-1.00 -1.00
5 0
0 
 3
376.00 180.00
384.00 180.00
-1.00 -1.00
5 0
0 
 3
376.00 172.00
384.00 172.00
-1.00 -1.00
5 0
0 
 3
385.50 196.00
384.00 196.00
-1.00 -1.00
5 0
0 
 3
385.50 188.00
384.00 188.00
-1.00 -1.00
5 0
0 
 3
385.50 180.00
384.00 180.00
-1.00 -1.00
5 0
0 
 3
385.50 172.00
384.00 172.00
-1.00 -1.00
5 0
0 
 3
432.00 192.00
439.00 192.00
-1.00 -1.00
6 0
0 
 3
432.00 176.00
439.00 176.00
-1.00 -1.00
6 0
0 
 4
432.00 176.00
441.00 191.00
439.01 192.03
-1.00 -1.00
6 7
0 
 4
432.00 192.00
439.00 176.00
440.99 177.02
-1.00 -1.00
6 7
0 
 3
441.00 177.00
448.00 184.00
441.00 191.00
-1.00 -1.00
6 0
0 
 4
416.00 184.00
432.00 176.00
432.00 192.00
-1.00 -1.00
6 53
0 
 4
418.00 168.00
434.00 168.00
431.89 175.94
-1.00 -1.00
6 30
0 
 4
416.00 200.00
432.00 192.00
433.89 200.00
-1.00 -1.00
6 27
0 
 3
424.00 188.00
432.00 188.00
-1.00 -1.00
5 0
0 
 3
424.00 196.00
432.00 196.00
-1.00 -1.00
5 0
0 
 3
424.00 180.00
432.00 180.00
-1.00 -1.00
5 0
0 
 3
424.00 172.00
432.00 172.00
-1.00 -1.00
5 0
0 
 3
433.50 196.00
432.00 196.00
-1.00 -1.00
5 0
0 
 3
433.50 188.00
432.00 188.00
-1.00 -1.00
5 0
0 
 3
433.50 180.00
432.00 180.00
-1.00 -1.00
5 0
0 
 3
433.50 172.00
432.00 172.00
-1.00 -1.00
5 0
0 
 4
450.00 184.00
452.00 184.00
450.00 186.00
450.00 182.00
452.00 184.00
448.00 184.00
-1.00 -1.00
6 0
0 
 3
452.00 184.00
456.00 184.00
-1.00 -1.00
5 0
0 
 2
392.00 152.00
385.00 149.00
392.00 149.00
400.00 149.00
-1.00 -1.00
1 1
3 or4
 2
440.00 152.00
430.00 149.00
440.00 149.00
450.00 149.00
-1.00 -1.00
1 1
4 nor4
 2
440.00 248.00
430.00 245.00
440.00 245.00
450.00 245.00
-1.00 -1.00
1 1
4 nor3
 2
440.00 328.00
430.00 325.00
440.00 325.00
450.00 325.00
-1.00 -1.00
1 1
4 nor2
 2
440.00 408.00
433.00 405.00
440.00 405.00
448.00 405.00
-1.00 -1.00
1 1
3 nor
 4
480.00 336.00
489.00 351.00
487.01 352.03
-1.00 -1.00
6 7
0 
 4
480.00 352.00
487.00 336.00
488.99 337.02
-1.00 -1.00
6 7
0 
 2
488.00 152.00
476.00 149.00
488.00 149.00
501.00 149.00
-1.00 -1.00
1 1
5 norn4
 2
488.00 248.00
476.00 245.00
488.00 245.00
501.00 245.00
-1.00 -1.00
1 1
5 norn3
 2
488.00 328.00
476.00 325.00
488.00 325.00
501.00 325.00
-1.00 -1.00
1 1
5 norn2
 4
200.00 104.00
200.00 105.00
200.00 105.00
200.00 103.00
201.00 104.00
199.00 104.00
-1.00 -1.00
3 0
0 
 2
200.00 88.00
193.00 85.00
203.00 85.00
213.00 85.00
-1.00 -1.00
1 1
3 dot
 4
258.00 104.00
260.00 104.00
258.00 106.00
258.00 102.00
260.00 104.00
256.00 104.00
-1.00 -1.00
6 0
0 
 3
240.00 112.00
256.00 104.00
-1.00 -1.00
6 0
0 
 3
256.00 104.00
240.00 96.00
-1.00 -1.00
6 0
0 
 3
240.00 96.00
240.00 112.00
-1.00 -1.00
6 0
0 
 3
240.00 104.00
232.00 104.00
-1.00 -1.00
5 0
0 
 3
260.00 104.00
264.00 104.00
-1.00 -1.00
5 0
0 
 2
248.00 88.00
241.00 85.00
251.00 85.00
261.00 85.00
-1.00 -1.00
1 1
3 not
 3
406.00 120.00
410.00 116.00
406.00 112.00
410.00 108.00
406.00 104.00
410.00 100.00
-1.00 -1.00
5 0
0 
 3
406.00 120.00
408.00 122.00
-1.00 -1.00
5 0
0 
 3
410.00 100.00
408.00 98.00
-1.00 -1.00
5 0
0 
 3
408.00 96.00
408.00 98.00
-1.00 -1.00
5 0
0 
 3
408.00 122.00
408.00 124.00
-1.00 -1.00
5 0
0 
 3
408.00 124.00
408.00 128.00
-1.00 -1.00
5 0
0 
 3
408.00 128.00
407.25 126.75
408.00 127.25
408.75 126.75
408.00 128.00
-1.00 -1.00
5 0
0 
 0
408.00 132.00
408.00 132.00
418.00 132.00
428.00 132.00
-1.00 -1.00
1 1
3 +5V
 2
408.00 88.00
403.00 85.00
410.00 85.00
418.00 85.00
-1.00 -1.00
1 1
2 pu
 2
296.00 248.00
284.00 245.00
299.00 245.00
314.00 245.00
-1.00 -1.00
1 1
5 andn3
 2
296.00 152.00
284.00 149.00
299.00 149.00
314.00 149.00
-1.00 -1.00
1 1
5 andn4
 4
286.00 272.00
288.00 272.00
286.00 274.00
286.00 270.00
288.00 272.00
284.00 272.00
-1.00 -1.00
6 0
0 
 4
286.00 264.00
288.00 264.00
286.00 266.00
286.00 262.00
288.00 264.00
284.00 264.00
-1.00 -1.00
6 0
0 
 3
280.00 272.00
284.00 272.00
-1.00 -1.00
5 0
0 
 3
284.00 264.00
280.00 264.00
-1.00 -1.00
5 0
0 
 3
284.00 256.00
280.00 256.00
-1.00 -1.00
5 0
0 
 4
286.00 256.00
288.00 256.00
286.00 258.00
286.00 254.00
288.00 256.00
284.00 256.00
-1.00 -1.00
6 0
0 
 3
288.00 252.00
288.00 256.00
-1.00 -1.00
6 0
0 
 3
288.00 272.00
288.00 276.00
-1.00 -1.00
6 0
0 
 3
304.00 264.00
312.00 264.00
-1.00 -1.00
5 0
0 
 4
296.00 264.00
296.00 256.00
296.00 272.00
-1.00 -1.00
6 180
0 
 3
288.00 272.00
296.00 272.00
-1.00 -1.00
6 0
0 
 3
288.00 256.00
296.00 256.00
-1.00 -1.00
6 0
0 
 3
288.00 256.06
288.00 272.00
-1.00 -1.00
6 0
0 
 3
288.00 176.06
288.00 192.00
-1.00 -1.00
6 0
0 
 3
288.00 176.00
296.00 176.00
-1.00 -1.00
6 0
0 
 3
288.00 192.00
296.00 192.00
-1.00 -1.00
6 0
0 
 4
296.00 184.00
296.00 176.00
296.00 192.00
-1.00 -1.00
6 180
0 
 3
304.00 184.00
312.00 184.00
-1.00 -1.00
5 0
0 
 3
288.00 192.00
288.00 200.00
-1.00 -1.00
6 0
0 
 3
288.00 168.00
288.00 176.00
-1.00 -1.00
6 0
0 
 3
284.00 196.00
280.00 196.00
-1.00 -1.00
5 0
0 
 3
280.00 188.00
284.00 188.00
-1.00 -1.00
5 0
0 
 3
284.00 180.00
280.00 180.00
-1.00 -1.00
5 0
0 
 3
284.00 172.00
280.00 172.00
-1.00 -1.00
5 0
0 
 4
286.00 196.00
288.00 196.00
286.00 198.00
286.00 194.00
288.00 196.00
284.00 196.00
-1.00 -1.00
6 0
0 
 4
286.00 188.00
288.00 188.00
286.00 190.00
286.00 186.00
288.00 188.00
284.00 188.00
-1.00 -1.00
6 0
0 
 4
286.00 180.00
288.00 180.00
286.00 182.00
286.00 178.00
288.00 180.00
284.00 180.00
-1.00 -1.00
6 0
0 
 4
286.00 172.00
288.00 172.00
286.00 174.00
286.00 170.00
288.00 172.00
284.00 172.00
-1.00 -1.00
6 0
0 
 0
192.00 16.00
192.00 16.00
312.00 16.00
432.00 16.00
-1.00 -1.00
1 4
15 Library Symbols
 -1
