gremlinfile
1 208.00 144.00
3
228.00 152.00
232.00 152.00
-1.00 -1.00
5 0
0 
 3
204.00 144.00
200.00 144.00
-1.00 -1.00
5 0
0 
 3
204.00 152.00
200.00 152.00
-1.00 -1.00
5 0
0 
 3
204.00 160.00
200.00 160.00
-1.00 -1.00
5 0
0 
 4
206.00 152.00
208.00 152.00
206.00 154.00
206.00 150.00
208.00 152.00
204.00 152.00
-1.00 -1.00
6 0
0 
 4
206.00 144.00
208.00 144.00
206.00 146.00
206.00 142.00
208.00 144.00
204.00 144.00
-1.00 -1.00
6 0
0 
 4
206.00 160.00
208.00 160.00
206.00 162.00
206.00 158.00
208.00 160.00
204.00 160.00
-1.00 -1.00
6 0
0 
 3
208.00 140.00
208.00 144.00
-1.00 -1.00
6 0
0 
 3
208.00 164.00
208.00 160.00
-1.00 -1.00
6 0
0 
 4
226.00 152.00
224.00 152.00
226.00 154.00
226.00 150.00
228.00 152.00
224.00 152.00
-1.00 -1.00
6 0
0 
 4
216.00 152.00
216.00 144.00
216.00 160.00
-1.00 -1.00
6 180
0 
 3
208.00 160.00
216.00 160.00
-1.00 -1.00
6 0
0 
 3
208.00 144.00
216.00 144.00
-1.00 -1.00
6 0
0 
 3
208.00 144.06
208.00 160.00
-1.00 -1.00
6 0
0 
 -1
