gremlinfile
1 208.00 112.00
3
200.00 108.00
204.00 108.00
-1.00 -1.00
5 0
0 
 3
200.00 132.00
204.00 132.00
-1.00 -1.00
5 0
0 
 4
206.00 108.00
208.00 108.00
206.00 110.00
206.00 106.00
208.00 108.00
204.00 108.00
-1.00 -1.00
6 0
0 
 4
206.00 132.00
208.00 132.00
206.00 134.00
206.00 130.00
208.00 132.00
204.00 132.00
-1.00 -1.00
6 0
0 
 3
208.00 112.00
208.00 104.00
-1.00 -1.00
6 0
0 
 3
208.00 128.00
208.00 136.00
-1.00 -1.00
6 0
0 
 3
228.00 120.00
232.00 120.00
-1.00 -1.00
5 0
0 
 3
200.00 116.00
204.00 116.00
-1.00 -1.00
5 0
0 
 3
200.00 124.00
204.00 124.00
-1.00 -1.00
5 0
0 
 4
206.00 116.00
208.00 116.00
206.00 118.00
206.00 114.00
208.00 116.00
204.00 116.00
-1.00 -1.00
6 0
0 
 4
206.00 124.00
208.00 124.00
206.00 126.00
206.00 122.00
208.00 124.00
204.00 124.00
-1.00 -1.00
6 0
0 
 4
226.00 120.00
224.00 120.00
226.00 122.00
226.00 118.00
228.00 120.00
224.00 120.00
-1.00 -1.00
6 0
0 
 4
216.00 120.00
216.00 112.00
216.00 128.00
-1.00 -1.00
6 180
0 
 3
208.00 128.00
216.00 128.00
-1.00 -1.00
6 0
0 
 3
208.00 112.00
216.00 112.00
-1.00 -1.00
6 0
0 
 3
208.00 112.06
208.00 128.00
-1.00 -1.00
6 0
0 
 -1
