gremlinfile
1 224.00 160.00
3
216.00 156.00
224.00 156.00
-1.00 -1.00
5 0
0 
 3
216.00 164.00
224.00 164.00
-1.00 -1.00
5 0
0 
 3
216.00 172.00
224.00 172.00
-1.00 -1.00
5 0
0 
 3
216.00 180.00
224.00 180.00
-1.00 -1.00
5 0
0 
 3
224.00 152.00
224.00 184.00
-1.00 -1.00
6 0
0 
 3
244.00 168.00
248.00 168.00
-1.00 -1.00
5 0
0 
 4
242.00 168.00
240.00 168.00
242.00 170.00
242.00 166.00
244.00 168.00
240.00 168.00
-1.00 -1.00
6 0
0 
 4
232.00 168.00
232.00 160.00
232.00 176.00
-1.00 -1.00
6 180
0 
 3
224.00 176.00
232.00 176.00
-1.00 -1.00
6 0
0 
 3
224.00 160.00
232.00 160.00
-1.00 -1.00
6 0
0 
 3
224.00 160.06
224.00 176.00
-1.00 -1.00
6 0
0 
 -1
