gremlinfile
1 272.00 176.00
3
292.00 184.00
296.00 184.00
-1.00 -1.00
5 0
0 
 4
290.00 184.00
292.00 184.00
290.00 186.00
290.00 182.00
292.00 184.00
288.00 184.00
-1.00 -1.00
6 0
0 
 3
264.00 180.00
273.38 180.00
-1.00 -1.00
5 0
0 
 3
264.00 188.00
273.38 188.00
-1.00 -1.00
5 0
0 
 4
256.00 184.00
272.00 176.00
272.00 192.00
-1.00 -1.00
6 53
0 
 3
281.00 177.00
288.00 184.00
281.00 191.00
-1.00 -1.00
6 0
0 
 4
272.00 192.00
279.00 176.00
280.99 177.02
-1.00 -1.00
6 7
0 
 4
272.00 176.00
281.00 191.00
279.01 192.03
-1.00 -1.00
6 7
0 
 3
272.00 176.00
279.00 176.00
-1.00 -1.00
6 0
0 
 3
272.00 192.00
279.00 192.00
-1.00 -1.00
6 0
0 
 -1
