gremlinfile
1 240.00 144.00
3
260.00 152.00
264.00 152.00
-1.00 -1.00
5 0
0 
 4
258.00 152.00
260.00 152.00
258.00 154.00
258.00 150.00
260.00 152.00
256.00 152.00
-1.00 -1.00
6 0
0 
 3
241.50 140.00
240.00 140.00
-1.00 -1.00
5 0
0 
 3
241.50 148.00
240.00 148.00
-1.00 -1.00
5 0
0 
 3
241.50 156.00
240.00 156.00
-1.00 -1.00
5 0
0 
 3
241.50 164.00
240.00 164.00
-1.00 -1.00
5 0
0 
 3
232.00 140.00
240.00 140.00
-1.00 -1.00
5 0
0 
 3
232.00 148.00
240.00 148.00
-1.00 -1.00
5 0
0 
 3
232.00 164.00
240.00 164.00
-1.00 -1.00
5 0
0 
 3
232.00 156.00
240.00 156.00
-1.00 -1.00
5 0
0 
 4
224.00 168.00
240.00 160.00
241.89 168.00
-1.00 -1.00
6 27
0 
 4
226.00 136.00
242.00 136.00
239.89 143.94
-1.00 -1.00
6 30
0 
 4
224.00 152.00
240.00 144.00
240.00 160.00
-1.00 -1.00
6 53
0 
 3
249.00 145.00
256.00 152.00
249.00 159.00
-1.00 -1.00
6 0
0 
 4
240.00 160.00
247.00 144.00
248.99 145.02
-1.00 -1.00
6 7
0 
 4
240.00 144.00
249.00 159.00
247.01 160.03
-1.00 -1.00
6 7
0 
 3
240.00 144.00
247.00 144.00
-1.00 -1.00
6 0
0 
 3
240.00 160.00
247.00 160.00
-1.00 -1.00
6 0
0 
 -1
