gremlinfile
1 224.00 160.00
3
216.00 164.00
225.38 164.00
-1.00 -1.00
5 0
0 
 3
216.00 172.00
225.38 172.00
-1.00 -1.00
5 0
0 
 4
208.00 168.00
224.00 160.00
224.00 176.00
-1.00 -1.00
6 53
0 
 3
233.00 161.00
240.00 168.00
233.00 175.00
-1.00 -1.00
6 0
0 
 4
224.00 176.00
231.00 160.00
232.99 161.02
-1.00 -1.00
6 7
0 
 4
224.00 160.00
233.00 175.00
231.01 176.03
-1.00 -1.00
6 7
0 
 3
224.00 160.00
231.00 160.00
-1.00 -1.00
6 0
0 
 3
224.00 176.00
231.00 176.00
-1.00 -1.00
6 0
0 
 3
240.00 168.00
248.00 168.00
-1.00 -1.00
5 0
0 
 -1
