gremlinfile
1 304.00 80.00
3
304.00 88.00
306.00 88.00
-1.00 -1.00
5 0
0 
 3
296.00 80.00
304.00 80.00
-1.00 -1.00
5 0
0 
 3
296.00 88.00
304.00 88.00
-1.00 -1.00
5 0
0 
 3
296.00 96.00
304.00 96.00
-1.00 -1.00
5 0
0 
 4
290.00 72.00
305.50 76.00
303.90 79.94
-1.00 -1.00
6 15
0 
 4
288.00 104.00
304.00 96.00
305.44 100.01
-1.00 -1.00
6 14
0 
 4
288.00 88.00
304.00 80.00
304.00 96.00
-1.00 -1.00
6 53
0 
 3
313.00 81.00
320.00 88.00
313.00 95.00
-1.00 -1.00
6 0
0 
 4
304.00 96.00
311.00 80.00
312.99 81.03
-1.00 -1.00
6 7
0 
 4
304.00 80.00
313.00 95.00
311.01 96.03
-1.00 -1.00
6 7
0 
 3
304.00 80.00
311.00 80.00
-1.00 -1.00
6 0
0 
 3
304.00 96.00
311.00 96.00
-1.00 -1.00
6 0
0 
 3
320.00 88.00
328.00 88.00
-1.00 -1.00
5 0
0 
 -1
