gremlinfile
0 56.00 56.00
3
123.16 149.96
122.85 149.35
122.53 148.78
122.15 148.35
121.58 147.76
120.89 147.28
120.21 147.02
119.53 146.67
117.65 145.41
117.08 145.07
116.44 144.61
116.00 144.33
115.72 144.08
115.37 143.61
115.04 143.06
114.99 142.30
115.24 141.69
115.61 140.95
115.96 140.72
116.27 140.34
116.46 139.87
116.79 139.65
117.18 139.58
117.53 139.22
117.78 138.56
118.17 138.02
118.56 137.45
118.74 137.08
119.04 136.61
119.33 135.76
119.55 135.06
119.51 134.63
119.44 134.13
119.27 133.78
118.85 133.47
118.52 133.24
118.06 133.10
117.69 132.97
117.16 132.80
116.62 132.74
115.92 132.56
115.26 132.36
114.86 132.15
114.36 131.91
114.19 131.32
114.27 130.93
113.99 129.56
113.90 129.04
113.68 128.65
113.35 128.19
112.56 127.63
112.13 127.54
111.45 127.58
110.79 127.49
110.22 127.45
110.14 126.87
109.70 126.50
108.97 126.50
108.28 126.32
107.27 126.41
106.33 126.41
105.54 126.37
105.14 126.19
104.68 125.69
104.25 125.30
103.81 124.95
103.42 125.15
103.53 124.58
103.74 123.88
103.81 123.06
104.14 122.80
104.84 122.73
105.32 122.78
105.15 123.17
105.63 123.62
106.11 123.67
106.42 123.26
106.44 122.84
106.31 122.41
106.70 122.19
107.12 122.32
107.75 122.95
108.16 123.04
108.45 122.52
108.16 121.88
107.60 121.69
106.92 121.32
106.54 121.25
106.00 121.25
105.15 121.08
104.79 120.97
104.27 121.54
103.81 121.69
103.00 121.43
102.30 121.15
101.16 121.19
100.53 121.19
99.69 121.54
99.06 121.71
98.73 121.89
98.64 121.17
98.44 120.80
98.03 120.65
97.29 120.47
95.47 119.69
95.12 119.84
94.72 119.73
95.07 119.47
95.53 119.34
96.43 119.10
96.85 118.97
97.61 118.67
98.31 118.25
98.97 117.86
99.61 117.49
99.98 117.27
100.57 116.19
100.88 115.41
101.10 114.80
101.16 114.28
101.51 114.54
101.93 114.45
102.74 114.14
103.72 113.69
104.34 113.43
104.95 112.95
105.38 112.93
105.85 112.99
106.26 112.99
106.85 112.88
107.05 112.56
107.01 110.95
106.98 110.36
106.72 110.01
106.22 109.54
105.95 109.10
105.56 109.12
105.12 109.47
104.36 108.93
104.03 108.67
103.44 108.99
102.96 109.27
102.60 108.66
-1.00 -1.00
5 0
0 
 3
89.91 144.67
89.53 145.04
89.05 145.37
88.48 145.83
87.94 146.24
87.52 146.57
87.08 146.80
86.56 147.00
86.05 147.09
85.27 147.04
84.78 146.93
84.44 146.61
84.11 146.17
83.82 145.72
83.52 144.91
83.06 143.13
82.93 142.35
82.90 141.46
82.93 140.43
82.92 139.82
83.03 139.15
83.39 137.56
83.73 136.97
84.09 136.17
84.50 135.63
85.05 134.74
85.44 133.97
85.79 133.50
86.47 132.84
87.08 132.23
87.52 131.76
88.24 131.32
88.95 130.86
89.67 130.56
90.41 130.36
90.92 130.26
91.68 130.06
92.53 129.91
93.28 129.76
94.22 129.61
95.05 129.52
96.01 129.43
97.11 129.28
98.05 129.17
98.97 129.12
100.02 129.13
101.21 129.30
102.06 129.43
102.71 129.56
103.35 129.89
103.77 130.24
104.14 130.80
103.74 131.58
103.35 131.80
102.80 132.06
102.25 132.37
100.88 133.35
99.89 133.80
99.69 134.13
99.34 134.39
98.97 134.71
-1.00 -1.00
5 0
0 
 3
88.18 142.39
88.40 142.78
88.79 143.24
89.29 143.87
89.76 144.35
90.34 144.76
90.89 145.07
91.48 145.22
92.12 145.28
92.93 145.32
93.74 145.17
94.53 144.95
95.38 144.59
96.01 144.28
96.67 143.70
97.00 143.39
97.51 142.80
98.60 141.41
99.01 140.69
99.71 139.54
99.69 138.91
98.73 138.52
98.05 138.61
97.09 138.89
96.21 139.39
95.60 139.91
95.12 140.41
94.09 141.19
93.98 141.74
93.45 142.22
92.91 143.11
-1.00 -1.00
5 0
0 
 3
94.33 144.72
94.79 144.46
95.21 144.15
95.91 143.35
96.50 142.48
96.96 141.61
97.29 141.08
97.48 140.72
-1.00 -1.00
5 0
0 
 3
89.64 136.02
90.06 135.65
90.87 135.10
92.16 134.48
93.15 134.08
94.26 133.69
95.12 133.60
96.21 133.50
96.93 133.48
97.44 133.52
98.16 133.71
98.60 133.97
98.88 134.34
99.13 134.67
99.12 135.58
99.25 136.28
99.41 136.67
99.72 137.48
99.87 137.98
99.98 138.58
99.93 139.08
99.76 139.61
99.60 139.98
-1.00 -1.00
5 0
0 
 3
89.73 135.67
90.34 135.48
91.07 135.10
91.75 134.76
92.36 134.50
92.97 134.30
93.58 134.21
93.81 134.65
94.40 134.52
94.92 134.43
95.29 135.10
95.32 135.61
95.71 136.02
96.26 136.22
96.69 136.97
96.63 137.52
96.32 138.47
95.99 139.02
95.67 139.56
95.31 139.95
94.85 140.50
94.39 141.00
94.15 141.30
-1.00 -1.00
5 0
0 
 3
87.76 141.96
87.44 142.24
86.75 142.50
85.92 142.65
85.22 142.63
84.61 142.22
84.26 141.76
83.91 141.17
83.73 140.43
83.65 139.46
83.82 138.52
84.32 137.59
84.83 136.61
85.46 135.71
86.12 134.89
86.71 133.98
87.43 133.19
88.66 132.61
89.62 132.23
90.89 131.95
92.01 131.82
92.93 131.69
93.46 131.65
94.18 131.76
94.77 131.95
95.71 132.15
96.28 132.28
96.94 132.36
97.55 132.26
98.09 132.28
98.45 132.36
97.99 132.84
97.28 132.98
96.39 133.04
95.54 133.02
94.85 133.11
94.26 133.32
93.46 133.61
92.88 133.91
92.49 134.13
-1.00 -1.00
5 0
0 
 3
96.21 129.17
95.97 128.56
96.01 128.12
96.15 127.54
96.32 127.17
96.15 126.69
95.91 126.36
96.17 125.93
96.37 125.49
96.02 125.04
95.31 124.73
94.96 124.60
94.62 124.36
94.42 124.02
94.33 123.54
94.44 123.10
94.44 122.65
94.09 122.38
93.76 121.97
93.80 121.54
94.16 121.62
94.57 121.49
94.94 121.26
95.31 121.14
95.73 121.39
96.26 121.34
96.82 121.73
96.82 122.13
97.04 122.97
97.18 123.76
97.61 123.12
97.72 122.58
98.01 122.26
98.32 122.49
98.73 122.08
99.02 122.67
99.50 122.26
100.13 122.13
100.44 121.76
100.85 121.84
101.23 122.19
101.66 122.10
102.17 122.60
102.10 123.00
102.03 123.80
101.68 124.17
101.23 124.52
100.94 125.02
101.07 125.65
101.51 126.00
102.12 126.00
102.61 125.97
103.18 125.76
103.50 126.08
103.74 126.84
103.81 127.26
103.37 127.67
102.61 127.39
102.15 127.37
101.95 127.71
101.42 127.54
101.16 128.04
100.77 128.30
101.14 128.63
101.68 128.58
102.43 128.62
102.72 128.36
103.22 128.28
103.87 128.13
104.38 128.17
104.92 128.34
105.80 128.49
106.66 128.56
106.87 128.17
107.16 127.71
107.81 127.69
108.38 127.80
108.84 128.19
109.04 129.23
109.44 129.80
110.01 129.99
110.59 130.06
111.21 130.15
111.80 130.08
112.13 129.91
112.59 129.69
113.02 129.69
113.24 130.28
112.87 130.86
112.43 131.04
111.89 131.41
111.93 132.19
112.37 132.23
112.89 132.15
113.11 133.26
113.40 133.67
114.08 134.02
116.48 134.50
117.03 134.47
117.49 134.63
117.82 134.93
118.26 134.98
118.32 135.69
117.82 135.74
117.30 136.71
117.01 137.32
116.72 137.85
116.20 138.47
115.81 138.41
115.28 138.80
115.10 139.71
114.80 140.19
114.38 140.26
113.49 140.69
113.70 141.48
113.79 142.17
113.37 143.00
113.71 143.52
114.16 143.83
114.34 144.50
114.21 145.15
114.45 145.65
114.84 145.83
115.26 146.30
115.61 146.52
116.02 146.87
116.84 147.11
117.67 147.61
118.41 147.91
119.37 148.35
120.03 148.91
120.64 149.35
120.91 149.89
-1.00 -1.00
5 0
0 
 3
93.58 121.56
93.54 121.14
93.39 120.65
93.11 120.19
92.77 119.75
92.49 119.41
92.12 119.08
92.10 118.60
92.27 118.19
92.56 117.75
92.89 117.32
93.39 116.88
93.76 116.21
94.18 115.82
94.55 115.08
94.73 114.36
95.14 113.53
95.78 112.38
96.10 111.78
96.56 111.01
96.91 110.36
97.13 109.97
97.74 109.08
98.44 108.25
98.84 107.93
99.48 107.34
100.04 106.86
100.64 106.36
101.44 105.86
102.23 105.29
103.06 104.92
103.57 104.62
104.27 104.29
105.28 103.53
105.89 103.25
106.74 102.99
107.60 102.58
108.17 102.38
108.84 101.90
109.13 101.55
109.63 100.84
110.14 100.29
110.68 99.62
111.12 99.03
111.38 98.51
111.62 98.05
111.98 97.44
112.22 97.12
-1.00 -1.00
5 0
0 
 3
95.03 129.39
95.01 128.99
95.07 128.62
95.21 126.89
95.18 126.41
94.79 126.08
94.02 126.21
93.52 126.39
93.24 125.93
92.77 125.71
92.38 125.58
91.66 125.91
91.20 126.21
90.59 126.58
90.19 126.84
89.71 126.86
89.97 126.19
90.46 125.82
91.02 125.34
91.35 125.00
91.46 124.49
91.16 123.95
91.31 123.36
92.10 122.99
92.49 122.86
92.58 122.39
92.25 122.17
92.19 121.75
92.18 121.23
91.96 120.65
91.38 120.21
90.92 119.91
90.30 119.80
89.51 119.69
88.64 119.86
87.89 120.28
87.22 120.99
86.87 121.60
86.51 122.49
86.23 123.10
85.82 123.82
85.07 125.69
84.92 126.32
84.72 126.93
84.44 127.23
84.02 127.08
83.71 126.63
83.43 125.86
83.21 125.41
82.90 124.97
82.44 125.65
82.25 126.34
81.90 126.91
81.54 127.32
81.19 127.49
80.73 127.37
80.28 126.63
79.90 125.91
79.44 124.91
79.25 124.28
79.00 123.60
78.70 122.73
78.61 122.25
78.46 121.82
78.33 121.23
78.02 121.02
77.47 121.28
76.60 121.49
75.46 121.41
74.60 121.21
73.90 120.73
73.31 119.65
73.56 120.99
73.58 122.01
73.49 123.10
73.29 125.86
73.16 126.86
-1.00 -1.00
5 0
0 
 3
74.37 131.23
74.48 130.78
74.71 130.06
74.94 128.84
75.13 125.47
75.18 123.84
75.17 122.89
75.11 122.26
75.06 121.84
-1.00 -1.00
5 0
0 
 3
78.68 130.21
78.28 129.10
78.11 128.28
77.93 126.89
77.65 125.62
77.38 124.39
77.15 123.73
76.95 122.95
76.75 122.32
76.55 121.80
-1.00 -1.00
5 0
0 
 3
84.68 136.58
84.32 135.97
84.15 135.63
83.76 134.98
83.74 135.37
83.43 136.02
83.10 136.47
83.06 135.60
83.23 135.10
83.01 134.35
82.79 133.69
82.62 132.67
82.62 131.78
82.68 131.13
82.97 130.74
83.38 130.63
83.06 130.13
83.01 129.74
83.04 129.10
83.21 128.52
83.60 128.06
84.02 128.00
84.39 128.39
84.50 129.15
85.35 130.93
85.79 131.76
86.12 132.43
85.68 132.67
84.96 132.56
84.54 132.37
84.13 132.19
83.98 132.71
84.15 133.39
84.50 133.85
85.07 133.84
85.27 134.17
85.46 134.85
85.57 135.24
-1.00 -1.00
5 0
0 
 3
82.05 138.17
81.89 137.74
82.09 137.37
82.18 136.97
82.12 136.43
82.00 135.87
81.76 135.17
81.57 134.52
81.66 133.85
82.01 134.08
82.36 135.11
82.55 136.04
82.60 136.80
82.70 137.47
82.47 137.93
82.07 137.87
-1.00 -1.00
5 0
0 
 3
78.94 126.04
79.53 126.97
79.92 127.91
80.67 130.65
80.89 131.76
81.02 132.89
81.00 134.48
80.76 135.67
80.47 136.24
80.08 136.72
79.68 137.06
79.12 137.39
77.74 137.84
76.99 137.93
75.90 137.91
74.82 137.71
73.67 137.35
72.92 137.00
72.33 136.65
72.02 136.24
72.57 136.28
72.94 136.39
73.73 136.50
74.50 136.58
75.20 136.61
75.85 136.54
76.38 136.32
76.97 135.61
77.36 134.98
77.56 134.13
77.76 133.10
77.85 132.45
77.89 132.04
78.22 131.78
78.61 131.98
78.63 132.85
78.53 133.35
78.33 134.54
78.20 135.35
77.93 135.97
77.71 136.50
78.28 136.54
78.76 136.24
79.36 135.72
79.81 135.00
80.21 133.54
80.23 132.93
79.93 130.61
79.66 129.26
79.42 128.36
79.18 127.52
78.98 126.75
78.88 126.23
79.11 125.84
-1.00 -1.00
5 0
0 
 3
90.91 106.34
90.50 106.80
90.13 107.40
89.36 108.27
88.49 108.80
87.63 109.12
86.69 109.30
85.71 109.82
85.16 110.34
84.89 111.10
84.94 111.66
84.98 112.51
84.92 113.17
84.61 114.14
84.20 114.80
83.80 115.28
83.43 115.54
82.93 115.25
83.06 114.67
83.84 113.91
84.20 113.36
84.19 112.66
83.93 111.95
83.69 111.08
83.67 110.49
83.60 110.04
84.26 109.01
85.01 108.38
85.82 107.93
86.82 107.43
87.98 106.93
88.68 106.69
89.12 106.40
-1.00 -1.00
5 0
0 
 3
89.29 101.58
88.72 101.95
88.35 102.64
88.02 103.60
87.96 104.49
88.09 105.05
88.83 105.45
89.64 105.56
90.96 105.58
92.25 105.53
93.58 105.42
95.31 105.25
97.17 105.12
98.79 104.95
100.35 104.73
101.64 104.60
102.60 104.34
103.99 103.92
104.58 103.62
105.01 103.53
105.36 103.40
-1.00 -1.00
5 0
0 
 3
105.56 104.12
105.54 103.45
105.93 103.05
106.77 102.21
107.60 101.56
108.30 101.18
108.63 100.68
108.87 99.55
109.06 98.44
109.28 97.62
109.65 97.19
110.13 96.95
110.70 96.86
111.14 96.99
111.40 97.51
111.45 98.21
111.32 99.01
111.23 99.66
111.21 100.05
-1.00 -1.00
5 0
0 
 3
111.19 99.01
111.75 98.79
112.30 98.55
113.00 98.18
113.71 97.64
114.32 96.88
114.89 96.23
115.94 94.99
116.37 94.51
116.72 93.99
117.05 93.51
117.18 93.16
117.32 92.66
117.38 92.21
117.38 91.71
117.29 91.23
-1.00 -1.00
5 0
0 
 3
112.39 88.96
111.76 88.73
110.95 88.62
109.33 88.38
107.95 88.23
106.72 88.23
105.38 88.27
104.22 88.44
103.02 88.73
101.91 89.05
100.68 89.59
99.63 90.29
98.69 90.86
97.88 91.33
97.37 91.71
96.96 92.14
96.45 92.88
96.04 93.33
95.78 93.70
-1.00 -1.00
5 0
0 
 3
94.24 102.56
94.94 102.71
95.78 102.75
97.07 102.86
98.56 102.81
100.11 102.64
101.31 102.42
102.63 102.08
103.66 101.62
104.58 101.25
105.36 100.69
106.24 100.05
107.11 99.45
108.06 98.62
108.78 97.95
109.54 97.16
-1.00 -1.00
5 0
0 
 3
110.84 96.10
111.49 95.51
111.73 95.03
-1.00 -1.00
5 0
0 
 3
96.13 100.01
96.30 100.34
96.61 100.60
97.81 100.92
99.32 100.92
100.68 100.75
102.45 100.18
103.68 99.62
106.06 98.03
107.07 97.25
108.03 96.38
108.76 95.84
109.33 95.40
-1.00 -1.00
5 0
0 
 3
102.28 90.51
102.41 90.90
102.71 91.25
103.28 91.55
103.77 91.51
104.12 91.25
104.51 91.77
104.95 92.34
105.39 92.57
105.76 92.46
105.96 93.08
106.08 93.49
106.50 93.94
107.01 94.12
107.46 94.14
107.82 93.88
108.12 93.38
107.84 93.97
108.01 94.36
108.32 94.57
108.80 94.75
109.28 94.73
109.52 94.38
109.57 93.92
109.83 94.45
110.16 94.66
110.62 94.75
111.41 94.71
111.87 94.51
112.11 93.97
112.02 93.36
-1.00 -1.00
5 0
0 
 3
108.08 91.55
108.30 91.92
108.78 92.29
109.41 92.47
109.81 92.47
-1.00 -1.00
5 0
0 
 3
107.05 90.42
107.60 90.90
108.21 91.23
108.82 91.29
109.28 91.18
109.63 90.88
110.00 91.03
110.33 91.31
110.86 91.47
111.38 91.51
-1.00 -1.00
5 0
0 
 3
111.03 92.46
111.40 92.94
111.80 93.08
112.19 93.10
112.56 92.81
-1.00 -1.00
5 0
0 
 3
112.09 91.55
112.24 91.92
112.54 92.27
113.11 92.53
113.68 92.58
114.10 92.55
114.52 92.33
114.78 91.68
114.75 91.29
-1.00 -1.00
5 0
0 
 3
113.49 90.57
113.97 91.01
114.40 91.14
114.97 91.12
115.39 90.81
115.57 90.46
-1.00 -1.00
5 0
0 
 3
65.35 130.21
65.17 129.76
65.02 128.49
65.37 127.19
65.69 126.65
66.18 128.06
66.11 129.24
65.81 130.32
65.41 130.28
-1.00 -1.00
5 0
0 
 3
74.54 120.38
74.91 120.58
74.60 121.14
73.86 121.38
71.91 121.60
71.06 121.54
70.64 121.84
70.42 122.62
70.16 123.45
69.72 123.62
69.59 122.95
69.83 122.43
69.90 121.91
69.94 121.52
68.59 121.32
67.18 121.02
66.38 120.80
65.80 120.54
65.45 120.25
65.21 121.12
65.10 122.06
64.84 123.49
64.30 124.93
63.83 125.86
63.53 126.28
63.07 125.86
63.20 125.17
63.83 124.25
64.29 123.10
64.41 121.95
64.25 120.49
64.03 119.49
63.75 118.65
63.46 118.19
63.05 117.39
62.79 116.58
62.67 116.12
62.57 115.69
62.22 115.27
61.73 115.10
61.14 115.25
60.20 115.45
59.44 115.52
58.76 115.62
58.17 115.69
57.58 115.90
57.25 116.19
57.12 116.60
57.77 117.06
58.78 117.17
59.39 117.10
59.90 117.02
60.48 116.99
60.97 116.97
61.32 117.45
61.10 117.97
60.44 118.39
60.11 118.56
59.55 118.69
58.40 118.69
57.75 118.56
57.05 118.25
56.63 118.01
56.13 117.58
55.65 117.02
55.56 116.40
55.71 115.82
56.02 115.06
56.50 114.40
57.01 113.97
57.51 113.78
58.01 113.71
58.45 113.73
58.05 113.40
57.55 113.03
56.89 112.75
56.19 112.41
55.30 112.17
54.62 111.93
54.14 111.16
54.16 110.38
54.58 109.75
55.04 109.67
55.56 109.90
56.02 110.19
56.59 110.49
57.03 110.62
57.44 110.80
-1.00 -1.00
5 0
0 
 3
57.03 110.23
56.50 109.53
56.22 109.03
55.73 108.53
55.32 108.19
54.82 107.75
54.57 107.16
54.42 106.60
54.53 106.23
55.04 106.06
55.73 106.32
56.06 106.56
56.50 107.17
56.52 106.66
56.59 106.27
56.70 105.86
57.18 105.82
57.58 106.17
57.93 106.95
58.30 108.01
58.54 108.95
58.76 109.73
59.08 110.51
59.57 111.25
60.22 111.91
60.83 112.49
61.40 112.95
61.95 113.36
62.33 113.51
62.63 113.04
62.61 112.58
62.70 111.88
62.91 111.08
63.07 110.49
63.35 109.71
63.64 109.30
64.01 108.95
64.36 108.77
64.84 108.69
65.21 109.01
65.54 109.58
65.78 110.03
66.02 110.43
66.61 110.82
67.64 111.32
68.59 111.56
69.51 111.78
70.53 111.91
71.41 111.73
72.55 111.41
73.29 111.19
73.77 110.88
74.13 110.67
74.56 110.47
74.93 110.36
75.33 110.47
75.55 111.03
75.42 111.47
74.67 111.91
74.32 112.38
73.88 112.93
73.49 113.25
72.99 113.56
72.33 113.84
71.69 114.03
70.84 114.15
70.18 114.30
69.44 114.58
68.83 114.56
68.32 114.43
68.63 113.75
69.04 113.54
69.46 113.23
69.05 112.80
68.41 112.64
67.77 112.53
66.97 112.41
66.13 112.12
65.35 111.62
65.02 111.43
64.45 111.10
64.16 111.67
63.92 112.41
63.79 113.23
63.57 114.19
63.38 114.73
63.35 115.47
63.55 116.02
64.08 116.84
64.65 117.51
65.48 117.93
66.35 118.21
67.29 118.65
68.06 118.71
69.00 118.60
70.03 118.71
70.71 118.58
71.41 118.41
71.98 118.28
72.53 118.19
72.51 118.67
-1.00 -1.00
5 0
0 
 3
71.30 108.51
71.12 108.04
71.67 107.49
72.07 107.04
72.42 106.73
72.24 107.79
71.98 108.10
71.56 108.58
-1.00 -1.00
5 0
0 
 3
73.73 118.02
73.60 117.62
73.80 116.99
74.06 116.30
74.23 115.75
74.25 115.30
73.47 115.86
73.09 116.17
72.57 116.21
72.98 115.25
73.44 114.43
73.75 113.99
74.23 113.86
74.60 113.38
74.87 112.78
75.04 112.28
75.09 111.90
75.07 111.49
-1.00 -1.00
5 0
0 
 3
75.15 110.86
75.46 110.47
75.74 110.80
75.74 111.30
75.66 112.21
75.48 112.77
75.29 113.53
75.13 114.06
74.98 114.51
74.52 115.25
74.63 115.69
74.60 116.60
74.36 117.12
74.13 117.65
73.73 117.99
-1.00 -1.00
5 0
0 
 3
90.65 130.21
90.57 129.80
90.22 129.41
89.69 129.24
89.25 129.17
89.34 128.65
89.45 128.28
89.86 127.86
90.52 127.95
91.15 128.15
91.53 128.19
91.96 127.86
92.19 127.43
92.62 127.45
93.04 127.04
93.04 127.54
92.77 128.21
92.42 128.76
92.71 129.13
92.97 129.60
-1.00 -1.00
5 0
0 
 3
94.62 119.71
94.31 120.02
-1.00 -1.00
5 0
0 
 3
93.85 120.34
93.63 120.65
93.76 120.30
-1.00 -1.00
5 0
0 
 3
75.50 110.29
76.58 108.97
76.90 108.66
77.50 107.92
77.96 107.42
78.48 106.82
79.01 106.05
79.47 105.64
80.04 104.95
80.61 104.36
81.08 103.93
81.63 103.38
82.01 103.03
82.38 102.75
82.81 102.40
83.39 101.97
83.98 101.66
84.46 101.29
84.96 100.97
85.71 100.42
86.34 99.99
86.89 99.64
87.52 99.19
88.14 98.73
88.62 98.51
89.06 98.19
89.71 97.64
90.08 97.36
90.48 96.97
90.87 96.64
91.31 96.25
91.77 95.62
92.14 94.92
92.29 94.53
92.51 93.99
92.62 93.49
92.78 92.92
92.89 92.55
93.02 92.14
93.11 91.73
93.24 91.36
93.41 90.96
93.61 90.59
93.87 90.21
94.33 89.33
94.53 88.96
94.64 88.38
94.70 87.96
94.64 87.53
94.18 87.22
93.72 87.33
93.24 87.64
92.82 88.10
92.42 88.70
92.07 89.14
91.61 89.40
91.26 89.16
91.05 88.66
90.52 88.70
90.11 88.99
89.69 89.20
89.16 89.21
88.68 89.31
88.24 89.53
87.79 89.77
87.44 90.27
87.19 90.73
86.93 91.07
86.71 91.40
86.51 91.83
86.30 92.18
85.94 92.73
85.77 93.07
85.51 93.55
85.38 93.92
85.18 94.62
85.09 95.10
84.76 95.68
84.52 96.07
84.24 96.40
83.86 96.75
83.43 97.10
82.99 97.29
82.42 97.55
81.77 97.90
80.91 98.29
80.19 98.79
79.34 99.36
78.50 99.79
77.67 100.29
76.73 100.77
75.81 101.18
75.00 101.55
74.01 102.10
72.39 103.10
71.67 103.56
70.80 104.08
70.21 104.58
69.29 105.40
68.81 105.80
68.21 106.40
67.64 106.93
67.14 107.47
66.77 107.95
66.37 108.45
66.02 108.86
65.70 109.47
65.56 109.84
-1.00 -1.00
5 0
0 
 3
87.98 105.29
87.78 104.97
87.57 104.53
87.46 104.08
87.39 103.55
87.39 102.66
87.41 102.25
87.48 101.69
87.57 101.25
87.61 100.86
87.70 100.44
87.83 100.05
87.96 99.68
88.09 99.32
-1.00 -1.00
5 0
0 
 3
93.11 91.58
93.45 91.25
93.80 91.05
94.22 90.79
94.66 90.64
95.18 90.44
95.69 90.21
96.04 90.03
96.43 89.81
97.00 89.55
97.99 89.18
99.25 88.88
99.89 88.86
100.40 88.66
100.92 88.57
101.38 88.47
101.77 88.47
102.23 88.51
103.17 88.47
103.57 88.38
-1.00 -1.00
5 0
0 
 3
102.87 109.03
102.39 108.84
101.90 108.53
101.38 108.29
100.83 108.29
100.40 108.17
99.96 108.12
99.48 108.10
98.80 108.10
98.42 108.17
-1.00 -1.00
5 0
0 
 3
67.65 106.14
67.25 105.97
66.88 105.71
66.38 105.06
66.05 104.73
65.06 104.18
64.45 103.88
64.40 104.43
64.25 104.80
63.68 105.10
63.14 104.99
62.56 104.45
61.98 103.90
60.99 103.05
59.90 102.36
59.09 101.69
57.12 101.12
56.43 101.03
55.58 101.14
54.92 101.69
54.42 101.95
55.08 101.10
55.63 100.53
56.31 99.86
56.94 99.44
57.49 99.16
57.86 98.68
58.40 98.14
59.22 97.81
60.11 97.71
60.77 97.75
62.48 97.36
63.02 97.01
63.37 96.36
64.03 95.60
64.53 95.08
65.19 94.66
65.65 94.47
66.22 93.84
66.46 93.10
66.90 91.96
67.23 91.23
67.65 90.40
68.04 89.38
68.43 88.84
68.80 88.44
68.98 87.83
69.39 86.72
69.77 85.55
70.03 84.35
70.71 82.48
71.30 81.59
71.76 81.29
72.50 81.22
73.14 81.11
73.88 80.85
75.07 80.36
75.41 80.12
75.75 79.96
75.68 80.51
75.17 80.74
74.85 81.24
74.48 81.49
73.64 81.72
72.72 81.81
72.02 82.07
71.67 82.46
71.65 82.88
72.33 82.85
73.44 82.66
74.02 82.36
74.89 81.66
75.75 81.18
76.44 80.75
77.58 80.20
78.39 79.83
79.34 79.55
80.25 79.48
81.31 79.44
82.11 79.57
82.68 79.77
82.18 80.05
81.44 79.99
80.36 79.99
79.58 79.90
78.55 79.94
77.89 80.29
77.25 80.55
76.25 81.05
75.37 81.70
74.94 82.16
74.32 82.53
73.71 82.88
73.01 83.16
72.35 83.33
71.82 83.60
71.30 84.27
71.01 85.20
70.60 86.64
70.23 87.64
70.03 89.03
70.10 90.16
70.40 91.53
70.53 93.01
70.49 94.42
70.31 95.62
70.14 96.99
70.05 98.01
69.99 99.10
70.31 99.88
71.02 100.49
72.07 100.34
73.16 100.06
73.79 99.60
75.02 98.73
75.85 97.79
76.27 97.21
76.58 96.44
76.97 94.57
77.56 92.60
77.82 91.40
77.78 90.38
77.56 90.07
76.99 89.73
76.20 89.73
75.55 89.70
74.94 89.53
74.21 89.29
73.69 88.96
73.29 88.44
73.88 88.03
74.47 88.25
75.18 88.51
76.05 88.73
76.79 88.73
77.60 88.42
78.18 88.14
78.63 87.84
78.77 87.20
78.88 86.68
79.53 85.77
79.58 85.38
79.93 85.07
80.50 84.59
80.78 84.16
81.48 84.01
83.10 83.73
83.95 83.48
84.81 83.33
85.33 82.94
85.40 82.16
85.14 81.75
84.37 81.51
83.74 81.40
83.27 81.14
83.58 80.66
84.00 80.24
84.04 79.85
83.63 79.51
83.08 79.18
82.16 78.88
80.98 78.83
80.04 78.83
79.03 79.01
77.95 79.12
77.30 79.33
76.58 79.48
77.26 79.01
78.13 78.83
79.68 78.68
81.50 78.57
82.75 78.75
83.52 78.90
84.46 79.16
85.38 79.49
86.06 79.88
86.62 80.22
87.24 80.72
87.28 81.29
86.93 82.38
86.43 83.20
85.42 83.81
84.35 84.27
83.23 84.40
82.25 84.49
81.31 84.88
80.61 85.59
80.25 86.33
79.95 87.31
79.47 88.34
78.81 89.09
78.55 89.66
78.85 90.77
78.96 91.64
80.03 91.60
81.30 91.40
82.31 91.42
83.21 91.36
83.87 91.25
84.39 91.05
84.83 91.03
85.29 91.08
-1.00 -1.00
5 0
0 
 3
89.25 87.07
89.18 86.66
88.94 86.35
88.64 85.66
88.09 85.09
87.35 84.75
86.41 84.66
85.59 84.51
84.94 84.29
84.55 84.18
-1.00 -1.00
5 0
0 
 3
85.73 83.40
86.25 83.68
87.02 83.44
88.16 83.35
89.03 83.18
89.71 82.92
90.06 81.99
90.13 81.33
90.63 80.66
90.48 79.68
90.22 78.49
89.56 77.94
88.64 77.64
88.22 77.42
87.57 77.33
86.95 77.33
86.38 77.40
86.25 77.01
86.87 76.96
87.24 76.57
87.63 76.14
87.48 74.81
87.48 74.27
87.56 73.59
87.98 72.96
88.44 72.42
88.68 71.74
88.60 71.00
88.22 70.37
87.70 70.00
87.02 70.22
86.23 70.59
85.68 70.96
85.31 71.29
84.87 72.14
84.37 72.88
83.74 73.46
83.16 73.48
82.77 73.72
81.76 74.40
80.34 75.55
79.20 76.53
78.17 77.03
77.23 76.92
76.51 76.90
75.53 77.29
74.25 78.14
72.75 78.79
71.45 79.48
70.58 80.05
69.81 80.74
69.00 81.38
68.48 81.55
68.45 82.66
68.41 83.31
67.67 83.35
67.25 83.31
67.05 82.96
66.99 82.23
67.05 81.62
66.46 81.27
65.76 81.01
64.41 80.68
63.57 80.66
62.33 80.25
61.43 80.11
60.59 79.92
60.11 79.77
60.22 79.16
60.40 78.62
61.36 78.68
62.19 78.79
63.29 79.20
64.41 79.36
65.96 79.53
67.34 79.57
69.15 79.09
70.91 78.53
72.17 77.87
73.14 77.12
74.12 76.59
74.41 76.24
74.04 76.12
72.61 75.75
70.99 75.11
68.59 74.51
66.77 73.57
65.08 73.03
63.35 72.42
62.22 71.92
61.29 71.72
60.24 71.46
59.48 71.18
59.11 70.85
58.86 70.29
58.82 69.92
59.43 70.07
60.68 70.46
62.10 70.87
64.67 71.33
66.73 72.13
68.63 72.68
70.69 73.57
72.61 74.31
76.22 75.55
77.61 75.77
78.74 75.22
80.61 73.42
81.26 72.72
81.76 72.81
82.66 72.70
83.54 72.29
83.80 71.76
83.19 72.13
82.03 72.13
80.82 71.59
78.90 71.03
76.80 70.46
77.26 70.00
79.12 70.14
80.47 70.40
81.19 70.51
81.68 70.29
82.11 69.74
82.75 69.05
82.70 68.52
81.92 68.14
81.59 67.89
82.22 67.55
83.30 67.74
84.85 67.87
86.27 67.87
87.89 67.57
89.23 67.35
90.19 66.59
90.78 65.70
91.07 64.37
90.92 63.20
90.19 61.55
89.05 60.79
87.15 60.05
85.48 59.44
83.63 58.68
81.74 58.09
80.27 57.87
80.03 57.46
80.41 56.92
80.61 56.61
81.65 56.74
83.49 57.17
85.62 57.70
87.48 58.04
88.70 58.31
90.24 58.44
91.99 58.52
93.30 58.52
95.08 58.29
97.48 58.04
97.83 58.65
97.64 59.26
96.58 59.57
95.54 59.70
94.44 59.87
94.07 60.83
93.98 61.81
93.65 63.61
93.04 65.31
92.58 66.22
91.88 66.65
91.29 66.98
91.15 67.61
91.15 68.57
91.16 69.50
91.46 70.29
92.12 71.11
92.43 71.98
92.43 73.96
92.34 75.33
92.60 76.66
92.49 77.75
92.08 78.79
91.96 80.46
91.81 81.77
91.53 82.57
90.89 83.36
90.30 84.66
90.15 85.40
90.22 86.44
90.35 87.27
90.52 87.88
90.43 88.29
90.52 88.73
-1.00 -1.00
5 0
0 
 3
89.08 87.18
89.12 87.68
89.21 88.40
-1.00 -1.00
5 0
0 
 3
85.11 91.18
85.42 90.92
85.84 90.96
86.29 90.97
86.63 91.14
-1.00 -1.00
5 0
0 
 3
109.96 88.97
110.40 89.12
110.81 89.12
111.27 88.96
111.58 88.31
111.67 87.77
111.89 87.01
111.98 86.44
112.08 85.77
112.44 83.79
112.43 83.01
112.68 81.86
112.89 80.81
112.90 79.51
112.94 78.35
113.11 77.12
113.25 75.05
113.35 74.00
113.38 73.24
113.40 72.57
113.48 71.83
113.60 71.11
113.66 70.66
113.79 68.96
113.86 68.52
114.05 69.16
113.99 69.64
113.97 70.24
114.01 71.13
114.08 72.01
114.12 72.81
114.19 73.83
114.14 74.50
114.21 75.46
114.18 76.31
114.21 77.12
114.18 77.96
114.14 78.59
114.21 79.35
114.29 80.03
114.32 80.68
114.41 81.27
114.40 81.88
114.36 82.53
114.38 83.11
114.30 83.86
114.30 85.18
114.25 85.72
114.16 86.44
114.12 86.90
114.12 87.62
114.10 87.99
114.14 88.44
114.16 88.81
114.14 89.18
114.16 89.59
113.99 89.92
113.64 90.25
113.27 90.42
112.90 90.21
-1.00 -1.00
5 0
0 
 3
117.27 91.57
117.12 91.05
116.88 90.60
116.37 90.05
115.74 89.77
115.15 89.53
114.71 89.29
114.32 89.10
-1.00 -1.00
5 0
0 
 3
113.42 68.77
112.61 68.57
112.15 68.29
111.87 67.68
112.21 67.14
112.94 66.90
113.62 66.85
114.34 66.83
114.87 67.00
115.52 67.33
115.98 67.77
116.09 68.44
116.00 68.92
115.70 69.16
115.24 69.22
-1.00 -1.00
5 0
0 
 3
109.41 69.18
109.06 68.55
109.15 67.87
109.66 67.09
110.25 66.59
111.03 66.09
112.00 65.72
112.85 65.59
114.12 65.52
115.30 65.65
116.44 66.07
117.54 66.50
118.34 66.98
118.83 67.53
119.04 68.03
119.00 68.59
118.69 69.03
-1.00 -1.00
5 0
0 
 3
120.47 69.89
120.88 69.18
120.86 68.59
120.82 67.90
120.42 67.31
119.66 66.44
118.92 65.79
118.06 65.42
116.95 65.11
115.52 64.79
114.51 64.70
113.27 64.66
112.30 64.76
111.08 65.11
109.48 65.70
108.73 66.11
108.03 66.59
107.38 66.96
106.96 67.52
107.00 68.22
107.14 68.66
107.44 69.13
-1.00 -1.00
5 0
0 
 3
107.09 70.07
106.70 69.85
106.39 69.35
106.09 68.53
106.19 67.81
106.61 66.70
107.09 66.09
107.88 65.55
109.04 65.02
110.25 64.52
111.89 64.09
113.86 63.85
115.43 63.98
117.10 64.24
119.00 64.70
119.99 65.29
121.32 66.22
122.00 66.98
122.24 67.57
122.48 68.46
122.35 69.16
122.22 69.66
121.87 70.18
121.35 70.51
120.71 70.76
-1.00 -1.00
5 0
0 
 3
108.93 73.03
107.79 72.40
106.54 71.81
105.43 71.11
104.69 70.48
103.88 69.66
103.66 69.01
103.48 68.05
103.53 67.11
104.49 66.37
105.61 65.74
106.63 65.13
107.93 64.39
109.63 63.78
111.14 63.63
113.05 63.29
114.62 62.98
116.37 63.20
118.69 63.70
120.73 64.48
122.75 65.57
124.30 66.50
124.96 67.44
125.11 68.37
124.83 69.68
124.15 70.77
122.99 71.61
121.50 72.29
120.45 72.74
-1.00 -1.00
5 0
0 
 3
108.82 73.92
107.58 73.42
104.92 72.51
103.76 71.72
102.65 70.76
101.69 69.85
101.01 68.79
100.85 67.92
101.14 67.00
101.77 66.29
102.89 65.40
104.11 64.53
105.71 63.87
107.53 62.85
109.22 62.46
111.78 62.02
114.23 61.68
116.88 61.89
119.22 62.37
121.65 63.18
123.20 64.07
124.58 65.02
125.79 66.00
126.79 66.87
127.39 67.85
127.67 69.05
127.56 70.14
126.93 71.03
126.05 71.87
125.07 72.57
123.82 73.14
121.17 74.07
-1.00 -1.00
5 0
0 
 3
101.44 73.20
100.44 72.50
99.47 71.77
98.56 70.98
97.83 70.05
97.31 69.14
97.02 68.31
97.11 67.42
97.44 66.61
98.01 65.77
98.73 64.98
99.76 63.94
100.70 63.22
102.14 61.98
103.81 60.85
105.96 60.15
109.04 59.72
114.36 59.15
116.53 59.18
118.74 59.52
121.35 60.15
123.38 60.78
125.37 61.57
126.99 62.65
128.50 63.94
129.64 64.94
130.61 65.98
131.30 66.81
131.83 67.77
131.98 68.83
131.66 69.81
131.13 70.79
130.63 71.50
130.21 72.05
129.60 72.70
129.31 72.98
-1.00 -1.00
5 0
0 
 3
134.19 72.27
134.54 71.68
134.68 71.16
134.72 70.18
134.81 69.40
134.83 68.22
134.55 67.14
133.60 65.94
132.46 64.72
131.19 63.66
129.49 62.57
127.43 61.16
125.75 60.05
122.96 58.89
119.39 58.11
116.64 57.83
114.23 57.52
112.33 57.48
108.10 57.63
106.02 57.85
104.16 58.33
102.80 58.89
101.07 59.74
99.32 60.76
98.29 61.26
97.04 61.79
95.93 62.50
94.83 63.31
94.16 64.24
93.70 65.05
93.35 65.87
93.17 66.61
93.00 67.37
93.00 67.89
-1.00 -1.00
5 0
0 
 3
103.30 74.48
104.11 75.01
105.01 75.40
107.60 76.12
109.04 76.55
110.71 76.83
111.91 76.87
112.30 76.68
112.43 76.01
112.74 75.24
113.00 74.00
113.05 72.35
113.03 70.81
113.09 69.85
113.18 69.42
113.11 68.74
112.57 68.29
112.24 67.70
111.80 67.11
111.17 68.00
111.56 68.94
111.41 69.33
110.20 68.81
109.68 68.92
109.48 69.31
108.60 69.22
108.45 69.68
107.53 69.24
107.29 69.81
106.79 69.66
107.47 70.64
105.91 70.03
105.23 69.44
104.38 69.39
104.12 69.72
104.55 70.11
105.87 71.24
107.12 72.13
108.12 72.77
109.43 73.55
108.97 73.48
107.29 72.98
106.04 72.64
104.64 72.20
103.33 71.37
106.37 73.37
107.66 74.14
108.47 74.42
107.44 74.38
106.17 73.85
105.65 73.96
105.87 74.59
105.47 74.53
104.60 74.01
103.98 74.00
103.61 74.48
-1.00 -1.00
5 0
0 
 3
115.08 69.85
115.11 70.50
115.13 71.35
115.28 72.61
115.30 73.88
115.28 75.18
115.30 76.29
115.45 76.87
116.11 77.12
117.10 77.18
118.43 77.03
119.53 76.92
121.04 76.70
122.79 76.51
124.08 76.11
125.09 75.57
126.21 74.92
126.47 74.50
125.59 74.33
124.58 74.46
123.27 74.66
122.18 74.77
120.82 74.96
121.67 74.40
122.90 73.79
125.26 72.83
125.46 72.51
125.22 72.22
123.91 72.44
122.66 72.68
121.45 73.05
120.75 73.18
121.63 72.48
123.12 71.68
121.21 72.18
120.01 72.22
119.18 72.35
119.51 71.87
120.54 71.26
121.04 70.81
120.42 70.50
120.56 69.87
120.16 69.46
119.64 69.46
119.11 69.53
118.32 68.74
117.65 69.20
117.01 69.59
116.31 69.76
115.70 69.79
115.24 69.94
-1.00 -1.00
5 0
0 
 3
73.88 119.73
74.28 120.19
74.69 120.51
75.20 120.75
76.05 120.95
76.75 120.88
77.50 120.69
78.37 120.47
78.98 120.01
79.66 119.32
80.28 118.51
80.82 117.60
81.20 116.67
81.28 115.67
81.26 114.97
80.60 114.78
80.17 114.58
80.25 113.86
80.60 113.01
80.78 112.34
80.52 111.78
80.19 111.40
79.84 111.14
79.58 110.84
79.34 110.53
78.65 109.47
78.48 109.12
78.20 108.77
77.95 108.45
77.61 108.14
-1.00 -1.00
5 0
0 
 3
98.32 108.80
99.06 108.80
99.45 108.67
100.02 108.54
100.66 108.38
101.05 108.60
101.34 108.93
101.75 109.23
102.39 109.16
102.71 108.93
102.85 109.60
103.30 109.66
103.87 109.67
104.20 110.06
104.57 110.32
104.90 110.56
104.99 110.95
105.34 111.45
104.90 111.73
104.49 111.86
103.87 112.03
103.20 112.27
102.87 112.51
102.08 113.01
101.73 113.27
101.27 113.58
100.92 113.90
100.55 114.32
100.04 114.95
99.94 115.47
99.54 115.91
99.02 116.36
98.44 116.82
98.10 117.04
97.51 117.39
97.04 117.69
96.63 117.82
96.10 117.97
95.71 118.02
95.31 118.15
94.62 118.43
94.26 118.51
93.21 118.75
92.84 118.86
92.45 118.99
-1.00 -1.00
5 0
0 
 -1
