gremlinfile
0 36.00 64.00
3
110.66 113.70
156.77 82.02
157.31 81.06
157.30 79.62
156.46 77.99
155.86 77.33
155.11 76.29
154.43 75.36
153.62 74.44
152.99 73.33
151.88 72.82
150.69 72.14
149.55 71.43
147.77 70.61
145.59 69.69
143.43 69.34
141.97 69.22
140.17 69.72
87.60 95.40
-1.00 -1.00
5 0
0 
 3
110.57 113.61
116.89 119.92
119.77 122.50
121.15 125.05
122.34 127.51
122.61 128.23
-1.00 -1.00
5 0
0 
 3
96.43 113.90
107.84 122.49
113.49 126.93
117.39 129.77
119.83 131.03
-1.00 -1.00
5 0
0 
 3
91.77 111.36
61.62 84.52
-1.00 -1.00
5 0
0 
 3
88.68 97.04
70.51 83.89
-1.00 -1.00
5 0
0 
 3
80.39 100.87
47.06 131.00
46.98 131.75
47.71 132.82
48.91 134.96
51.62 137.97
54.28 140.03
56.51 141.58
57.48 141.88
58.60 141.85
59.45 141.43
103.57 119.03
-1.00 -1.00
5 0
0 
 3
68.38 85.41
86.27 68.44
86.27 67.64
84.95 66.41
82.79 65.03
80.29 63.34
78.43 62.56
-1.00 -1.00
5 0
0 
 3
75.82 62.92
55.77 75.98
-1.00 -1.00
5 0
0 
 3
78.24 62.18
76.82 62.20
76.14 62.51
-1.00 -1.00
5 0
0 
 3
65.44 87.89
43.94 99.10
43.14 99.14
42.21 98.60
40.61 97.35
39.19 95.83
38.13 94.34
37.63 93.71
50.17 80.72
-1.00 -1.00
5 0
0 
 3
51.33 83.84
45.90 68.76
-1.00 -1.00
5 0
0 
 3
60.76 85.12
56.36 88.51
-1.00 -1.00
5 0
0 
 3
57.82 74.76
47.28 66.50
-1.00 -1.00
5 0
0 
 3
51.45 83.59
51.59 84.22
52.38 85.05
54.01 86.93
55.15 87.82
56.09 88.09
-1.00 -1.00
5 0
0 
 3
45.62 68.17
45.35 67.22
45.44 66.05
46.08 65.73
47.17 66.23
-1.00 -1.00
5 0
0 
 3
68.28 85.53
66.98 84.78
60.32 80.39
55.74 76.07
-1.00 -1.00
5 0
0 
 3
60.78 84.81
60.87 84.72
61.02 84.64
61.19 84.58
61.38 84.58
61.52 84.58
61.70 84.61
61.89 84.67
62.01 84.72
62.12 84.79
62.22 84.99
62.39 85.18
62.53 85.30
-1.00 -1.00
5 0
0 
 3
91.31 111.12
91.52 111.27
91.64 111.36
91.76 111.46
91.91 111.57
92.07 111.70
92.25 111.84
92.55 112.03
92.78 112.18
93.05 112.33
93.27 112.47
93.51 112.62
93.72 112.74
93.90 112.86
94.17 112.98
94.63 113.15
94.99 113.28
95.29 113.40
95.42 113.46
95.74 113.57
95.89 113.60
96.11 113.64
96.38 113.67
96.52 113.73
96.77 113.76
97.10 113.78
97.41 113.75
97.76 113.69
97.94 113.67
98.09 113.57
98.29 113.48
98.41 113.33
98.52 113.15
98.59 112.95
98.70 112.68
98.77 112.50
98.85 112.26
98.85 112.00
98.88 111.79
98.85 111.58
98.76 111.30
98.64 111.00
98.50 110.69
98.34 110.50
98.18 110.29
98.01 110.08
97.85 109.88
97.55 109.63
97.25 109.39
97.07 109.22
96.83 109.01
96.65 108.89
96.49 108.77
96.37 108.69
96.25 108.75
96.11 108.83
95.93 108.90
95.77 109.00
95.53 109.15
95.29 109.33
95.14 109.49
94.94 109.66
94.69 109.84
94.45 110.03
94.26 110.18
94.05 110.33
93.81 110.47
93.55 110.66
93.36 110.82
93.12 110.94
92.96 111.01
92.79 111.10
92.58 111.19
92.43 111.24
92.21 111.28
92.09 111.30
91.92 111.30
91.79 111.28
91.61 111.22
-1.00 -1.00
5 0
0 
 3
110.44 113.84
110.17 113.82
110.05 113.84
109.83 113.90
109.56 113.97
109.27 114.05
108.96 114.06
108.75 114.03
108.23 113.90
107.82 113.78
107.52 113.69
106.97 113.54
106.63 113.40
106.31 113.25
105.94 113.10
105.64 112.91
105.23 112.68
104.91 112.45
104.53 112.17
103.99 111.81
103.59 111.54
103.28 111.28
102.83 110.98
102.45 110.71
102.30 110.59
102.05 110.38
101.91 110.26
101.59 110.00
101.11 109.63
100.52 109.22
100.03 108.86
99.58 108.50
98.86 107.93
98.27 107.45
97.83 107.08
97.28 106.69
96.89 106.38
96.37 105.94
95.72 105.42
95.44 105.16
95.14 104.87
94.80 104.56
94.33 104.14
93.93 103.73
93.49 103.32
93.09 102.90
92.90 102.72
92.67 102.50
92.30 102.09
91.95 101.71
91.36 101.14
90.62 100.29
90.05 99.62
89.47 98.90
89.19 98.48
88.89 98.04
88.50 97.46
88.27 97.08
88.09 96.65
87.96 96.39
87.86 96.09
87.81 95.94
-1.00 -1.00
5 0
0 
 3
119.67 131.05
119.83 131.00
119.98 130.96
120.13 130.93
120.36 130.85
120.53 130.79
120.70 130.72
120.92 130.61
121.18 130.49
121.37 130.31
121.55 130.16
121.76 130.01
121.91 129.87
122.17 129.60
122.28 129.47
122.48 129.27
122.63 129.12
122.76 128.94
122.87 128.76
122.93 128.61
122.94 128.40
-1.00 -1.00
5 0
0 
 3
119.64 131.09
119.88 131.18
120.09 131.26
120.53 131.39
120.82 131.47
121.03 131.54
121.39 131.66
121.55 131.72
121.79 131.80
121.94 131.83
122.09 131.89
122.34 131.96
122.63 132.01
122.76 132.05
123.15 132.18
123.33 132.21
123.56 132.24
123.69 132.24
123.97 132.25
124.17 132.22
124.41 132.18
124.57 132.07
124.72 131.90
124.78 131.78
124.80 131.66
124.80 131.44
124.80 131.24
124.74 131.02
124.68 130.75
124.56 130.46
124.48 130.26
124.38 130.07
124.21 129.83
124.14 129.69
124.00 129.50
123.83 129.26
123.74 129.11
123.65 128.97
123.57 128.87
-1.00 -1.00
5 0
0 
 3
122.87 128.90
123.14 128.79
123.41 128.70
123.65 128.63
123.99 128.49
124.30 128.34
124.60 128.20
124.93 128.07
125.20 127.98
125.43 127.87
125.62 127.80
125.74 127.75
125.98 127.65
126.29 127.50
126.41 127.39
126.55 127.32
126.77 127.21
127.04 127.08
127.28 126.99
127.53 126.87
127.77 126.76
127.91 126.67
128.15 126.55
128.48 126.41
128.67 126.29
128.97 126.14
129.16 126.05
129.33 125.98
129.57 125.83
129.75 125.69
129.93 125.60
130.05 125.51
130.24 125.41
130.48 125.27
130.66 125.20
130.81 125.06
130.91 124.99
130.99 124.82
131.05 124.58
131.09 124.43
130.94 124.41
130.72 124.47
130.54 124.58
130.33 124.73
130.06 124.85
129.78 124.95
129.58 125.05
129.34 125.12
129.09 125.23
128.66 125.38
128.37 125.48
128.13 125.62
127.77 125.77
127.50 125.90
127.28 125.99
126.98 126.14
126.71 126.28
126.52 126.41
126.28 126.55
126.04 126.73
125.89 126.82
125.72 126.94
125.49 127.12
125.20 127.27
125.07 127.36
124.87 127.47
124.72 127.54
124.60 127.65
124.44 127.72
124.29 127.80
124.06 127.96
123.91 128.05
123.72 128.17
123.56 128.31
123.41 128.37
123.29 128.40
123.11 128.52
-1.00 -1.00
5 0
0 
 3
117.81 130.31
117.68 130.32
117.51 130.37
117.26 130.48
116.93 130.64
116.65 130.78
116.26 131.02
115.88 131.24
115.57 131.41
115.23 131.60
114.73 131.87
114.36 132.07
113.98 132.30
113.68 132.49
113.39 132.66
112.92 132.90
112.74 133.02
112.47 133.23
112.28 133.38
112.13 133.53
112.02 133.63
111.82 133.83
111.85 134.12
111.92 134.25
111.99 134.40
112.13 134.37
112.29 134.34
112.49 134.30
112.64 134.25
112.88 134.19
113.12 134.16
113.42 134.04
113.76 133.93
114.21 133.80
114.40 133.71
114.57 133.63
114.90 133.48
115.32 133.27
115.70 133.09
116.05 132.90
116.39 132.72
116.71 132.58
117.05 132.43
117.33 132.31
117.80 132.13
118.11 131.99
118.40 131.86
118.74 131.69
119.13 131.54
119.35 131.41
119.52 131.32
119.68 131.24
-1.00 -1.00
5 0
0 
 3
141.52 69.06
144.35 72.35
92.18 101.62
-1.00 -1.00
5 0
0 
 3
85.52 105.85
49.57 133.33
46.82 131.11
-1.00 -1.00
5 0
0 
 3
76.31 62.44
81.80 66.19
61.46 81.21
-1.00 -1.00
5 0
0 
 3
37.93 93.68
41.13 96.22
53.86 87.06
-1.00 -1.00
5 0
0 
 3
50.78 81.99
52.80 83.74
49.39 68.40
-1.00 -1.00
5 0
0 
 -1
