gremlinfile
0 28.00 40.00
3
27.02 62.49
91.63 102.44
197.89 96.92
135.83 57.38
27.02 62.06
27.02 47.18
136.26 41.23
136.26 57.38
-1.00 -1.00
5 0
0 
 3
136.26 41.23
197.89 85.01
197.89 96.92
-1.00 -1.00
5 0
0 
 3
86.95 99.47
193.22 93.94
-1.00 -1.00
5 0
0 
 3
40.19 70.56
149.01 65.46
-1.00 -1.00
5 0
0 
 3
132.43 66.31
175.79 94.79
167.29 95.22
123.93 66.74
-1.00 -1.00
5 0
0 
 3
155.81 87.56
150.29 87.56
147.73 86.71
146.88 85.01
147.73 84.16
150.71 84.16
-1.00 -1.00
5 0
0 
 3
116.28 46.33
116.28 48.03
120.53 47.61
120.53 45.48
-1.00 -1.00
5 0
0 
 3
116.28 46.33
-1.00 -1.00
5 0
0 
 3
120.53 45.48
116.28 46.33
-1.00 -1.00
5 0
0 
 3
113.73 64.19
123.51 63.34
120.53 61.64
111.60 62.06
114.15 64.19
-1.00 -1.00
5 0
0 
 3
118.83 63.76
115.86 61.64
-1.00 -1.00
5 0
0 
 3
146.88 85.86
146.88 87.99
145.18 87.99
145.18 82.46
146.88 82.46
146.88 85.44
-1.00 -1.00
5 0
0 
 -1
