gremlinfile
1 280.00 176.00
0
280.00 212.00
280.00 212.00
290.00 212.00
300.00 212.00
-1.00 -1.00
1 1
3 +5V
 3
280.00 208.00
279.25 206.75
280.00 207.25
280.75 206.75
280.00 208.00
-1.00 -1.00
5 0
0 
 3
280.00 204.00
280.00 208.00
-1.00 -1.00
5 0
0 
 3
280.00 202.00
280.00 204.00
-1.00 -1.00
5 0
0 
 3
280.00 176.00
280.00 178.00
-1.00 -1.00
5 0
0 
 3
282.00 180.00
280.00 178.00
-1.00 -1.00
5 0
0 
 3
278.00 200.00
280.00 202.00
-1.00 -1.00
5 0
0 
 3
278.00 200.00
282.00 196.00
278.00 192.00
282.00 188.00
278.00 184.00
282.00 180.00
-1.00 -1.00
5 0
0 
 -1
