gremlinfile
0 63.18 59.08
3
63.18 59.08
62.87 58.23
62.80 56.88
62.82 56.07
62.20 55.61
60.92 54.98
59.85 54.02
61.17 53.34
63.31 53.04
65.25 52.89
67.39 53.26
69.42 53.32
70.74 53.21
72.47 53.02
73.41 53.47
72.67 54.86
71.69 55.50
69.99 55.84
68.96 55.99
67.42 56.25
65.18 56.44
63.74 56.14
-1.00 -1.00
5 0
0 
 3
67.11 58.14
67.00 56.14
-1.00 -1.00
5 0
0 
 3
66.16 58.21
67.91 57.85
-1.00 -1.00
5 0
0 
 3
66.61 55.98
67.72 57.09
-1.00 -1.00
5 0
0 
 3
68.52 56.32
69.20 56.07
68.86 55.61
-1.00 -1.00
5 0
0 
 3
70.17 56.31
70.92 56.99
69.87 57.26
68.84 56.32
-1.00 -1.00
5 0
0 
 3
67.61 59.63
67.35 58.82
67.45 56.25
-1.00 -1.00
5 0
0 
 3
73.60 56.21
75.09 55.18
75.09 54.36
73.80 53.91
-1.00 -1.00
5 0
0 
 3
60.81 59.16
62.95 58.93
65.53 59.40
68.69 59.74
71.41 60.18
73.24 60.85
74.19 62.01
73.68 63.81
73.02 64.40
70.94 63.13
68.66 62.26
67.03 62.01
65.52 61.89
64.91 61.63
64.01 61.46
63.07 61.60
62.50 62.02
61.98 62.02
60.76 61.78
59.91 61.91
59.68 61.60
-1.00 -1.00
5 0
0 
 3
62.02 65.69
62.38 64.64
62.19 64.57
61.44 62.65
62.34 62.30
62.35 62.23
63.33 60.86
64.09 62.24
64.27 62.21
65.65 62.27
65.69 64.50
64.82 67.93
63.52 68.04
61.32 67.67
60.34 68.14
-1.00 -1.00
5 0
0 
 3
59.13 63.77
59.06 67.59
59.87 70.46
60.06 73.90
60.65 76.66
-1.00 -1.00
5 0
0 
 3
74.66 65.74
73.95 67.18
72.79 69.59
71.19 72.90
69.12 76.08
68.22 77.34
67.22 78.09
63.90 78.09
61.30 78.18
59.93 78.33
59.56 79.23
59.76 79.90
63.89 80.61
66.10 81.01
67.41 79.63
68.46 78.09
68.48 77.89
67.76 77.83
66.06 80.37
-1.00 -1.00
5 0
0 
 3
60.36 82.07
57.22 82.05
54.01 82.76
51.36 84.66
49.77 86.63
48.44 90.45
47.92 93.89
47.92 97.89
49.39 100.43
52.50 102.56
56.61 103.91
59.57 103.40
61.80 102.33
60.76 104.04
61.83 106.07
64.55 106.08
-1.00 -1.00
5 0
0 
 3
64.21 99.86
66.88 98.89
69.34 99.45
71.46 98.94
72.25 97.28
71.09 95.53
69.99 95.06
70.79 93.22
70.86 90.57
69.27 87.25
68.17 87.01
66.55 88.16
66.06 89.45
65.25 88.54
-1.00 -1.00
5 0
0 
 3
68.88 85.92
67.22 84.41
65.34 83.52
64.82 82.27
65.48 80.89
-1.00 -1.00
5 0
0 
 3
65.67 94.54
65.91 96.20
65.67 94.95
65.64 96.96
-1.00 -1.00
5 0
0 
 3
58.01 94.48
56.50 94.06
55.52 91.96
56.49 89.93
57.82 89.56
59.11 90.43
-1.00 -1.00
5 0
0 
 3
46.91 91.92
47.97 89.86
-1.00 -1.00
5 0
0 
 3
47.43 88.07
48.53 86.85
-1.00 -1.00
5 0
0 
 3
71.16 71.61
70.18 72.31
69.11 69.86
68.51 69.12
66.73 70.93
66.46 71.24
65.25 69.07
-1.00 -1.00
5 0
0 
 3
61.70 65.78
62.10 65.74
61.97 65.76
61.66 64.53
61.17 64.36
59.87 65.62
59.66 67.17
-1.00 -1.00
5 0
0 
 3
66.39 66.76
66.96 67.62
68.78 65.72
69.73 65.06
70.64 67.97
71.19 68.45
72.51 67.48
73.47 67.04
-1.00 -1.00
5 0
0 
 3
88.56 52.35
90.21 52.28
92.73 52.28
95.38 52.52
97.33 52.71
98.32 52.76
98.44 53.86
96.13 55.29
92.38 55.62
88.96 55.46
86.69 55.39
85.14 54.42
83.85 53.54
83.92 52.89
-1.00 -1.00
5 0
0 
 3
86.53 54.29
85.88 52.65
85.71 52.72
88.23 52.87
89.58 52.46
89.93 54.02
91.47 55.68
90.23 55.54
88.12 55.54
-1.00 -1.00
5 0
0 
 3
91.26 60.56
91.66 60.50
92.43 60.42
92.28 58.23
92.66 55.87
92.51 56.06
91.64 58.63
89.89 58.12
88.16 57.82
-1.00 -1.00
5 0
0 
 3
95.11 56.32
95.30 56.42
95.72 57.13
94.97 58.95
-1.00 -1.00
5 0
0 
 3
94.17 58.38
95.23 58.40
-1.00 -1.00
5 0
0 
 3
93.51 56.14
94.93 56.58
97.52 56.62
99.05 56.43
99.90 56.07
100.88 55.48
101.58 54.84
101.98 53.87
100.85 53.15
99.12 53.28
-1.00 -1.00
5 0
0 
 3
85.77 64.03
84.54 64.20
83.54 63.98
81.84 62.76
81.70 61.95
83.29 61.49
85.59 61.41
88.08 61.17
92.80 60.86
98.10 61.45
101.29 62.58
103.13 63.84
-1.00 -1.00
5 0
0 
 3
91.36 64.06
94.13 64.42
96.58 65.18
98.29 66.00
99.11 66.21
101.61 65.18
102.94 64.07
-1.00 -1.00
5 0
0 
 3
98.10 67.44
97.55 68.86
96.87 70.85
95.72 73.10
94.53 75.03
92.79 76.93
91.81 77.63
91.81 78.03
91.97 78.05
93.64 77.99
92.49 78.97
91.26 78.92
90.91 78.08
90.45 76.89
91.14 76.81
91.44 78.11
90.98 78.60
89.66 78.20
88.49 77.90
87.97 77.08
88.51 76.41
89.89 77.38
90.15 78.27
89.21 78.08
88.47 77.81
87.88 76.93
86.34 76.17
85.36 76.25
85.71 77.68
87.64 78.04
89.89 78.22
91.26 78.53
-1.00 -1.00
5 0
0 
 3
88.37 74.76
90.04 74.10
90.47 72.27
89.34 70.65
88.56 71.34
88.41 72.69
87.45 73.31
88.32 72.01
86.60 72.23
87.98 71.99
87.77 71.13
86.41 71.13
88.88 70.31
-1.00 -1.00
5 0
0 
 3
85.50 72.66
85.58 74.37
86.94 75.43
-1.00 -1.00
5 0
0 
 3
84.75 68.62
86.07 67.18
87.10 66.89
86.46 66.09
86.49 64.28
87.55 64.32
87.97 65.40
88.50 64.21
89.53 64.91
89.13 65.57
90.57 64.76
91.33 65.83
90.47 67.37
92.27 68.00
91.56 69.20
89.58 68.44
89.48 68.86
89.05 69.45
-1.00 -1.00
5 0
0 
 3
85.09 66.11
83.97 67.15
83.67 66.15
85.47 65.39
84.76 65.29
83.20 66.78
81.73 67.78
81.81 65.73
83.43 64.25
85.18 64.73
-1.00 -1.00
5 0
0 
 3
86.08 71.23
85.93 71.09
84.87 70.02
84.31 69.08
84.60 67.70
86.03 66.82
87.01 66.70
-1.00 -1.00
5 0
0 
 3
86.24 71.31
85.81 72.08
85.50 72.80
-1.00 -1.00
5 0
0 
 3
91.14 79.38
90.73 80.05
90.38 80.67
90.24 81.46
90.94 82.33
91.90 82.85
93.48 83.81
94.72 84.74
96.01 85.81
96.04 86.71
95.72 87.12
94.70 86.74
94.43 86.47
94.76 87.56
95.78 88.56
96.93 89.06
98.01 89.86
98.18 91.25
97.63 93.15
96.63 94.18
95.98 94.47
97.26 94.89
97.52 96.63
96.62 97.39
94.96 96.86
93.29 96.64
92.19 97.19
91.00 98.90
-1.00 -1.00
5 0
0 
 3
90.57 99.71
91.22 99.58
92.47 100.49
93.15 101.73
92.91 103.67
91.64 105.20
89.74 105.97
87.26 105.96
85.96 105.15
84.57 103.97
84.41 102.77
84.18 102.10
83.12 102.81
81.39 102.56
78.79 101.73
75.21 98.61
74.19 95.81
73.75 92.48
74.66 89.09
76.02 86.25
77.70 84.71
78.18 84.22
78.29 84.04
76.81 83.37
74.90 83.51
74.11 82.44
75.43 80.23
77.55 78.74
80.06 78.22
82.38 79.13
83.24 79.82
84.15 79.41
85.86 79.98
87.96 82.02
88.95 84.96
87.96 86.94
86.61 88.42
85.11 89.08
85.31 89.28
86.07 90.35
85.62 89.99
84.43 90.05
83.80 91.76
84.53 92.92
85.99 92.81
86.27 92.69
85.96 93.36
86.86 93.74
87.60 94.78
87.51 96.64
86.54 98.56
86.79 99.16
88.41 99.08
89.94 99.97
91.47 100.99
92.09 102.18
91.83 103.74
90.49 104.64
88.43 104.75
86.72 104.18
85.17 103.08
84.04 102.25
83.88 102.15
83.17 101.80
80.33 100.58
77.87 98.79
75.91 95.85
74.97 93.50
75.04 91.24
75.66 88.93
76.94 86.79
78.11 85.33
78.64 84.44
77.44 83.06
76.37 81.43
77.16 80.17
-1.00 -1.00
5 0
0 
 3
89.90 93.14
90.24 92.21
90.01 92.51
90.01 92.57
-1.00 -1.00
5 0
0 
 3
91.97 93.96
92.34 93.51
91.93 94.71
92.39 94.40
91.70 93.44
-1.00 -1.00
5 0
0 
 3
89.68 93.13
89.79 92.25
90.01 91.80
90.49 92.29
89.90 92.76
89.85 93.85
90.09 95.38
89.79 93.63
90.32 92.07
89.97 93.09
89.93 93.24
89.74 93.21
-1.00 -1.00
5 0
0 
 3
107.83 53.00
108.11 69.94
-1.00 -1.00
5 0
0 
 3
107.12 70.71
101.69 70.57
-1.00 -1.00
5 0
0 
 3
101.09 71.78
100.46 72.57
-1.00 -1.00
5 0
0 
 3
100.81 72.69
107.15 105.07
-1.00 -1.00
5 0
0 
 3
107.00 105.23
147.73 103.62
-1.00 -1.00
5 0
0 
 3
147.92 102.97
151.96 70.94
-1.00 -1.00
5 0
0 
 3
151.77 71.17
100.63 72.38
-1.00 -1.00
5 0
0 
 3
151.81 70.67
150.60 68.56
101.58 70.27
-1.00 -1.00
5 0
0 
 3
103.13 84.58
151.07 82.54
-1.00 -1.00
5 0
0 
 3
104.62 94.02
149.22 92.46
-1.00 -1.00
5 0
0 
 3
110.36 64.44
141.57 62.83
-1.00 -1.00
5 0
0 
 3
110.02 58.02
141.77 57.26
-1.00 -1.00
5 0
0 
 3
109.80 68.33
141.45 67.51
-1.00 -1.00
5 0
0 
 3
140.92 68.51
109.59 69.03
-1.00 -1.00
5 0
0 
 3
109.49 69.08
141.00 68.29
-1.00 -1.00
5 0
0 
 3
140.93 68.85
109.89 69.57
-1.00 -1.00
5 0
0 
 3
140.53 68.60
109.96 69.67
-1.00 -1.00
5 0
0 
 3
141.69 68.51
141.68 51.52
-1.00 -1.00
5 0
0 
 3
100.95 59.71
100.20 59.03
101.38 59.00
104.22 60.15
-1.00 -1.00
5 0
0 
 3
104.77 58.52
104.79 58.37
106.03 58.77
-1.00 -1.00
5 0
0 
 3
103.72 54.28
103.81 53.76
105.72 56.48
-1.00 -1.00
5 0
0 
 3
112.45 53.75
113.25 52.08
112.95 53.21
114.26 54.88
-1.00 -1.00
5 0
0 
 3
118.88 53.65
116.80 52.20
117.75 52.91
118.82 53.67
-1.00 -1.00
5 0
0 
 3
121.51 53.01
121.30 52.01
121.83 51.87
123.40 52.80
-1.00 -1.00
5 0
0 
 3
127.67 51.50
129.31 52.78
-1.00 -1.00
5 0
0 
 3
131.79 51.07
132.48 51.29
133.33 52.61
-1.00 -1.00
5 0
0 
 3
134.88 53.49
134.96 51.60
135.52 51.05
-1.00 -1.00
5 0
0 
 3
138.58 53.67
137.27 51.82
137.62 51.11
138.70 52.39
-1.00 -1.00
5 0
0 
 3
144.40 57.74
144.21 57.26
145.25 58.08
-1.00 -1.00
5 0
0 
 3
149.58 58.38
148.04 56.92
149.02 57.74
-1.00 -1.00
5 0
0 
 3
153.14 58.08
151.12 56.93
153.41 57.29
154.90 57.65
-1.00 -1.00
5 0
0 
 3
115.55 112.04
114.98 109.43
115.70 108.21
117.43 107.91
118.71 108.94
119.67 109.65
121.94 110.44
122.35 110.06
124.32 109.28
124.66 109.10
124.19 107.73
122.57 107.26
120.65 105.77
-1.00 -1.00
5 0
0 
 3
128.43 105.27
128.24 105.67
129.03 104.59
-1.00 -1.00
5 0
0 
 3
129.91 104.79
129.59 106.05
130.29 105.04
-1.00 -1.00
5 0
0 
 3
132.56 104.81
132.27 106.24
130.93 107.11
127.80 107.24
126.84 107.22
126.84 108.90
127.66 109.58
128.68 110.42
129.63 112.33
129.22 113.79
128.53 115.44
-1.00 -1.00
5 0
0 
 3
131.72 111.07
132.58 110.17
132.95 110.14
131.44 110.05
129.98 109.80
-1.00 -1.00
5 0
0 
 3
129.45 115.39
132.05 114.48
133.86 114.05
133.82 114.37
133.60 116.39
133.63 118.64
133.68 119.28
135.91 119.44
138.30 119.42
139.85 119.17
139.69 120.37
140.96 122.18
142.42 123.03
144.23 122.97
145.27 122.93
146.48 124.76
147.48 124.39
146.56 122.62
146.49 123.48
148.54 123.86
148.94 122.62
147.57 121.55
147.76 122.41
148.29 121.84
145.95 122.22
146.33 122.26
147.70 120.36
148.42 118.87
148.49 117.58
147.69 116.94
146.86 118.47
145.28 118.38
142.44 116.79
140.67 115.96
139.80 118.35
-1.00 -1.00
5 0
0 
 3
146.34 116.06
144.90 114.64
146.08 113.90
146.82 115.03
146.04 116.04
144.76 115.03
144.19 114.38
142.38 114.53
141.55 115.11
141.21 115.63
-1.00 -1.00
5 0
0 
 3
144.53 116.37
145.78 116.58
144.59 116.61
144.83 116.86
-1.00 -1.00
5 0
0 
 3
133.88 117.60
133.65 118.46
133.61 119.25
135.23 119.35
137.86 119.36
139.46 119.09
-1.00 -1.00
5 0
0 
 3
138.47 117.79
138.48 117.72
-1.00 -1.00
5 0
0 
 3
136.59 117.23
136.29 117.27
-1.00 -1.00
5 0
0 
 3
134.63 117.27
135.52 117.83
135.28 117.39
-1.00 -1.00
5 0
0 
 3
135.61 115.67
135.23 115.68
-1.00 -1.00
5 0
0 
 3
137.41 116.26
137.62 116.27
137.52 116.32
-1.00 -1.00
5 0
0 
 3
138.66 116.08
139.01 116.38
-1.00 -1.00
5 0
0 
 3
139.91 114.49
139.51 114.59
-1.00 -1.00
5 0
0 
 3
138.05 114.23
138.93 114.77
138.24 114.75
-1.00 -1.00
5 0
0 
 3
137.23 113.34
137.46 113.86
-1.00 -1.00
5 0
0 
 3
136.45 114.92
136.69 115.05
-1.00 -1.00
5 0
0 
 3
135.11 114.68
135.28 114.79
135.27 114.66
-1.00 -1.00
5 0
0 
 3
144.59 116.53
145.16 116.30
145.82 116.78
145.14 116.97
144.72 116.31
145.62 116.82
145.08 116.41
-1.00 -1.00
5 0
0 
 3
133.91 115.20
134.14 113.71
134.50 112.65
134.81 111.41
135.23 110.84
136.86 111.69
138.90 112.67
140.51 113.53
141.30 114.41
141.36 115.55
-1.00 -1.00
5 0
0 
 3
132.51 118.09
130.76 118.76
129.63 119.03
129.26 120.13
130.61 122.07
132.78 122.93
133.57 122.97
133.56 123.18
134.28 125.23
135.84 127.99
137.73 130.14
-1.00 -1.00
5 0
0 
 3
133.50 122.86
134.02 121.29
135.33 120.74
136.79 121.00
138.36 121.52
140.03 122.62
141.36 124.45
142.11 126.32
142.14 128.46
141.32 130.78
141.58 133.55
141.32 135.47
140.40 137.14
138.51 138.55
135.62 138.59
132.67 137.57
129.59 137.17
127.19 137.65
124.55 138.50
122.03 138.74
119.99 137.94
118.22 136.53
117.03 134.11
117.48 131.48
118.88 129.07
120.38 127.90
120.99 127.51
122.30 126.91
123.21 126.57
124.28 126.20
124.91 125.74
125.78 124.87
126.38 124.00
126.99 122.47
126.35 120.76
124.99 120.06
123.51 120.15
122.22 120.29
121.25 120.40
-1.00 -1.00
5 0
0 
 3
125.94 120.93
126.06 120.66
127.11 120.33
128.55 119.80
129.46 119.42
130.10 119.94
130.33 120.24
129.19 120.74
127.83 121.33
126.64 121.56
125.52 121.62
125.75 121.22
125.91 120.96
127.03 120.84
128.17 120.46
129.21 119.80
129.78 119.58
130.06 119.92
129.41 120.35
128.00 120.78
126.36 121.15
125.71 121.29
125.82 121.59
126.59 121.56
128.14 121.21
129.50 120.36
130.06 119.81
129.89 119.57
128.61 120.26
126.24 120.91
-1.00 -1.00
5 0
0 
 3
117.56 136.39
116.33 137.07
114.71 136.58
113.97 135.19
114.37 133.76
115.36 133.23
116.68 133.42
117.07 134.12
116.83 135.21
115.97 135.45
115.02 134.61
115.27 133.71
116.39 133.72
116.90 134.24
116.61 134.89
115.80 134.78
115.48 134.08
115.95 133.87
116.37 134.35
115.90 134.57
115.55 134.23
116.11 134.12
116.16 134.54
115.86 133.79
116.29 134.39
115.62 133.82
116.53 134.39
115.48 134.09
116.79 134.46
115.36 134.12
116.78 134.31
115.32 134.45
116.57 134.67
115.13 134.78
-1.00 -1.00
5 0
0 
 3
130.78 133.71
131.40 132.38
131.64 131.96
131.76 132.03
131.87 132.27
131.30 133.31
130.82 134.50
130.39 135.05
130.38 134.75
130.97 133.48
131.57 132.62
131.56 133.03
130.69 134.57
-1.00 -1.00
5 0
0 
 3
135.26 138.88
134.43 139.77
134.70 139.81
135.41 138.07
135.31 139.44
134.20 140.14
135.23 138.00
-1.00 -1.00
5 0
0 
 3
121.97 117.71
123.43 117.72
123.98 117.82
122.50 116.63
121.59 114.86
121.71 113.11
121.63 112.89
120.75 112.37
120.18 113.60
119.56 115.60
119.29 116.19
120.81 116.71
121.47 118.06
121.48 119.50
121.18 120.47
121.24 120.67
122.72 121.02
122.26 121.67
121.58 122.03
122.35 124.39
122.30 125.65
119.84 125.72
117.78 125.97
117.07 124.55
117.09 123.07
116.91 122.75
115.96 122.86
115.92 122.01
117.24 121.84
119.47 121.36
121.29 120.62
-1.00 -1.00
5 0
0 
 3
116.87 121.32
116.44 120.96
115.59 119.88
115.42 117.71
116.68 116.56
118.19 116.39
119.99 116.41
121.14 117.43
121.51 119.55
-1.00 -1.00
5 0
0 
 3
115.17 116.82
116.41 117.45
117.55 117.92
119.01 117.88
120.35 116.98
120.98 116.26
121.33 116.01
121.17 117.16
120.31 118.47
118.71 119.21
117.52 119.03
115.47 117.98
114.78 116.99
116.41 117.47
-1.00 -1.00
5 0
0 
 3
118.35 121.19
117.96 121.13
117.36 120.63
117.40 119.61
118.39 119.55
119.02 120.61
118.37 121.19
-1.00 -1.00
5 0
0 
 3
120.09 120.77
119.97 120.77
119.20 120.14
120.28 119.13
120.52 120.58
-1.00 -1.00
5 0
0 
 3
117.84 120.15
118.30 119.84
117.77 120.05
117.96 119.87
118.14 119.66
118.22 119.83
-1.00 -1.00
5 0
0 
 3
119.94 119.89
119.60 119.62
119.99 119.62
119.85 119.47
120.11 119.57
120.30 119.68
-1.00 -1.00
5 0
0 
 3
115.37 115.82
113.76 115.18
113.39 115.05
112.99 117.62
113.44 120.06
114.03 120.95
115.29 121.75
115.66 121.80
-1.00 -1.00
5 0
0 
 3
113.84 120.89
113.12 120.88
112.48 121.04
111.40 121.54
110.60 122.48
110.25 123.70
110.23 124.93
110.59 126.25
111.08 127.10
110.86 127.08
109.61 126.86
108.94 127.62
109.95 128.27
111.20 127.83
112.04 128.10
113.80 128.70
115.20 128.28
115.90 127.13
116.35 124.87
116.26 123.29
115.37 121.75
-1.00 -1.00
5 0
0 
 3
116.31 124.59
116.23 124.11
115.67 123.67
115.17 124.89
115.01 124.41
113.92 123.77
114.10 125.50
114.10 125.42
113.02 124.05
112.44 124.52
113.09 126.17
112.99 125.84
112.11 124.82
111.58 125.76
112.37 126.65
111.19 125.60
110.29 125.37
110.83 126.64
-1.00 -1.00
5 0
0 
 3
110.06 124.78
109.79 124.22
108.72 124.42
108.17 122.86
109.02 121.97
110.37 123.16
-1.00 -1.00
5 0
0 
 3
114.83 114.04
113.91 113.06
113.80 112.77
115.63 112.34
118.05 111.54
119.51 111.30
120.31 111.74
120.13 113.94
119.54 115.37
119.29 115.91
118.38 115.18
117.75 114.63
117.62 114.44
118.01 114.12
119.41 114.70
-1.00 -1.00
5 0
0 
 3
117.89 114.59
117.50 113.26
117.44 112.69
117.71 114.26
117.50 114.52
116.87 115.07
116.65 115.26
117.16 114.64
117.82 114.98
117.44 115.91
116.87 115.83
-1.00 -1.00
5 0
0 
 3
115.09 110.14
115.37 108.64
116.49 107.95
117.66 108.08
118.83 109.24
120.60 110.22
122.22 110.36
122.90 109.65
124.39 109.09
124.66 108.97
124.45 107.80
123.59 107.22
123.00 107.42
121.13 106.89
120.23 105.34
-1.00 -1.00
5 0
0 
 3
110.81 123.82
111.25 124.11
110.83 123.70
110.87 124.44
111.06 124.67
111.25 124.52
111.04 124.71
-1.00 -1.00
5 0
0 
 3
59.59 66.32
59.53 66.15
59.51 65.18
59.53 64.16
59.56 62.83
59.89 61.93
60.23 61.71
60.05 60.86
60.19 59.31
61.06 59.00
62.40 58.88
63.18 58.77
63.48 58.78
-1.00 -1.00
5 0
0 
 3
61.89 67.18
62.02 66.67
62.24 65.83
62.68 64.96
62.46 64.42
62.00 62.64
62.53 62.06
62.80 62.62
62.85 62.69
63.04 61.76
63.78 61.56
64.27 62.31
64.21 62.67
64.73 61.91
65.75 62.27
65.87 63.10
65.71 64.31
65.14 65.98
64.95 67.63
64.59 70.09
64.43 71.01
64.36 71.37
-1.00 -1.00
5 0
0 
 3
88.83 60.78
88.75 60.20
88.53 58.10
88.09 56.14
-1.00 -1.00
5 0
0 
 3
94.99 60.55
94.99 58.85
95.12 56.92
95.34 56.26
-1.00 -1.00
5 0
0 
 3
86.33 80.65
86.69 80.46
86.95 80.21
87.52 79.69
87.85 78.94
87.96 78.31
87.89 77.86
-1.00 -1.00
5 0
0 
 3
87.60 75.45
87.54 75.45
87.06 75.40
86.05 74.81
85.58 73.73
85.67 72.28
85.79 71.30
85.17 70.15
84.54 69.03
85.14 67.33
86.42 66.80
86.79 66.67
86.12 65.89
-1.00 -1.00
5 0
0 
 3
146.82 117.23
146.65 116.72
146.56 116.39
146.23 115.96
-1.00 -1.00
5 0
0 
 3
75.88 54.83
75.80 55.01
75.85 55.09
75.46 55.53
74.75 56.00
74.17 56.42
72.98 56.65
71.77 56.70
70.96 56.63
71.53 57.30
71.03 57.88
70.36 57.28
70.70 56.67
70.92 56.65
70.18 56.74
69.84 58.47
69.68 60.04
-1.00 -1.00
5 0
0 
 3
69.76 58.38
69.71 58.37
68.22 58.29
67.82 58.26
-1.00 -1.00
5 0
0 
 3
74.60 65.58
74.52 65.18
74.44 64.47
73.73 64.09
73.31 64.07
74.02 63.46
74.49 62.02
74.30 61.16
73.22 60.74
71.66 60.49
69.77 59.99
-1.00 -1.00
5 0
0 
 3
65.65 124.83
65.87 125.61
65.75 126.28
64.95 127.28
63.55 127.88
62.16 127.90
59.53 127.16
59.10 125.90
59.89 125.46
60.19 126.05
59.08 126.46
57.48 125.87
56.16 124.07
56.32 122.88
57.49 121.86
59.57 121.22
62.29 121.13
63.82 121.96
63.50 122.33
62.93 121.19
63.89 120.36
66.27 119.98
68.99 119.85
71.96 120.32
73.76 121.10
74.81 122.68
73.95 124.52
71.38 126.02
67.83 126.34
66.65 126.02
-1.00 -1.00
5 0
0 
 3
76.71 134.07
78.56 133.45
80.55 133.24
83.13 133.70
84.83 134.94
84.71 136.49
84.38 135.91
85.47 135.41
87.51 135.27
89.71 136.43
91.03 137.94
91.25 139.78
89.86 140.26
87.10 140.26
85.85 140.21
84.75 139.84
82.45 140.23
80.44 140.03
79.59 139.22
80.89 140.08
80.59 141.81
79.13 143.31
76.32 143.69
73.24 143.54
70.59 142.94
69.04 140.90
69.56 139.52
71.50 140.23
70.06 141.08
66.92 140.69
64.96 138.87
64.61 136.55
66.95 135.20
69.61 134.54
73.34 134.72
75.42 135.26
76.14 135.99
76.00 135.93
75.93 134.45
-1.00 -1.00
5 0
0 
 -1
