gremlinfile
0 52.00 52.00
3
63.11 101.25
63.15 102.29
63.42 103.14
63.79 104.06
64.30 104.99
65.08 105.86
65.69 106.43
67.08 107.69
68.02 108.44
68.71 109.01
69.56 109.67
71.33 110.83
73.28 112.04
75.40 113.39
76.66 114.24
78.20 115.19
79.80 116.00
81.36 116.60
82.99 117.16
84.29 117.64
85.86 118.50
87.29 119.32
88.32 120.04
89.45 120.52
91.29 121.31
92.99 121.66
94.54 121.83
95.61 121.90
96.68 121.86
97.88 121.59
98.60 121.41
98.65 120.84
98.15 120.40
96.59 119.94
95.30 119.59
93.83 119.39
92.34 119.09
90.67 118.60
89.49 117.92
88.51 117.30
87.04 116.51
85.76 115.92
84.16 115.23
82.62 114.82
81.63 114.24
80.35 113.58
79.33 112.96
78.25 112.28
76.82 111.46
75.48 110.87
74.60 110.39
73.77 110.01
72.83 109.57
71.77 108.71
71.06 108.09
70.03 107.26
69.26 106.51
68.25 105.52
67.25 104.58
66.41 103.70
65.58 102.97
64.68 102.21
63.84 101.62
63.27 101.45
63.20 102.39
63.48 103.51
63.79 104.38
64.23 104.93
-1.00 -1.00
5 0
0 
 3
68.44 109.16
68.15 110.06
68.41 110.87
69.00 111.25
69.61 111.53
70.06 112.01
70.55 112.70
71.04 113.35
71.68 113.87
72.50 114.71
73.51 115.34
74.98 115.52
76.41 115.88
77.19 116.41
77.87 116.86
78.46 117.27
79.05 117.72
80.08 118.40
80.91 118.37
81.86 118.60
83.16 119.15
83.88 119.47
84.73 119.95
85.29 120.19
83.24 119.22
81.96 118.33
80.87 117.67
80.01 117.34
79.23 117.10
78.23 116.68
77.15 116.24
76.42 115.74
75.33 114.93
74.33 114.17
73.49 113.39
72.30 112.46
71.05 111.48
70.18 110.87
69.06 110.19
70.13 110.53
71.18 111.18
72.76 112.28
74.00 112.86
75.02 113.45
75.75 114.06
76.39 114.75
77.28 115.67
78.26 116.06
79.26 116.46
79.97 116.68
80.74 116.74
81.46 116.92
82.78 117.40
83.44 117.80
83.65 118.64
84.11 119.25
85.02 119.84
-1.00 -1.00
5 0
0 
 3
86.86 118.85
86.17 119.28
85.44 119.83
84.95 120.38
84.66 120.87
84.31 121.39
83.80 121.97
82.90 122.61
82.24 122.75
81.50 123.51
81.08 123.97
80.60 124.40
80.17 124.82
79.10 125.16
78.39 125.13
77.71 124.99
76.91 124.37
76.30 123.78
75.50 123.41
74.80 123.25
73.98 122.69
73.49 121.90
72.89 121.49
72.14 120.91
71.68 120.59
71.06 120.15
70.42 119.57
69.51 119.12
68.68 118.88
68.01 118.54
67.45 118.23
66.89 117.78
66.63 117.15
66.52 116.12
66.66 115.11
66.98 114.25
67.47 113.13
67.98 112.12
68.33 111.14
68.44 110.16
68.36 109.32
-1.00 -1.00
5 0
0 
 3
71.12 116.06
70.62 116.44
70.59 115.58
71.96 115.72
73.11 116.44
74.22 117.33
76.09 118.71
77.66 120.25
78.13 121.17
76.98 120.67
75.29 118.91
73.79 117.41
75.47 118.87
77.10 120.28
77.31 121.11
75.62 120.02
74.36 118.74
75.53 120.00
77.22 121.51
77.88 122.17
-1.00 -1.00
5 0
0 
 3
88.43 116.78
89.40 116.50
90.31 116.55
91.21 116.68
92.29 116.92
93.24 117.10
94.11 117.25
95.76 117.64
97.08 117.63
97.98 117.37
98.71 116.99
99.99 116.14
101.14 115.14
102.09 114.27
102.72 113.54
103.53 112.53
104.04 111.67
104.39 110.63
104.64 109.29
104.74 108.03
104.74 106.72
104.63 105.04
104.21 103.86
103.60 102.87
102.78 102.07
101.16 100.81
99.40 99.88
97.73 99.20
95.90 98.68
94.42 98.10
93.04 97.19
91.74 96.16
90.91 95.32
90.20 94.31
90.32 93.50
90.64 92.63
90.94 91.57
91.16 90.53
91.50 89.54
92.10 88.65
92.94 87.85
93.45 87.27
-1.00 -1.00
5 0
0 
 3
70.10 106.98
70.13 106.14
70.00 105.16
69.77 104.20
69.68 103.46
69.42 102.29
69.26 100.46
69.51 98.38
70.01 96.57
70.69 94.96
71.61 93.53
72.76 92.46
74.00 91.84
75.55 91.56
77.38 91.61
78.98 92.22
80.22 93.36
80.57 94.67
80.78 96.01
80.85 97.34
80.83 99.81
80.49 101.22
79.92 103.25
79.28 104.75
78.93 105.75
78.43 106.88
78.05 107.31
-1.00 -1.00
5 0
0 
 3
71.92 106.45
71.75 105.16
71.50 104.03
71.47 102.45
71.85 100.51
72.12 99.10
72.48 97.52
73.28 95.46
74.30 94.31
75.65 93.42
76.90 93.69
78.02 94.59
78.75 96.89
78.54 98.99
78.27 101.22
78.06 102.91
77.80 104.55
76.97 105.97
76.17 107.27
76.16 106.19
75.96 105.57
75.71 106.88
75.20 105.52
74.63 105.82
74.57 107.78
74.23 105.31
73.77 106.52
72.92 105.11
72.99 106.76
72.26 103.17
73.24 105.76
73.45 103.21
74.57 106.13
75.06 103.51
75.92 104.17
76.11 104.87
77.49 102.29
76.93 99.32
76.76 102.97
78.43 98.06
76.84 98.74
77.97 100.05
77.45 96.24
78.76 98.19
77.87 97.65
78.43 95.76
77.03 98.68
76.98 94.96
75.82 98.37
76.00 94.82
74.54 98.10
73.31 96.51
73.91 96.31
72.19 97.92
73.60 96.37
71.75 99.51
71.91 96.92
72.59 100.30
72.26 99.84
73.52 102.04
72.00 102.18
72.40 100.98
72.43 104.49
71.89 103.62
72.48 102.87
73.00 105.99
73.10 104.87
73.70 104.73
74.43 101.05
75.19 105.03
75.08 100.26
75.24 102.52
74.05 102.90
74.71 99.60
73.15 101.84
73.41 97.59
75.62 97.96
73.77 97.16
75.57 94.86
75.05 95.34
75.82 93.67
76.69 95.52
76.49 94.17
78.50 96.21
77.56 97.99
77.11 98.96
76.91 98.38
77.66 100.53
76.75 103.43
75.69 105.21
75.17 104.70
73.32 104.01
73.32 100.56
74.50 99.08
-1.00 -1.00
5 0
0 
 3
80.83 95.78
81.88 95.56
82.47 95.44
83.07 95.34
83.94 95.18
84.96 94.90
85.75 94.45
86.51 93.79
87.08 93.05
87.47 92.31
87.77 91.42
87.91 90.60
87.99 89.94
88.06 89.15
88.02 88.17
87.74 86.87
87.22 85.31
86.70 83.84
86.27 82.60
85.99 81.63
85.62 80.29
85.36 79.27
85.05 77.92
84.92 76.62
84.91 75.67
84.98 74.46
84.99 73.80
84.88 73.16
84.12 73.22
83.38 73.22
82.43 73.23
81.71 73.23
80.71 73.06
79.94 73.06
79.38 72.74
79.05 72.26
-1.00 -1.00
5 0
0 
 3
78.64 71.61
79.16 70.92
80.17 70.64
81.37 70.88
82.33 71.20
83.13 71.36
84.15 71.40
84.87 71.61
85.09 72.75
85.62 71.98
-1.00 -1.00
5 0
0 
 3
84.61 71.51
85.27 71.72
85.92 71.54
86.54 71.27
87.33 71.00
88.27 70.98
89.37 71.24
90.41 71.30
91.64 71.31
92.55 71.29
93.59 71.29
94.43 71.39
95.19 71.51
95.92 71.44
96.58 71.41
97.18 71.37
97.80 71.55
98.50 71.98
-1.00 -1.00
5 0
0 
 3
97.83 72.05
97.97 72.61
97.94 73.47
97.80 74.42
97.71 75.74
97.63 77.01
97.60 77.99
97.67 78.96
97.67 79.98
97.70 80.91
97.52 81.85
96.82 82.63
95.71 82.54
94.60 82.06
95.53 82.11
96.54 82.61
96.87 83.54
96.23 84.38
95.40 84.42
94.60 84.26
95.39 84.72
95.96 84.96
95.41 86.10
94.88 86.59
94.22 86.92
93.34 87.09
92.26 86.37
91.92 85.35
91.91 84.32
91.68 83.14
91.30 82.04
91.32 80.71
91.46 79.38
91.71 78.31
92.09 77.10
90.59 76.93
89.69 76.82
88.65 76.48
-1.00 -1.00
5 0
0 
 3
88.54 83.05
88.60 82.47
88.91 81.98
89.44 81.58
90.36 81.41
-1.00 -1.00
5 0
0 
 3
90.42 86.82
91.21 86.63
92.34 86.39
-1.00 -1.00
5 0
0 
 3
94.91 86.83
95.02 87.51
95.29 88.28
95.82 89.00
96.44 89.50
97.04 89.67
97.71 89.64
98.36 89.30
99.00 88.64
98.95 88.04
98.37 87.59
97.76 87.51
98.29 87.17
98.85 86.72
98.86 85.97
98.61 85.45
98.49 84.74
98.11 84.01
97.71 83.12
98.30 82.56
98.37 81.99
98.50 81.27
98.63 80.48
98.70 79.61
98.75 78.83
98.78 77.59
98.77 76.56
98.78 75.32
98.84 74.42
98.92 73.15
98.91 72.27
98.51 71.75
-1.00 -1.00
5 0
0 
 3
99.35 85.82
100.11 86.17
100.41 86.92
100.42 87.78
100.22 88.62
99.58 89.57
98.63 89.54
-1.00 -1.00
5 0
0 
 3
100.36 86.38
100.90 86.61
101.29 87.27
101.56 88.13
101.39 89.26
101.14 90.09
100.22 90.33
99.78 89.79
-1.00 -1.00
5 0
0 
 3
101.61 87.42
102.02 87.83
102.29 88.91
101.87 90.17
101.56 91.12
100.79 91.40
99.83 90.40
98.93 89.48
-1.00 -1.00
5 0
0 
 3
100.34 91.40
100.27 92.31
99.33 92.69
98.72 92.60
98.23 92.21
97.70 91.63
97.22 90.70
97.04 89.96
-1.00 -1.00
5 0
0 
 3
86.49 83.09
86.63 82.22
86.84 80.75
86.76 79.24
85.93 77.83
85.13 77.63
86.37 79.07
86.66 82.04
86.03 82.18
85.20 78.37
85.85 78.58
86.04 82.20
85.05 79.17
85.72 78.79
86.38 81.74
85.50 78.97
85.97 78.61
86.69 81.32
-1.00 -1.00
5 0
0 
 3
87.69 90.56
86.65 89.71
87.38 90.87
89.83 92.09
91.67 92.69
87.91 90.15
88.85 91.75
90.57 91.74
87.91 90.12
89.52 92.08
90.77 91.36
86.65 89.53
88.68 91.08
91.12 91.39
88.02 89.22
89.26 91.50
91.35 92.09
87.53 90.05
-1.00 -1.00
5 0
0 
 3
88.77 112.18
88.25 111.33
87.78 110.70
87.31 110.19
-1.00 -1.00
5 0
0 
 3
106.61 107.50
106.98 106.50
106.55 106.07
106.26 106.85
107.00 107.31
107.22 106.43
106.19 106.19
106.68 107.36
107.04 106.30
105.78 106.35
106.66 107.47
107.00 106.35
106.13 106.04
106.24 107.44
106.80 106.59
105.72 106.12
106.76 107.26
106.69 106.40
106.80 107.30
106.40 106.41
106.48 107.29
106.48 106.47
-1.00 -1.00
5 0
0 
 3
105.29 105.66
105.95 105.06
106.75 105.04
107.36 105.28
107.95 105.72
108.53 106.43
108.81 107.20
108.78 108.05
108.44 108.87
107.97 109.47
107.36 109.95
106.69 110.11
106.03 110.04
105.47 109.91
-1.00 -1.00
5 0
0 
 3
45.65 89.86
46.25 87.85
47.33 88.75
47.78 88.02
49.30 88.57
49.87 88.47
50.25 89.07
51.20 89.60
52.40 89.50
52.94 88.86
52.09 87.78
53.39 88.02
54.63 87.61
53.95 86.07
53.03 85.55
54.70 85.48
55.09 84.89
55.62 85.86
57.19 86.42
57.98 85.52
58.65 86.25
60.43 87.85
61.88 88.75
62.45 88.37
63.56 87.65
65.23 87.93
65.59 87.38
64.50 86.72
66.13 87.14
66.51 86.23
66.18 85.39
64.78 84.84
65.65 83.18
65.52 81.96
66.69 83.49
67.63 83.66
69.02 85.39
70.22 85.87
71.50 85.75
72.33 85.90
73.44 85.91
74.73 85.55
75.29 84.74
74.47 84.14
73.91 83.84
75.53 83.45
74.42 82.01
73.31 81.30
76.02 83.23
77.35 84.15
78.64 84.10
78.41 82.28
77.54 81.39
79.21 82.84
81.29 83.28
81.93 82.64
80.95 81.68
81.89 81.80
83.10 80.57
82.00 78.62
82.94 79.55
83.97 79.74
-1.00 -1.00
5 0
0 
 3
79.33 73.60
80.69 74.69
81.67 75.24
80.66 74.49
-1.00 -1.00
5 0
0 
 3
76.24 72.94
77.85 74.70
79.03 75.81
76.75 73.85
75.57 72.53
-1.00 -1.00
5 0
0 
 3
74.49 73.26
75.01 75.69
75.38 76.75
74.60 74.98
74.38 73.23
-1.00 -1.00
5 0
0 
 3
73.83 73.91
72.94 74.09
71.65 74.40
69.86 74.42
70.56 72.23
-1.00 -1.00
5 0
0 
 3
65.88 75.31
66.82 74.84
68.46 72.92
65.96 75.80
-1.00 -1.00
5 0
0 
 3
90.32 69.06
92.50 67.38
93.44 66.83
91.40 68.32
-1.00 -1.00
5 0
0 
 3
93.34 68.85
94.73 68.06
95.40 66.90
96.69 67.90
98.05 66.84
98.54 69.07
97.24 67.21
-1.00 -1.00
5 0
0 
 3
111.02 68.42
109.34 67.07
-1.00 -1.00
5 0
0 
 3
112.57 68.94
111.74 67.70
113.09 69.81
-1.00 -1.00
5 0
0 
 3
114.74 75.12
115.85 75.81
116.97 75.15
117.60 74.11
118.88 74.36
120.34 74.57
121.75 73.84
123.28 72.97
123.41 72.13
121.31 71.41
122.60 69.73
122.78 68.30
121.61 67.76
122.69 67.27
123.00 65.71
121.99 64.09
120.80 64.05
119.73 65.29
119.43 63.43
120.06 61.55
119.48 60.79
118.23 60.54
117.49 60.38
116.12 59.71
114.99 58.93
113.96 59.75
113.38 58.48
112.15 57.70
111.23 57.42
109.92 55.84
108.19 56.05
106.96 56.14
106.73 54.49
107.38 53.75
106.79 52.93
106.10 53.03
106.38 51.89
106.59 51.03
105.75 51.11
-1.00 -1.00
5 0
0 
 3
102.86 50.79
100.87 51.57
99.72 52.03
98.01 51.23
-1.00 -1.00
5 0
0 
 3
89.30 81.20
88.74 81.30
88.12 81.22
87.57 80.88
86.63 80.17
86.28 79.65
86.20 79.00
87.26 78.78
88.79 79.47
89.66 80.12
90.20 80.53
-1.00 -1.00
5 0
0 
 3
101.07 91.97
101.53 92.69
102.24 93.38
103.56 94.32
104.78 94.96
106.42 95.59
108.02 96.09
109.68 96.83
110.66 97.41
111.64 98.00
112.69 99.25
113.72 100.56
114.63 101.40
115.88 102.49
117.04 103.45
117.62 104.07
118.68 105.09
119.85 105.82
121.05 106.43
122.55 107.30
123.96 108.36
124.92 109.20
125.84 110.15
126.51 110.87
127.15 111.76
127.90 112.80
128.82 113.85
130.02 114.79
130.91 115.86
131.54 116.62
132.13 117.39
132.78 118.12
133.47 118.82
134.12 119.33
134.05 118.46
133.68 117.87
132.51 116.92
131.35 115.51
130.59 114.58
129.61 113.52
128.70 112.39
127.97 111.19
127.32 110.11
126.54 109.13
125.12 108.05
123.98 106.92
123.32 106.38
121.80 105.62
120.59 104.78
119.41 103.70
118.39 102.91
117.24 102.12
116.45 101.50
115.58 100.53
114.64 99.32
113.89 98.31
113.03 97.30
112.20 96.59
111.73 96.03
110.70 95.07
109.92 95.11
109.06 94.99
107.57 94.63
106.17 94.15
105.19 93.65
104.25 93.02
103.34 92.56
102.57 91.88
101.96 91.18
101.58 90.64
-1.00 -1.00
5 0
0 
 3
133.11 116.81
133.20 116.19
133.24 115.28
133.04 114.20
-1.00 -1.00
5 0
0 
 3
132.30 119.71
132.78 119.12
133.38 118.09
134.07 118.46
133.59 118.95
133.30 117.70
133.13 115.86
133.31 114.59
133.41 113.31
133.27 111.91
133.23 110.21
133.37 109.15
133.65 107.68
133.89 106.26
133.91 104.80
133.97 103.34
134.12 101.59
134.15 100.15
134.19 98.54
134.17 97.10
134.21 95.66
134.36 93.80
134.45 92.09
134.63 90.03
134.78 88.31
134.80 85.66
134.98 83.50
135.25 81.74
135.50 80.06
135.78 78.31
136.12 76.59
136.48 75.08
136.90 73.57
137.31 72.20
137.77 71.05
138.25 69.72
138.73 68.21
139.41 66.72
140.34 65.45
141.07 64.56
141.59 63.95
142.37 63.20
142.93 62.72
143.45 62.43
-1.00 -1.00
5 0
0 
 3
145.84 64.67
145.35 65.56
145.29 66.21
145.50 66.94
146.24 66.84
146.33 66.12
146.19 65.01
145.54 64.56
144.81 63.92
144.39 63.16
144.27 62.40
144.60 61.93
145.28 61.85
146.12 61.95
146.75 62.09
147.46 62.71
147.51 63.36
147.00 64.21
146.40 64.56
145.81 64.66
145.06 64.32
144.62 63.87
144.13 63.10
143.98 62.34
-1.00 -1.00
5 0
0 
 3
142.32 64.50
141.24 64.32
140.11 64.06
139.16 63.87
137.88 63.65
136.58 63.54
135.71 63.49
135.22 63.02
135.18 62.30
135.92 61.85
137.24 61.68
-1.00 -1.00
5 0
0 
 3
142.29 62.82
141.52 63.09
140.62 62.85
139.45 62.48
140.14 61.61
142.34 61.84
144.21 61.92
145.67 61.51
147.10 61.50
-1.00 -1.00
5 0
0 
 3
140.94 60.07
142.25 60.03
145.33 60.06
148.14 60.34
149.75 60.83
150.30 61.99
150.10 62.85
149.26 63.42
148.42 63.42
-1.00 -1.00
5 0
0 
 3
150.60 58.68
151.59 59.68
153.63 60.47
154.38 61.74
154.08 62.87
152.64 63.57
-1.00 -1.00
5 0
0 
 3
154.59 72.73
153.86 73.46
153.26 73.43
152.05 72.77
150.93 73.23
150.09 73.19
149.24 72.67
147.22 72.26
145.92 72.85
145.37 72.64
143.83 72.30
143.27 72.81
142.37 72.63
141.17 72.22
140.65 72.56
140.06 72.89
138.78 72.50
-1.00 -1.00
5 0
0 
 3
136.71 72.16
136.02 71.94
135.34 72.33
134.38 73.02
133.27 72.64
132.23 72.65
131.40 72.42
130.53 72.26
129.55 72.81
129.02 73.08
128.21 72.78
127.07 72.49
126.24 72.81
124.69 72.44
123.82 72.39
-1.00 -1.00
5 0
0 
 3
99.42 77.41
99.66 78.02
100.31 78.17
101.02 78.07
101.75 78.04
101.39 79.67
100.72 80.98
100.46 81.58
-1.00 -1.00
5 0
0 
 3
103.04 80.22
102.69 81.18
102.72 82.26
102.95 83.19
103.13 84.31
-1.00 -1.00
5 0
0 
 3
104.75 81.37
105.32 83.02
105.85 83.70
-1.00 -1.00
5 0
0 
 3
108.92 83.14
107.92 82.90
107.21 81.96
107.43 80.81
108.01 80.34
108.91 79.95
109.87 79.89
110.66 79.78
111.70 79.28
112.34 78.76
112.85 78.14
113.11 77.34
113.00 76.68
112.75 75.91
112.05 75.11
111.23 74.81
110.17 74.64
109.23 74.47
108.51 74.04
108.15 73.44
107.80 72.68
107.73 72.06
108.26 71.34
108.67 71.74
109.37 71.48
109.38 70.85
109.29 69.51
109.41 68.96
109.64 68.34
110.11 69.28
110.08 70.74
109.86 72.15
109.29 71.61
108.37 71.41
107.74 70.72
107.64 68.83
107.95 68.30
108.46 67.76
108.84 68.58
108.58 69.93
108.19 71.09
107.53 70.23
107.43 69.50
107.57 68.68
108.11 67.82
107.25 67.66
106.49 67.53
105.68 68.49
105.76 69.23
106.02 70.45
106.31 71.88
106.41 72.88
106.33 73.74
105.27 73.92
104.22 73.60
-1.00 -1.00
5 0
0 
 3
103.14 74.52
101.96 73.76
-1.00 -1.00
5 0
0 
 3
101.70 75.46
100.76 74.87
-1.00 -1.00
5 0
0 
 3
105.36 68.37
104.71 68.13
103.55 67.96
102.65 67.96
101.61 68.11
100.94 68.32
100.27 68.56
99.44 67.87
99.06 67.04
98.89 66.38
99.90 65.90
100.91 66.21
102.47 66.49
103.56 66.69
104.57 67.44
105.51 67.65
106.51 67.77
-1.00 -1.00
5 0
0 
 3
108.32 78.37
107.53 77.49
108.18 77.90
107.63 77.08
108.16 77.75
107.55 77.35
108.30 78.09
-1.00 -1.00
5 0
0 
 3
56.41 72.82
56.11 73.32
55.75 74.08
55.29 74.95
54.63 75.50
53.91 75.89
53.28 76.39
52.68 77.01
51.98 77.35
51.15 76.63
51.56 75.59
52.89 74.15
53.64 73.50
54.88 72.99
55.82 72.85
56.63 72.97
57.04 72.23
57.10 71.43
57.14 70.54
57.21 69.79
57.14 68.61
57.00 67.72
56.86 66.70
56.96 65.84
-1.00 -1.00
5 0
0 
 3
57.21 72.33
58.15 72.33
59.28 72.08
61.02 71.75
62.14 71.77
63.49 71.72
64.33 71.79
65.43 72.25
65.34 72.88
64.28 73.19
62.96 72.87
61.02 72.40
59.17 72.29
57.91 72.42
56.56 72.29
-1.00 -1.00
5 0
0 
 3
65.57 72.53
65.45 71.31
65.33 70.37
65.29 69.35
65.01 68.38
65.19 67.80
65.45 66.84
65.45 66.26
-1.00 -1.00
5 0
0 
 3
54.46 65.36
55.15 65.67
55.99 65.50
56.66 64.91
58.19 65.00
59.02 66.00
58.89 65.22
58.95 64.49
59.94 64.87
60.92 65.88
61.36 65.42
61.37 64.84
62.57 65.50
63.25 64.43
64.26 64.66
65.50 65.23
66.97 66.29
66.77 65.07
67.92 66.18
68.65 66.89
68.34 65.05
67.88 63.58
-1.00 -1.00
5 0
0 
 3
113.17 50.58
114.18 51.55
115.27 52.71
115.50 53.71
115.64 54.77
116.76 56.05
118.22 57.28
119.22 58.55
119.61 59.42
-1.00 -1.00
5 0
0 
 3
122.33 60.10
123.38 59.86
123.77 58.96
123.28 58.42
122.08 57.67
-1.00 -1.00
5 0
0 
 3
117.81 53.37
118.58 52.78
118.50 52.14
117.39 51.18
116.63 50.40
-1.00 -1.00
5 0
0 
 3
124.42 62.30
125.06 62.16
125.75 61.23
126.37 60.06
126.24 58.69
125.05 57.66
-1.00 -1.00
5 0
0 
 3
58.55 130.11
58.60 130.86
58.13 131.46
56.77 131.83
54.74 131.86
52.83 131.66
51.71 131.03
50.74 130.22
49.63 129.16
48.81 128.23
48.61 126.53
49.14 125.31
50.50 124.79
52.07 125.07
53.60 125.93
53.35 124.41
54.16 122.86
56.07 122.56
57.84 123.11
59.37 123.85
60.60 124.85
61.11 125.44
62.17 124.83
63.36 125.31
64.70 126.37
65.57 128.39
65.33 129.69
64.57 130.22
-1.00 -1.00
5 0
0 
 3
63.22 130.18
63.29 130.79
62.83 131.66
61.89 131.85
60.34 131.69
59.21 130.70
58.40 129.60
-1.00 -1.00
5 0
0 
 3
83.67 138.43
82.10 137.49
80.04 137.12
77.10 136.26
75.27 136.64
73.65 137.35
72.40 139.46
72.90 141.41
74.68 142.86
76.20 143.14
75.41 143.93
75.92 145.18
77.59 146.46
81.09 147.25
84.31 147.14
86.48 146.70
88.40 145.80
88.84 144.13
88.32 142.82
89.02 144.16
90.55 145.09
93.17 145.34
95.06 144.37
96.17 142.83
95.64 141.52
94.17 140.70
93.46 140.39
93.42 139.50
91.84 138.53
89.68 137.71
87.33 137.04
85.51 136.71
83.72 136.92
83.13 137.59
83.95 138.69
-1.00 -1.00
5 0
0 
 3
131.39 139.48
131.88 140.58
133.04 141.03
135.01 141.25
137.20 141.10
139.03 140.77
140.34 139.98
141.24 138.64
140.89 137.18
139.44 137.46
139.37 138.71
141.52 139.63
144.63 138.24
145.74 137.16
145.49 135.41
143.47 133.64
140.63 132.92
138.29 132.92
137.07 133.66
136.12 132.85
133.59 132.58
130.14 133.19
127.18 134.41
126.42 136.15
127.48 137.67
129.90 138.80
131.38 138.62
132.39 139.15
-1.00 -1.00
5 0
0 
 -1
