gremlinfile
0 44.00 48.00
3
86.36 69.01
68.18 69.01
-1.00 -1.00
5 0
0 
 3
64.05 64.05
81.40 64.05
-1.00 -1.00
5 0
0 
 3
77.27 59.09
59.09 59.09
-1.00 -1.00
5 0
0 
 3
92.98 59.09
107.85 59.09
-1.00 -1.00
5 0
0 
 3
94.63 59.09
-1.00 -1.00
5 0
0 
 3
111.16 64.05
97.93 64.05
-1.00 -1.00
5 0
0 
 3
102.07 69.01
116.12 69.01
-1.00 -1.00
5 0
0 
 3
49.17 55.79
111.98 55.79
-1.00 -1.00
5 0
0 
 3
111.98 50.00
49.17 50.00
49.17 55.79
63.22 73.14
-1.00 -1.00
5 0
0 
 3
63.22 73.14
127.69 73.14
127.69 61.57
111.98 50.00
111.98 55.79
127.69 73.14
-1.00 -1.00
5 0
0 
 3
95.45 103.72
76.45 103.72
76.45 100.41
95.45 100.41
95.45 103.72
-1.00 -1.00
5 0
0 
 3
121.90 103.72
121.90 100.41
105.37 100.41
105.37 103.72
121.90 103.72
-1.00 -1.00
5 0
0 
 3
112.81 137.60
76.45 137.60
76.45 107.85
112.81 107.85
112.81 137.60
-1.00 -1.00
5 0
0 
 3
150.83 107.02
150.83 98.76
132.64 87.19
-1.00 -1.00
5 0
0 
 3
69.83 144.21
92.15 150.00
150.83 150.00
-1.00 -1.00
5 0
0 
 3
69.83 96.28
72.31 87.19
132.64 87.19
129.34 96.28
150.83 107.02
150.83 150.00
129.34 144.21
-1.00 -1.00
5 0
0 
 3
69.83 144.21
129.34 144.21
129.34 96.28
69.83 96.28
69.83 144.21
-1.00 -1.00
5 0
0 
 -1
