gremlinfile
0 32.00 48.00
3
112.98 98.08
112.98 138.94
-1.00 -1.00
5 0
0 
 3
60.58 98.08
112.98 98.08
115.87 95.19
-1.00 -1.00
5 0
0 
 3
60.58 138.94
60.58 98.08
57.69 95.19
-1.00 -1.00
5 0
0 
 3
115.87 141.83
112.98 138.94
60.58 138.94
57.69 141.83
-1.00 -1.00
5 0
0 
 3
115.87 93.27
115.87 89.42
94.23 89.42
94.23 93.27
115.87 93.27
-1.00 -1.00
5 0
0 
 3
57.69 93.27
79.33 93.27
79.33 89.42
57.69 89.42
57.69 93.27
79.33 93.27
-1.00 -1.00
5 0
0 
 3
88.94 74.04
70.67 74.04
-1.00 -1.00
5 0
0 
 3
73.56 78.85
92.31 78.85
-1.00 -1.00
5 0
0 
 3
95.19 83.65
76.44 83.65
-1.00 -1.00
5 0
0 
 3
97.60 74.04
118.27 74.04
-1.00 -1.00
5 0
0 
 3
46.15 74.04
65.87 74.04
-1.00 -1.00
5 0
0 
 3
68.75 78.85
49.04 78.85
-1.00 -1.00
5 0
0 
 3
121.15 78.85
99.52 78.85
-1.00 -1.00
5 0
0 
 3
102.40 83.65
124.52 83.65
-1.00 -1.00
5 0
0 
 3
51.92 83.65
71.63 83.65
-1.00 -1.00
5 0
0 
 3
138.46 70.67
137.50 87.50
-1.00 -1.00
5 0
0 
 3
137.50 87.50
137.50 68.75
-1.00 -1.00
5 0
0 
 3
57.69 141.83
57.69 95.19
115.87 95.19
115.87 141.83
57.69 141.83
-1.00 -1.00
5 0
0 
 3
50.00 87.50
50.00 150.00
137.50 150.00
-1.00 -1.00
5 0
0 
 3
125.00 50.00
162.50 106.25
162.50 143.75
137.50 150.00
137.50 87.50
-1.00 -1.00
5 0
0 
 3
37.50 68.75
50.00 87.50
137.50 87.50
125.00 68.75
-1.00 -1.00
5 0
0 
 3
37.50 50.00
125.00 50.00
125.00 68.75
37.50 68.75
37.50 50.00
-1.00 -1.00
5 0
0 
 -1
