gremlinfile
0 28.00 48.00
3
62.89 64.00
62.39 63.15
61.40 60.55
61.20 59.35
62.84 61.25
63.04 61.60
63.19 62.40
62.34 61.05
-1.00 -1.00
5 0
0 
 3
59.66 64.25
59.36 63.90
58.56 62.35
58.02 61.00
58.12 61.45
58.61 63.20
57.17 61.00
-1.00 -1.00
5 0
0 
 3
73.68 67.10
73.28 66.60
72.73 66.10
72.04 65.55
70.69 64.30
69.80 62.60
69.10 61.35
68.51 60.25
68.61 60.70
68.90 63.70
69.35 65.20
70.40 66.40
72.09 66.85
73.38 66.90
71.74 66.75
70.10 65.90
68.90 64.00
69.00 63.50
-1.00 -1.00
5 0
0 
 3
86.60 61.95
85.86 63.05
85.01 63.80
84.86 63.95
84.86 63.30
87.80 60.05
85.36 63.40
85.01 64.00
83.37 65.70
-1.00 -1.00
5 0
0 
 3
96.84 63.25
96.59 63.70
96.30 64.05
95.75 64.40
95.35 64.55
94.95 64.70
94.16 64.90
93.61 64.70
93.16 64.60
92.97 64.55
92.77 64.45
92.62 64.30
93.26 64.40
93.71 64.40
94.36 64.15
94.85 63.95
95.30 63.70
96.00 63.30
96.25 63.25
96.74 63.20
-1.00 -1.00
5 0
0 
 3
95.35 71.85
95.15 71.90
94.36 72.10
93.56 72.20
92.67 72.15
91.82 72.00
91.03 71.60
90.68 71.50
91.37 72.20
92.27 72.75
93.21 72.75
93.91 72.70
94.36 72.70
94.66 72.65
94.95 72.60
94.36 73.25
93.76 73.60
92.62 73.40
91.97 72.80
91.47 72.00
-1.00 -1.00
5 0
0 
 3
87.45 73.00
87.50 73.30
87.65 74.65
87.99 75.50
88.79 76.20
90.18 76.65
93.76 75.70
92.02 75.90
90.58 75.35
89.58 74.25
88.89 73.60
-1.00 -1.00
5 0
0 
 3
92.07 68.25
91.57 67.90
90.48 67.25
89.78 66.85
89.98 66.05
89.83 67.15
89.98 67.65
90.78 66.95
89.88 66.40
-1.00 -1.00
5 0
0 
 3
97.54 67.70
97.14 67.85
95.40 68.60
94.36 68.65
92.97 68.60
91.57 68.25
91.57 68.05
92.22 66.50
92.37 66.90
92.72 67.50
93.51 67.80
95.40 67.70
96.64 67.30
97.54 67.05
97.29 67.20
94.51 68.35
92.72 67.80
-1.00 -1.00
5 0
0 
 3
142.48 64.35
141.69 64.95
140.54 65.90
139.50 66.80
138.65 68.00
138.45 68.55
138.16 68.80
138.16 67.80
138.50 66.90
139.10 64.95
140.24 63.30
141.24 64.35
140.49 65.05
138.30 66.60
-1.00 -1.00
5 0
0 
 3
137.61 71.60
138.40 71.00
139.85 70.40
141.29 68.85
141.49 67.70
143.52 66.25
142.88 67.75
141.88 70.00
140.49 71.15
139.80 71.25
-1.00 -1.00
5 0
0 
 3
130.85 72.05
131.25 72.00
132.09 71.70
132.94 71.25
134.13 68.75
135.27 66.35
135.22 66.95
134.87 69.65
133.33 71.25
131.25 72.20
131.59 72.00
133.23 71.65
133.43 70.60
-1.00 -1.00
5 0
0 
 3
127.27 72.55
128.31 72.10
128.91 71.75
129.95 71.05
131.69 70.00
132.54 69.05
133.04 68.00
133.93 66.05
135.12 64.80
135.87 64.05
136.12 63.85
136.32 63.95
136.37 64.15
135.32 66.00
135.67 67.40
135.02 68.45
134.78 70.40
134.78 71.15
134.82 71.45
133.93 71.75
133.28 71.80
132.94 71.95
131.39 71.80
130.65 72.00
-1.00 -1.00
5 0
0 
 3
137.31 71.80
138.21 72.10
139.35 72.75
140.49 73.60
142.13 74.75
143.57 75.30
144.92 75.55
147.00 75.50
148.10 75.10
148.89 74.85
150.39 74.70
152.82 74.10
152.62 74.30
151.83 74.90
150.73 75.45
148.74 76.20
147.10 76.90
144.17 77.20
141.54 77.80
141.34 77.15
141.09 75.90
138.75 74.05
139.00 74.15
142.98 76.65
145.86 76.20
148.20 75.40
148.65 75.30
144.92 76.15
142.28 74.90
140.34 74.35
143.08 76.65
147.05 75.85
-1.00 -1.00
5 0
0 
 3
152.18 87.25
151.68 86.00
151.18 85.00
150.34 83.80
148.79 83.30
147.45 81.95
146.51 80.80
147.95 81.15
149.69 81.20
151.28 81.50
152.22 82.20
153.17 83.40
153.52 85.35
153.62 85.80
152.42 84.10
151.13 82.70
148.70 81.35
149.24 81.90
151.43 83.55
152.03 85.10
152.22 85.30
148.99 82.60
-1.00 -1.00
5 0
0 
 3
149.24 94.60
148.74 93.70
148.84 91.85
148.40 90.70
145.91 89.00
144.42 87.50
143.48 85.85
143.18 83.80
143.03 83.10
142.53 82.35
144.27 84.15
145.71 85.55
147.40 87.20
147.90 88.20
148.84 89.65
148.94 91.50
149.09 92.55
147.90 90.00
146.31 88.15
143.72 85.45
143.82 84.90
147.40 88.00
148.50 90.45
149.09 92.00
-1.00 -1.00
5 0
0 
 3
144.37 98.50
144.32 98.10
144.47 96.35
144.07 94.60
142.83 93.45
141.49 92.00
140.94 90.95
140.79 89.95
141.24 90.65
143.48 91.80
144.57 92.75
145.86 94.30
146.26 95.55
146.91 96.85
145.56 97.60
145.36 95.45
143.23 93.35
142.18 92.60
145.17 95.20
145.07 96.95
144.17 94.40
-1.00 -1.00
5 0
0 
 3
140.29 100.95
140.34 100.10
139.95 98.80
139.20 97.55
138.95 97.15
137.81 95.15
138.30 95.25
139.55 96.10
140.59 97.30
141.29 98.55
141.59 99.55
140.54 100.40
140.44 99.40
140.09 98.15
138.50 96.80
139.90 97.30
141.09 98.75
-1.00 -1.00
5 0
0 
 3
131.94 100.80
131.00 100.60
129.70 99.90
129.46 100.10
130.15 100.90
-1.00 -1.00
5 0
0 
 3
132.74 108.10
131.74 107.30
131.15 107.20
132.34 106.50
133.68 107.20
133.73 107.75
-1.00 -1.00
5 0
0 
 3
128.66 103.75
128.96 103.85
129.85 103.80
130.90 103.80
129.95 103.25
129.16 102.95
-1.00 -1.00
5 0
0 
 3
92.32 80.10
92.57 80.35
93.71 80.80
95.50 80.80
95.15 81.25
93.26 81.30
-1.00 -1.00
5 0
0 
 3
91.18 85.65
90.03 84.95
87.70 84.05
85.11 84.25
83.72 85.00
83.67 85.20
85.61 84.50
-1.00 -1.00
5 0
0 
 3
88.59 81.40
90.38 82.00
91.32 82.55
92.22 83.55
93.76 84.25
95.55 84.25
97.79 84.75
97.54 85.15
95.55 85.40
93.61 84.55
93.71 85.05
95.85 85.95
96.40 86.30
93.26 85.40
91.57 83.70
89.09 81.00
-1.00 -1.00
5 0
0 
 3
114.99 73.95
117.03 72.95
118.52 71.15
119.51 68.80
119.46 70.65
118.47 73.00
116.43 73.80
117.08 73.00
117.77 70.40
-1.00 -1.00
5 0
0 
 3
116.03 96.20
116.43 96.45
117.92 96.35
119.91 95.10
121.60 93.55
123.39 91.95
125.58 90.35
126.57 88.10
126.47 88.65
125.28 92.00
124.58 94.30
123.44 95.80
119.96 97.00
119.56 97.15
122.20 96.80
123.79 94.35
125.03 92.15
123.59 93.30
120.51 95.85
124.38 93.35
126.17 90.15
124.58 95.25
125.18 95.20
126.72 93.95
127.57 92.50
129.16 91.00
130.70 90.15
131.15 89.85
129.56 91.30
129.11 92.90
128.71 94.00
126.67 95.00
124.88 95.55
127.07 95.10
128.96 94.10
-1.00 -1.00
5 0
0 
 3
112.25 91.15
112.85 91.60
113.85 91.85
115.54 91.40
117.03 90.45
117.87 89.50
119.36 87.85
120.81 85.85
122.40 84.30
123.24 83.40
122.94 84.00
121.50 86.40
120.81 88.40
119.86 90.70
118.52 92.35
116.23 93.20
115.24 93.35
114.19 92.90
115.04 93.20
117.08 92.25
117.72 91.30
119.81 89.20
120.41 87.45
121.40 86.20
120.51 86.90
118.72 89.10
116.83 91.05
114.64 91.65
113.60 91.40
114.84 91.00
117.28 90.15
-1.00 -1.00
5 0
0 
 3
116.93 96.75
117.47 98.20
118.22 100.65
118.57 103.10
119.07 101.15
119.51 98.75
119.51 97.60
118.27 97.20
117.72 97.00
118.87 99.30
118.82 101.95
118.72 100.50
118.57 98.75
-1.00 -1.00
5 0
0 
 3
119.12 106.90
117.38 111.05
117.57 113.55
-1.00 -1.00
5 0
0 
 3
125.13 100.70
124.43 103.10
123.59 105.60
124.19 109.45
-1.00 -1.00
5 0
0 
 3
127.57 103.40
127.37 102.75
126.57 100.50
125.03 97.95
125.23 97.60
127.22 98.85
127.47 100.20
127.32 101.25
127.32 99.55
-1.00 -1.00
5 0
0 
 3
120.56 107.90
120.71 107.20
121.00 105.60
121.25 103.60
121.00 101.45
121.60 102.45
122.45 106.00
122.30 107.65
120.81 107.95
121.60 107.35
121.95 105.10
121.70 103.45
-1.00 -1.00
5 0
0 
 3
111.56 107.65
111.76 107.55
112.90 106.80
113.65 105.80
114.19 104.30
114.39 102.35
114.14 100.80
113.60 98.40
113.30 97.55
113.45 98.80
113.85 100.20
114.84 101.80
115.04 103.00
115.04 104.90
114.69 106.15
113.99 107.40
113.80 107.50
114.24 105.60
114.64 103.40
114.24 101.15
113.99 104.05
113.55 106.20
113.25 106.45
-1.00 -1.00
5 0
0 
 3
104.80 104.15
105.05 104.10
106.59 103.25
107.88 101.75
108.33 100.35
108.92 97.50
109.47 94.85
110.02 93.30
109.97 93.75
110.27 95.50
110.66 97.50
110.42 99.00
110.27 100.30
110.46 102.65
109.92 104.00
109.07 104.90
108.58 105.40
107.93 105.45
108.53 104.55
109.17 102.05
109.82 100.70
109.52 97.95
109.27 97.10
108.53 100.85
107.73 102.65
105.89 103.95
107.13 104.20
107.73 103.40
109.12 100.65
109.57 99.65
109.22 102.45
108.23 103.85
107.63 104.30
-1.00 -1.00
5 0
0 
 3
100.67 99.05
100.92 99.00
102.21 98.15
103.41 96.85
104.20 95.50
104.65 94.60
104.90 93.85
104.70 95.50
104.85 96.55
104.70 98.00
104.25 99.40
103.75 100.80
103.41 102.40
103.21 102.85
102.91 102.50
102.51 102.10
102.41 101.70
102.91 100.20
103.80 97.70
104.20 95.95
104.00 96.05
103.01 98.00
102.06 99.15
101.12 99.40
101.72 99.60
102.11 99.95
102.11 102.00
102.16 101.80
102.81 99.40
103.41 98.10
-1.00 -1.00
5 0
0 
 3
95.45 82.85
95.75 83.30
96.05 83.55
96.59 83.80
97.34 84.10
98.14 84.60
99.38 85.00
100.22 85.20
101.17 85.40
102.26 85.40
103.31 85.40
104.50 85.20
105.20 84.75
105.74 84.15
106.04 83.50
104.40 83.80
102.91 83.85
101.32 83.30
99.78 82.65
98.38 81.90
97.49 81.40
97.29 81.35
97.34 82.30
97.54 83.10
98.19 84.65
98.53 84.90
100.97 85.10
102.31 85.15
100.82 84.70
98.73 84.40
96.94 83.85
96.35 82.80
95.85 81.60
96.10 81.95
-1.00 -1.00
5 0
0 
 3
95.55 73.55
95.65 74.20
95.80 75.00
96.10 75.60
96.50 76.25
96.99 76.95
97.44 77.45
98.04 77.90
99.13 78.35
100.22 78.45
101.57 78.60
102.26 78.45
103.50 78.05
104.80 77.80
105.69 77.65
106.89 77.50
107.78 77.65
107.98 77.80
106.59 78.25
105.29 78.70
104.55 78.80
103.75 79.10
102.26 79.50
101.42 79.90
100.47 80.20
99.48 80.20
98.28 80.10
97.19 79.80
96.15 79.35
95.60 78.75
95.45 77.90
95.50 77.50
95.75 77.85
96.74 79.20
97.79 79.50
99.48 80.00
100.82 80.10
101.81 79.65
102.76 79.05
103.16 78.70
102.51 78.90
100.62 79.40
98.88 78.90
97.89 78.20
97.24 77.30
96.64 76.55
96.59 77.25
97.24 78.75
-1.00 -1.00
5 0
0 
 3
155.11 88.60
155.61 88.75
156.45 87.95
157.59 85.80
158.09 84.00
157.84 82.65
157.49 81.60
157.74 81.55
158.69 82.10
159.63 83.20
160.28 84.60
160.53 86.55
160.08 88.50
159.18 90.00
158.44 91.05
157.99 91.30
156.85 89.55
157.30 90.15
158.14 90.50
159.28 88.05
159.73 85.40
158.89 82.40
158.19 81.15
158.39 83.30
158.59 86.25
157.15 87.85
156.85 88.20
157.94 84.85
157.49 82.10
-1.00 -1.00
5 0
0 
 3
157.94 92.45
158.14 92.65
158.69 93.20
159.78 93.05
161.27 92.35
163.01 91.00
164.16 89.90
164.70 89.30
164.95 89.85
165.10 90.15
164.36 91.75
163.61 93.05
162.71 94.50
161.72 95.60
160.48 96.05
159.93 95.90
159.33 94.20
159.04 93.40
159.53 93.80
161.07 93.50
162.86 92.25
163.81 90.80
163.56 92.05
161.57 94.65
159.78 94.85
160.43 94.80
162.32 93.35
-1.00 -1.00
5 0
0 
 3
167.19 95.70
166.64 96.30
165.70 97.50
164.21 98.55
162.91 99.10
161.77 99.25
162.12 99.60
162.32 99.80
163.06 100.20
164.01 100.30
164.90 100.40
165.70 100.35
166.44 99.70
166.64 98.50
166.94 96.90
166.94 96.40
166.24 97.35
164.95 98.90
163.51 99.25
162.17 99.30
163.26 99.60
164.26 99.35
165.55 98.60
166.05 97.75
166.24 98.15
165.45 99.45
164.36 99.80
165.10 99.75
-1.00 -1.00
5 0
0 
 3
155.56 116.20
155.66 117.00
155.85 117.40
156.45 118.10
157.30 118.60
158.09 118.65
159.58 118.60
160.88 118.15
162.02 117.85
162.86 117.80
162.96 118.20
161.42 120.20
160.73 121.05
159.93 121.05
158.69 120.80
157.10 120.40
156.05 119.70
155.46 118.50
155.80 117.30
155.95 117.05
157.05 119.65
158.69 120.45
160.53 120.45
160.83 119.50
160.92 119.15
159.09 119.75
156.80 118.95
157.20 119.15
161.02 119.10
-1.00 -1.00
5 0
0 
 3
156.85 125.20
156.50 125.35
155.26 124.60
154.66 123.75
154.71 122.10
154.91 120.75
154.86 121.95
155.46 123.05
156.55 124.30
157.20 124.45
156.35 125.05
154.91 124.30
153.52 122.10
-1.00 -1.00
5 0
0 
 3
153.72 126.40
151.48 126.40
150.34 126.25
149.09 125.50
148.25 124.40
147.50 122.80
148.89 122.15
149.79 121.75
150.68 121.35
150.53 121.95
151.03 123.85
151.93 125.20
153.02 126.10
152.27 126.00
150.34 125.00
149.54 123.40
149.44 123.20
150.29 124.95
152.13 126.50
151.68 126.15
148.99 124.10
-1.00 -1.00
5 0
0 
 3
145.71 130.85
145.31 130.60
144.87 130.00
144.37 128.90
143.87 127.40
143.72 126.15
143.97 125.35
144.52 123.90
144.92 123.60
144.62 124.45
144.52 126.50
144.77 127.95
145.51 129.85
145.76 130.15
146.76 130.25
147.05 130.15
145.81 128.95
145.26 127.30
145.51 124.60
145.51 124.40
144.87 123.90
145.12 123.50
145.56 127.70
146.41 128.90
147.35 129.95
147.60 130.30
-1.00 -1.00
5 0
0 
 3
138.06 123.80
138.01 124.30
138.16 125.70
138.21 126.60
138.45 127.95
138.65 128.95
139.20 130.40
139.45 130.55
140.64 131.25
142.08 131.70
142.03 131.10
141.98 130.65
141.04 130.30
140.14 130.00
139.35 128.55
139.40 127.05
139.70 125.90
139.35 124.20
138.95 124.80
138.35 125.65
138.80 128.10
139.55 129.60
-1.00 -1.00
5 0
0 
 3
177.33 115.70
176.88 118.90
176.29 120.75
174.00 125.00
173.20 127.20
171.17 129.65
-1.00 -1.00
5 0
0 
 3
168.73 122.50
168.13 124.95
166.29 128.50
162.52 132.40
158.94 135.60
155.85 137.70
153.32 139.15
149.79 140.10
146.96 140.80
144.12 141.00
-1.00 -1.00
5 0
0 
 3
100.87 122.70
97.09 124.00
93.51 127.05
89.24 130.80
87.10 134.90
86.25 137.25
85.86 140.30
-1.00 -1.00
5 0
0 
 3
124.58 137.70
122.84 137.40
119.51 137.00
115.88 138.60
113.20 139.90
111.26 142.10
109.77 145.15
109.62 147.60
109.77 148.15
-1.00 -1.00
5 0
0 
 3
135.62 132.15
134.78 131.30
134.38 130.35
133.78 128.45
133.78 127.55
133.18 128.00
132.84 130.05
133.33 131.60
133.98 131.95
133.28 130.35
133.28 129.20
-1.00 -1.00
5 0
0 
 3
123.69 132.20
123.04 131.50
122.64 130.45
122.55 129.20
122.45 127.70
122.69 127.35
123.19 128.00
123.84 129.20
124.53 130.05
125.53 131.05
126.03 131.90
125.58 131.90
124.34 131.60
123.89 130.65
123.24 129.35
123.99 130.60
125.23 132.00
124.29 131.65
-1.00 -1.00
5 0
0 
 3
128.21 132.20
127.91 132.15
127.37 131.55
127.37 130.80
127.42 130.15
127.52 129.10
127.72 128.10
127.86 127.10
128.21 126.30
128.61 126.10
128.86 126.30
128.91 126.50
129.06 127.35
129.41 128.60
129.85 129.65
130.70 130.50
131.74 131.40
131.94 131.85
131.54 132.05
130.60 131.60
129.80 130.90
129.26 129.90
128.81 128.65
128.76 127.25
128.66 126.85
128.41 127.85
128.66 129.70
129.41 131.05
130.25 132.30
129.80 132.40
128.66 131.80
128.21 131.05
128.01 129.80
128.01 128.00
128.11 127.30
127.96 128.75
128.41 131.00
128.81 131.55
-1.00 -1.00
5 0
0 
 3
117.47 130.85
117.28 130.60
117.03 130.10
117.47 129.20
118.07 128.30
118.47 127.75
118.52 128.55
118.67 129.25
119.26 130.35
119.46 130.70
117.52 130.40
117.03 130.45
118.37 129.90
118.22 129.35
118.07 128.25
118.07 127.65
-1.00 -1.00
5 0
0 
 3
108.72 132.45
108.53 132.20
107.93 130.60
107.93 130.05
108.13 129.35
108.68 128.75
108.97 128.55
108.72 129.10
108.72 129.70
109.07 131.00
109.17 131.35
109.27 130.25
109.57 129.30
109.82 130.85
110.32 132.35
109.37 132.50
-1.00 -1.00
5 0
0 
 3
103.31 135.40
102.96 135.20
102.21 134.50
101.81 133.05
101.91 132.00
102.41 131.45
102.36 132.00
102.71 133.75
103.31 134.80
102.96 133.45
103.11 131.85
103.60 133.50
104.15 134.50
104.20 134.80
-1.00 -1.00
5 0
0 
 3
100.57 137.70
100.22 137.50
99.48 137.20
98.93 136.65
98.53 135.80
98.19 134.60
98.19 133.85
98.53 133.30
98.58 133.70
98.73 134.60
98.88 135.65
100.12 137.00
101.81 137.80
101.07 137.05
99.88 135.45
99.13 134.70
99.08 135.25
99.88 137.15
-1.00 -1.00
5 0
0 
 3
158.14 104.35
158.39 105.05
158.59 105.40
158.99 105.80
159.78 106.40
160.78 106.90
161.92 107.20
163.36 107.30
164.26 107.20
165.20 107.00
165.25 107.20
165.10 108.80
164.45 108.60
164.55 108.40
164.95 108.20
161.37 107.60
160.33 106.80
159.58 105.85
159.18 105.50
158.44 106.15
158.29 107.00
159.63 108.35
161.92 109.10
163.61 109.20
162.17 108.50
159.53 106.75
160.73 107.90
161.92 108.45
163.16 109.15
-1.00 -1.00
5 0
0 
 3
157.59 110.00
157.74 110.50
157.99 111.00
158.24 111.25
158.84 111.90
159.63 112.40
160.28 112.80
161.12 113.15
161.77 113.30
162.71 113.40
163.26 113.50
163.66 113.60
163.61 113.95
163.56 114.60
163.31 114.90
162.37 115.25
161.47 115.25
160.18 115.05
158.79 114.70
157.64 114.10
157.25 113.95
157.25 113.40
157.44 112.65
157.64 111.65
157.89 111.20
158.24 111.95
159.09 113.10
160.33 113.65
161.82 114.15
162.22 114.40
161.62 114.70
160.53 114.50
159.18 113.00
158.59 112.15
158.69 113.25
159.33 114.25
160.53 115.00
161.97 115.35
162.37 115.30
-1.00 -1.00
5 0
0 
 3
98.38 128.00
98.33 128.45
98.33 129.65
98.63 130.40
99.08 131.20
100.17 132.30
100.47 132.50
100.37 131.95
100.12 130.70
100.22 129.45
100.52 128.30
99.58 128.50
99.13 129.20
99.73 130.95
99.73 130.05
100.02 129.10
-1.00 -1.00
5 0
0 
 3
105.59 126.35
105.39 126.80
105.20 127.30
105.10 128.15
105.34 129.50
105.84 130.20
106.34 130.10
106.34 129.55
105.94 129.25
105.84 128.45
106.64 127.45
106.89 127.15
105.94 127.35
105.94 128.80
106.14 129.25
-1.00 -1.00
5 0
0 
 3
113.99 125.80
113.70 126.00
113.30 126.10
112.85 126.10
112.90 126.30
112.85 127.30
112.85 128.05
112.90 128.95
113.05 130.05
113.20 131.05
113.20 130.85
113.55 129.80
113.75 128.65
114.44 127.10
114.89 126.05
114.29 126.75
113.94 127.05
113.94 129.25
-1.00 -1.00
5 0
0 
 3
92.52 132.45
92.82 132.60
93.31 132.65
93.66 132.70
93.96 132.75
94.21 132.85
94.51 133.00
94.95 133.20
95.30 133.45
95.55 133.55
96.10 133.80
96.45 133.90
96.84 134.05
97.19 134.25
97.44 134.30
97.29 134.45
96.94 134.60
96.79 134.75
96.84 134.55
96.99 134.15
96.84 133.95
96.74 133.70
96.59 133.55
96.45 133.30
96.10 133.15
95.85 133.05
95.30 132.50
94.85 132.20
94.61 132.00
94.31 132.25
94.16 132.40
94.61 132.30
94.80 132.20
95.15 132.15
95.55 132.25
95.75 132.35
95.95 132.55
-1.00 -1.00
5 0
0 
 3
90.18 142.20
91.03 142.60
92.02 142.65
93.56 142.30
94.41 141.60
94.46 141.15
94.26 141.20
93.11 141.20
91.42 140.60
90.23 139.45
89.29 138.15
89.29 139.25
89.63 140.20
90.33 140.85
91.42 141.40
92.82 141.40
93.06 141.70
91.67 142.00
90.43 141.80
89.44 140.65
-1.00 -1.00
5 0
0 
 3
105.39 60.55
104.65 60.60
103.06 60.75
101.62 60.35
100.92 59.85
98.83 59.30
97.79 59.40
97.34 60.00
96.94 61.50
96.69 63.50
96.84 65.45
97.14 66.90
97.34 64.00
97.44 61.55
97.39 60.00
97.74 57.70
96.79 56.65
95.65 56.00
93.71 55.60
92.37 55.30
91.28 54.90
90.78 55.20
90.38 55.65
90.48 56.45
90.73 56.95
90.38 56.20
89.88 55.20
89.24 55.10
88.79 55.20
88.24 56.40
88.19 57.20
87.80 56.45
87.40 55.80
87.35 55.00
87.00 55.10
86.40 56.85
86.50 58.25
87.35 58.90
88.74 59.50
89.68 59.70
90.38 59.55
91.77 58.95
92.87 58.45
91.23 59.60
88.74 59.90
87.00 60.30
86.60 60.65
88.69 60.10
91.77 60.25
93.96 60.40
92.27 60.15
89.39 60.40
87.60 61.05
90.98 60.45
91.82 60.35
91.97 61.60
91.62 62.80
91.13 63.60
90.78 64.65
90.38 66.05
90.23 67.00
89.78 68.10
88.94 69.40
88.14 70.60
87.60 71.55
87.30 73.15
87.80 74.40
88.79 75.05
-1.00 -1.00
5 0
0 
 3
129.26 92.95
128.21 93.65
126.62 94.60
123.99 95.35
122.05 95.90
119.16 96.50
116.98 96.05
114.79 95.20
113.00 93.45
111.66 91.70
110.76 89.60
110.46 88.00
110.66 86.30
-1.00 -1.00
5 0
0 
 3
119.81 61.55
119.51 61.45
118.57 61.30
117.13 61.30
115.68 61.25
113.99 61.25
112.45 60.80
111.66 61.15
111.36 61.55
111.16 62.05
111.31 62.65
111.06 61.90
110.86 61.20
110.32 60.85
109.07 60.90
108.23 61.55
108.23 62.00
108.38 62.55
108.03 61.90
107.88 61.35
107.03 61.45
106.54 62.10
106.59 62.85
106.64 63.60
107.18 64.35
107.83 64.75
109.77 64.95
111.06 64.60
113.00 63.45
113.35 63.20
111.66 64.60
111.96 64.70
113.60 64.70
115.09 64.40
114.49 64.85
112.60 65.40
111.31 66.00
110.12 66.60
108.48 67.80
107.98 68.50
107.93 68.70
109.07 68.00
110.71 67.35
111.96 67.35
114.89 67.15
116.83 66.90
117.97 66.80
115.04 67.50
112.40 68.05
110.37 68.00
108.48 69.10
108.43 69.80
109.12 70.60
110.71 70.60
111.11 70.60
112.60 69.95
114.29 69.70
115.09 69.60
112.85 71.00
112.16 71.20
112.25 71.80
112.75 72.80
113.25 74.25
113.80 75.40
114.59 76.45
115.54 77.30
116.33 78.10
117.42 78.20
119.02 77.15
120.21 76.30
121.25 75.40
120.01 77.25
119.31 77.70
118.37 78.65
118.82 78.85
119.96 77.40
121.20 75.80
121.05 77.00
120.41 78.80
118.57 79.30
117.97 79.00
119.12 79.35
121.20 78.85
117.87 78.60
116.23 77.90
117.97 79.45
120.26 79.25
122.00 78.80
123.79 77.85
124.58 77.25
125.63 76.50
126.08 76.10
126.42 75.60
126.57 75.15
126.87 74.25
126.42 75.55
127.42 75.10
129.36 75.30
130.10 75.40
131.20 75.75
132.09 76.55
133.08 77.00
134.08 77.80
134.82 78.70
135.22 79.85
135.47 80.50
135.77 81.45
135.72 82.90
135.52 84.75
135.27 86.15
134.78 87.55
133.98 88.50
132.94 90.55
132.09 91.90
130.85 93.90
129.85 95.60
128.86 98.20
128.16 100.15
127.86 101.45
128.16 103.00
128.31 104.55
128.66 106.30
-1.00 -1.00
5 0
0 
 3
102.16 102.60
102.81 103.45
103.36 104.05
105.64 104.75
107.13 105.85
108.68 106.30
110.07 106.60
112.70 106.80
114.64 107.10
116.28 107.20
117.77 107.20
119.21 107.40
120.90 107.50
122.35 107.25
123.19 107.20
124.48 106.85
125.88 106.55
126.77 106.35
127.32 106.20
128.06 105.80
128.26 105.60
128.36 106.00
128.91 107.35
129.36 108.60
130.05 109.90
130.80 111.10
131.39 111.75
132.29 112.20
132.99 112.40
133.98 112.35
134.58 112.10
135.02 111.50
135.32 111.15
135.42 110.70
135.62 109.65
135.57 108.80
135.17 107.35
134.73 105.80
134.33 104.60
134.87 103.80
135.72 103.60
136.42 103.35
137.96 102.60
139.30 101.80
140.79 101.10
142.83 100.15
144.12 99.80
145.66 99.35
146.66 98.95
147.50 98.10
148.84 96.95
149.99 95.65
150.98 93.70
151.43 92.00
152.22 90.45
152.87 89.40
153.27 88.80
153.37 87.35
153.27 86.70
154.11 87.75
155.21 89.00
155.85 90.65
156.45 92.60
156.75 93.80
157.00 95.15
157.64 97.35
158.29 99.70
158.49 102.25
158.44 105.15
158.39 106.80
157.59 109.80
156.95 111.45
156.10 112.75
155.01 114.05
154.21 115.25
152.47 117.60
150.98 119.15
148.94 120.80
146.71 122.05
144.82 122.55
141.88 123.15
139.05 124.10
135.47 124.20
131.99 124.35
128.61 125.00
125.38 124.65
122.20 124.80
118.87 125.40
115.09 125.75
111.11 125.80
107.13 125.80
103.36 126.60
100.77 127.20
98.98 128.35
96.10 130.20
91.92 133.35
90.78 135.20
89.83 137.50
89.44 139.75
89.34 142.30
90.03 145.65
91.13 148.05
92.72 149.45
95.20 149.70
96.99 149.35
99.38 148.65
100.97 147.15
102.31 145.50
102.71 143.75
102.51 141.70
101.42 139.90
99.28 139.15
96.89 140.05
95.85 140.65
99.48 138.60
101.76 136.80
103.70 135.20
105.94 133.85
109.82 132.35
113.20 131.40
115.88 131.50
119.76 130.60
122.74 130.85
125.43 131.25
127.67 131.05
129.51 131.00
131.94 131.65
136.61 132.15
138.90 131.90
141.34 131.40
143.23 131.20
147.20 130.60
148.50 129.95
148.89 129.80
152.32 128.80
155.70 126.70
157.54 125.65
159.58 124.05
161.07 122.55
162.47 120.70
163.96 118.70
164.95 116.60
166.05 114.15
166.74 112.00
167.29 109.50
167.69 106.60
167.98 103.15
167.84 101.00
167.54 98.60
167.09 95.80
166.39 93.40
165.40 90.15
163.76 87.55
162.12 85.25
161.02 83.45
159.78 82.05
158.34 80.85
156.15 79.75
155.11 79.40
155.46 78.10
156.15 77.85
157.20 77.45
159.18 76.10
160.78 75.25
162.17 73.95
162.76 72.45
162.71 70.60
161.57 68.90
159.68 68.25
156.90 67.40
154.21 66.75
152.62 66.70
151.33 66.50
148.74 66.15
145.91 65.50
142.63 64.90
138.85 64.00
136.42 63.55
133.33 63.15
130.80 62.30
127.91 62.40
126.67 62.50
125.23 63.30
124.88 64.30
125.08 66.20
125.78 67.30
125.38 65.10
126.12 63.45
126.32 62.85
124.58 61.40
122.05 61.80
120.81 62.60
120.26 64.30
120.26 65.95
121.25 67.10
120.56 65.35
121.00 63.35
121.00 62.35
119.16 62.05
117.77 63.60
117.67 65.20
117.82 67.50
118.22 68.80
119.26 70.00
120.31 70.90
123.64 72.20
126.32 72.55
128.71 72.90
131.30 73.00
133.33 73.15
134.23 72.65
134.78 72.50
135.37 72.80
136.47 73.60
138.16 74.80
139.40 75.85
140.64 77.05
141.29 78.75
141.64 80.20
141.88 82.40
141.69 83.95
141.54 85.15
141.19 86.40
140.39 88.35
139.70 90.25
138.60 91.75
137.41 93.40
136.32 95.15
135.32 97.15
134.48 99.40
133.88 101.75
133.53 104.60
133.53 104.95
133.98 106.75
-1.00 -1.00
5 0
0 
 3
102.41 90.80
102.01 90.25
100.07 89.40
98.33 87.70
97.79 86.40
99.18 86.95
100.57 87.00
102.86 87.25
104.50 87.55
106.39 88.25
106.74 88.30
103.36 88.25
100.37 87.35
100.57 88.25
103.50 88.80
103.60 89.10
100.37 88.45
101.86 88.85
103.41 90.05
105.00 88.75
106.34 88.80
107.28 88.55
-1.00 -1.00
5 0
0 
 3
95.60 94.55
95.90 94.30
97.59 93.40
99.33 93.05
101.12 92.40
103.21 90.40
104.35 89.15
105.49 88.60
106.79 88.00
108.43 87.35
110.12 86.80
111.46 85.70
112.25 85.25
112.80 84.95
113.75 84.45
114.34 83.50
114.64 82.75
114.84 81.90
115.04 81.00
115.29 80.35
115.49 79.40
115.64 78.90
115.73 78.35
115.73 77.95
115.04 76.90
113.30 75.55
111.86 74.00
110.76 72.25
109.82 71.25
109.12 69.50
107.28 68.20
105.10 68.75
104.15 70.30
103.85 71.40
104.30 70.05
104.20 68.95
103.31 68.75
102.56 69.00
101.76 69.65
100.32 70.30
99.28 71.45
98.48 73.45
99.38 71.60
99.88 69.85
99.78 69.40
98.88 69.30
96.84 70.75
96.10 71.85
95.30 73.60
94.90 75.25
94.46 76.45
94.06 77.80
94.26 79.85
94.76 81.25
95.55 82.80
96.40 83.55
95.70 84.55
94.90 85.20
93.36 86.00
93.02 86.25
93.91 87.25
95.35 88.80
96.84 90.80
99.23 91.60
101.47 91.45
102.16 91.60
99.28 92.50
97.04 91.85
94.95 89.70
93.46 88.30
94.06 89.05
96.50 92.70
97.14 93.85
-1.00 -1.00
5 0
0 
 3
80.04 91.95
80.93 91.35
82.23 90.45
83.72 89.55
84.41 89.05
-1.00 -1.00
5 0
0 
 3
79.79 93.55
81.03 92.85
82.77 92.40
84.27 91.90
85.21 91.70
-1.00 -1.00
5 0
0 
 3
81.28 94.75
83.12 94.70
85.76 94.70
88.89 94.60
90.18 94.45
-1.00 -1.00
5 0
0 
 3
72.04 95.55
71.14 96.25
68.80 96.40
66.32 96.75
64.98 97.15
-1.00 -1.00
5 0
0 
 3
71.34 97.30
70.69 98.20
69.45 99.10
67.41 100.20
65.77 100.90
-1.00 -1.00
5 0
0 
 3
73.73 97.20
71.89 98.65
70.15 100.00
68.90 101.45
67.91 102.60
-1.00 -1.00
5 0
0 
 3
89.04 97.00
88.69 95.55
88.79 94.20
88.84 92.75
88.69 91.40
87.80 90.15
86.40 89.30
84.61 88.60
85.01 88.55
86.30 88.55
87.80 88.80
88.94 89.40
90.13 90.40
90.58 91.85
90.48 93.85
89.78 96.05
90.08 93.85
90.03 92.00
89.19 90.60
88.49 89.65
-1.00 -1.00
5 0
0 
 3
72.63 94.80
72.38 94.80
-1.00 -1.00
5 0
0 
 3
72.78 96.80
73.28 96.40
73.28 96.65
-1.00 -1.00
5 0
0 
 3
77.70 94.40
77.65 93.85
77.90 94.55
-1.00 -1.00
5 0
0 
 3
80.24 95.75
79.84 95.55
79.69 95.15
-1.00 -1.00
5 0
0 
 3
74.12 92.80
74.07 92.40
74.32 91.70
74.92 91.25
75.57 91.35
-1.00 -1.00
5 0
0 
 3
75.71 95.20
75.66 94.90
75.57 94.10
75.17 93.30
74.52 93.15
73.83 92.90
73.08 92.35
72.18 92.65
71.44 93.70
71.29 95.40
71.44 96.80
71.89 98.10
-1.00 -1.00
5 0
0 
 3
76.56 96.70
75.91 95.85
75.81 94.40
76.11 92.95
76.31 91.75
76.96 90.80
77.90 90.20
79.79 90.00
80.84 90.50
81.68 91.20
82.82 92.45
83.57 93.50
-1.00 -1.00
5 0
0 
 3
84.27 104.05
84.22 103.75
84.02 102.90
83.52 102.00
82.13 101.25
80.69 100.80
79.64 101.10
78.65 101.60
77.65 101.95
76.36 101.90
75.47 101.55
75.17 101.05
75.27 100.60
75.62 100.00
75.96 99.60
76.41 99.40
76.41 98.25
76.31 98.05
76.31 97.75
76.71 97.35
77.26 97.30
78.05 97.70
78.75 98.25
79.19 97.85
80.49 97.50
81.53 97.95
81.63 99.05
80.84 100.55
79.10 101.35
77.70 101.55
-1.00 -1.00
5 0
0 
 3
87.10 101.30
86.80 100.95
86.20 100.35
86.06 99.45
86.25 98.80
87.45 98.35
88.34 98.45
88.79 98.65
-1.00 -1.00
5 0
0 
 3
79.19 104.60
79.14 104.15
79.14 103.55
79.64 103.05
80.64 103.05
81.53 103.15
81.88 103.45
-1.00 -1.00
5 0
0 
 3
73.68 102.15
73.58 102.45
72.88 102.75
71.94 102.35
70.69 101.60
69.60 99.80
69.05 97.75
68.75 95.15
68.66 95.55
68.36 97.25
68.46 98.75
69.15 100.60
70.10 102.20
71.04 102.60
72.14 102.50
73.48 102.60
73.88 102.95
71.69 102.20
70.35 101.00
69.50 99.70
69.25 98.60
68.80 97.10
-1.00 -1.00
5 0
0 
 3
92.72 102.15
92.22 101.90
92.17 101.35
92.57 101.60
-1.00 -1.00
5 0
0 
 3
90.78 102.25
90.73 102.05
90.13 102.90
89.49 104.15
88.99 104.60
87.60 105.30
-1.00 -1.00
5 0
0 
 3
96.84 99.00
97.64 99.05
98.38 99.95
98.14 100.75
97.09 100.60
97.09 99.70
98.04 100.05
97.79 100.05
-1.00 -1.00
5 0
0 
 3
81.08 108.65
80.74 109.10
79.99 109.10
79.24 108.65
79.24 108.15
79.74 107.20
79.99 107.00
80.44 107.45
80.39 108.15
79.54 108.25
79.69 107.75
80.34 108.10
-1.00 -1.00
5 0
0 
 3
77.50 87.20
77.31 87.30
75.71 87.45
74.02 87.65
72.68 87.95
71.89 88.45
70.20 89.65
69.50 90.05
68.70 90.80
67.71 92.00
67.31 93.35
66.96 94.40
66.62 96.00
66.52 97.30
66.47 98.35
66.62 99.80
66.92 100.80
67.46 102.05
68.41 103.35
69.20 104.05
70.79 104.75
71.64 105.00
72.93 105.05
74.97 105.20
76.46 105.55
77.26 105.80
77.45 105.95
76.96 106.20
76.06 107.80
75.91 109.00
76.16 109.85
76.86 111.00
78.45 112.00
80.49 111.90
81.73 110.95
82.97 110.30
83.77 109.50
84.46 108.70
84.41 107.25
84.27 106.70
85.41 106.65
86.70 106.85
88.19 106.95
88.94 106.75
90.18 106.25
91.03 105.65
91.72 104.95
92.32 103.90
92.77 103.00
93.26 102.15
93.86 101.60
94.46 101.60
95.30 102.00
96.00 103.00
96.64 103.30
97.39 103.35
98.24 103.25
98.78 103.20
99.33 102.90
99.73 102.35
100.12 101.35
100.32 100.10
100.32 99.15
99.98 98.15
99.38 97.35
98.14 96.95
96.84 96.85
95.40 97.45
94.95 99.20
94.95 98.75
94.95 97.55
95.15 96.35
95.30 94.70
95.35 93.40
95.20 92.40
94.95 91.45
94.80 91.20
94.41 92.50
93.16 94.40
92.87 94.85
93.31 92.30
93.81 91.30
94.26 90.75
94.56 93.10
94.16 95.85
93.26 97.95
92.77 98.35
94.36 96.75
94.95 93.70
95.10 94.80
94.95 98.40
95.35 96.70
94.76 93.45
94.36 90.55
93.71 88.50
93.11 87.20
92.17 85.90
92.22 86.70
92.37 89.75
92.47 88.55
92.67 87.15
94.36 89.75
95.45 92.85
96.05 95.85
95.60 93.05
94.11 88.95
94.56 89.65
96.05 92.40
96.50 93.10
97.24 93.75
95.35 90.90
94.61 89.00
95.95 91.40
97.94 92.80
98.78 92.45
101.12 92.20
101.62 91.80
101.96 91.25
99.43 91.80
97.24 90.65
95.80 89.20
94.41 87.60
91.18 85.25
89.98 84.60
88.84 84.55
86.30 85.25
84.22 85.60
82.82 85.80
81.13 86.25
78.25 86.60
77.11 87.20
75.42 87.80
72.93 87.90
71.19 87.70
69.70 88.50
68.61 89.65
67.71 91.20
66.96 92.45
66.47 94.05
65.87 95.95
65.67 97.40
65.82 98.50
66.22 99.95
66.77 101.35
67.81 102.75
69.05 104.05
71.29 104.85
73.08 105.25
74.07 105.35
75.42 105.70
76.01 105.85
76.01 106.25
76.06 107.30
75.66 108.60
75.81 110.20
77.21 111.50
79.19 112.10
80.84 111.60
-1.00 -1.00
5 0
0 
 3
81.03 67.15
80.44 67.80
79.84 68.50
78.85 69.95
78.35 71.20
78.00 72.90
77.80 74.45
77.65 75.25
-1.00 -1.00
5 0
0 
 3
57.57 64.55
57.92 63.80
58.26 63.40
59.16 62.85
59.86 62.45
60.85 62.45
60.70 62.70
60.40 63.40
60.05 64.55
60.00 65.60
59.96 65.25
60.05 64.15
60.25 63.55
60.95 62.90
61.74 62.55
62.54 62.25
63.58 62.20
63.34 62.55
62.89 63.80
62.79 65.25
62.89 64.15
63.29 62.95
63.83 62.45
64.53 62.25
65.13 62.60
65.67 63.20
66.62 63.90
68.11 64.80
69.05 65.20
70.49 65.90
71.49 66.10
73.48 66.95
74.52 67.45
75.66 67.70
76.96 67.80
78.35 67.80
79.59 67.75
80.39 67.60
81.38 67.45
82.53 67.00
83.22 66.50
83.97 65.85
84.66 65.35
85.36 64.90
85.86 64.40
86.30 63.75
-1.00 -1.00
5 0
0 
 3
55.23 63.90
53.79 63.70
52.20 63.25
50.61 62.30
49.52 60.45
48.97 57.95
48.07 57.25
48.12 57.50
48.67 59.15
49.02 60.60
49.22 62.80
50.41 63.95
49.76 64.05
47.13 63.95
45.89 63.00
43.55 62.20
41.61 61.25
41.06 59.35
41.06 58.55
40.72 58.20
39.82 60.15
40.67 62.55
42.06 63.30
42.70 64.20
41.46 64.50
40.27 64.30
38.48 63.90
36.44 62.80
35.25 62.15
35.15 62.80
36.04 64.00
38.28 65.60
40.32 66.30
41.66 66.25
43.30 65.85
45.44 65.65
47.82 65.20
49.42 64.70
51.40 64.85
53.24 64.40
54.78 64.45
54.24 63.90
51.26 63.20
52.10 64.20
51.40 64.50
49.02 64.60
46.98 64.05
44.84 63.45
41.96 62.20
41.86 61.95
43.20 63.65
44.49 64.15
45.39 64.50
42.41 62.00
42.90 62.75
43.70 64.15
42.85 65.00
40.91 65.50
38.78 64.90
37.09 64.40
36.89 64.20
39.47 65.60
41.46 65.80
44.20 64.55
46.28 64.40
-1.00 -1.00
5 0
0 
 3
57.67 66.30
57.57 66.55
56.87 67.25
55.83 68.00
53.94 69.60
53.14 70.50
52.05 72.05
51.55 73.00
51.85 72.20
53.09 70.25
55.18 67.90
56.57 66.90
56.97 66.80
54.69 67.45
53.24 67.80
51.11 68.65
49.61 69.60
48.47 70.60
48.22 70.80
49.37 68.85
51.01 67.65
52.00 67.00
53.54 66.35
55.73 66.25
56.43 66.45
56.67 66.80
55.93 66.90
52.45 67.80
51.11 68.70
49.42 69.95
48.57 70.80
-1.00 -1.00
5 0
0 
 3
69.15 73.00
66.72 73.20
66.92 73.00
69.05 72.15
71.24 72.30
72.14 71.95
73.53 69.95
74.37 68.75
73.73 69.80
72.14 71.70
70.30 71.80
68.70 71.20
68.41 71.15
72.73 73.05
74.42 76.25
74.42 75.80
72.48 72.40
69.05 70.45
65.87 69.50
62.94 69.50
60.75 69.25
61.99 70.00
64.73 70.25
68.41 70.30
71.09 71.25
73.28 72.00
74.77 74.25
74.92 77.35
73.63 79.30
72.98 82.15
74.22 84.40
76.46 86.25
-1.00 -1.00
5 0
0 
 3
70.89 77.20
71.19 77.20
71.94 77.40
72.83 77.75
73.38 78.40
74.87 77.80
75.86 77.65
77.01 77.05
77.31 76.85
75.86 77.75
74.62 77.75
72.73 77.40
71.89 77.35
-1.00 -1.00
5 0
0 
 3
74.77 83.00
74.37 82.40
73.48 80.70
73.43 79.45
74.27 78.55
75.27 77.75
76.51 77.20
77.50 77.05
77.16 76.90
76.31 76.75
75.86 76.60
75.17 76.50
74.67 76.50
75.07 75.75
75.76 75.10
76.61 74.60
77.26 74.30
75.27 74.60
74.87 74.40
74.47 73.20
73.68 71.70
73.08 71.10
73.13 70.90
73.73 69.90
74.12 68.75
74.22 68.45
73.38 68.95
72.38 70.00
71.59 70.40
70.15 70.05
68.80 69.80
69.05 69.65
69.60 69.10
69.70 68.35
69.45 68.95
68.51 69.60
66.77 69.35
65.08 69.35
65.97 68.75
66.17 68.30
66.82 67.80
66.27 67.80
64.63 68.65
63.19 69.20
60.85 69.00
60.55 68.80
61.20 68.15
61.89 67.55
62.99 67.20
61.20 67.55
59.06 66.90
58.17 66.00
57.72 64.90
57.72 63.60
58.02 63.00
57.52 63.20
56.82 63.80
56.97 65.00
58.22 67.10
59.16 68.75
60.55 70.10
62.24 70.30
64.18 70.05
66.27 70.50
67.71 70.60
69.30 70.75
69.10 71.00
67.51 71.85
66.27 72.15
65.67 73.00
66.62 73.15
67.86 73.75
69.20 73.70
71.99 74.45
73.38 75.70
73.18 76.20
71.49 76.25
70.05 76.55
70.59 76.80
72.63 78.05
72.73 78.30
72.38 78.80
72.68 80.70
74.07 83.15
76.26 85.80
77.16 86.60
76.91 85.55
75.37 84.55
74.27 83.15
73.38 81.25
73.08 79.80
73.28 77.50
73.23 75.75
73.28 74.10
72.68 72.80
71.54 72.05
70.69 71.30
69.55 70.60
68.21 69.95
69.10 70.15
71.09 71.35
71.14 72.00
69.30 72.45
68.11 72.20
69.95 72.85
71.29 72.30
73.18 72.75
74.72 75.80
72.09 72.75
-1.00 -1.00
5 0
0 
 3
59.81 72.45
60.30 73.40
60.60 73.65
62.39 74.50
64.53 74.95
66.37 75.85
67.46 76.85
68.66 78.00
70.79 79.85
71.94 80.90
72.63 80.85
73.83 81.35
74.82 82.60
75.66 83.40
76.66 84.20
77.40 85.05
77.85 85.85
77.50 86.25
76.31 86.55
75.91 86.60
74.62 85.15
72.48 83.15
71.19 82.40
69.60 80.40
69.00 79.10
67.66 77.15
66.27 76.10
64.53 75.20
62.39 74.45
60.80 73.55
61.15 73.85
63.78 75.25
65.92 76.20
69.40 78.80
71.54 82.60
73.68 83.75
75.81 85.35
74.87 84.40
71.29 81.50
73.78 82.60
74.77 83.25
75.02 83.40
75.81 83.35
75.96 83.20
76.41 82.50
76.76 82.10
77.85 81.50
78.85 81.00
79.84 80.65
80.84 80.60
79.94 81.45
79.05 82.05
78.20 82.90
77.31 83.90
77.06 84.90
77.60 86.40
76.46 85.20
76.46 83.55
77.45 82.25
78.55 81.65
-1.00 -1.00
5 0
0 
 3
62.34 81.20
62.69 81.20
63.83 81.50
64.83 82.00
65.87 82.60
66.92 83.45
67.71 84.40
69.25 85.60
70.05 85.90
71.24 85.95
72.58 86.45
73.48 87.10
73.97 87.45
73.53 87.85
72.53 88.40
71.64 88.55
70.35 89.00
69.95 88.80
69.10 87.85
68.01 87.10
67.36 86.40
66.62 85.10
65.13 83.30
63.88 82.50
62.59 81.65
63.14 81.65
64.48 82.45
66.12 84.05
67.51 85.05
68.90 86.25
70.59 87.50
72.33 87.50
72.14 87.10
70.00 86.35
68.80 86.30
-1.00 -1.00
5 0
0 
 3
66.67 94.60
65.52 93.50
64.88 92.20
64.58 90.60
-1.00 -1.00
5 0
0 
 3
62.29 90.80
62.54 88.75
62.64 87.35
63.14 85.45
-1.00 -1.00
5 0
0 
 3
58.41 89.10
59.36 88.20
60.55 86.65
61.50 85.05
-1.00 -1.00
5 0
0 
 3
51.55 88.40
52.65 88.10
54.29 87.60
56.52 87.00
55.03 88.50
54.74 88.80
56.92 88.05
58.46 87.00
59.66 85.05
60.15 84.20
-1.00 -1.00
5 0
0 
 3
45.69 88.40
46.58 87.85
48.27 86.80
49.76 86.45
-1.00 -1.00
5 0
0 
 3
70.94 106.05
70.94 106.55
70.94 107.20
70.99 107.70
70.89 108.60
70.64 109.45
70.25 110.70
69.90 111.85
69.75 112.65
69.15 113.40
68.31 114.40
67.31 114.95
66.22 115.20
-1.00 -1.00
5 0
0 
 3
45.44 90.50
44.44 90.75
43.10 90.85
41.86 91.05
40.37 91.70
39.27 92.40
38.28 93.55
37.58 94.55
36.99 96.10
36.74 97.30
36.59 98.80
36.49 99.95
36.39 101.25
36.64 102.35
36.89 103.50
37.09 104.65
37.34 105.60
37.63 106.45
37.83 107.20
38.28 108.55
38.53 109.35
38.83 110.55
38.93 110.00
38.98 108.25
38.73 106.45
38.33 104.80
37.93 102.25
37.83 100.10
37.88 98.75
38.13 97.25
38.58 96.25
39.27 94.75
40.37 93.60
41.46 92.65
42.31 91.95
43.65 91.35
44.89 91.05
45.34 90.95
44.39 91.05
42.36 91.35
40.86 92.40
39.82 93.55
38.98 94.85
38.43 95.85
37.78 97.00
37.43 98.20
37.19 99.80
37.29 101.95
37.58 103.05
38.03 104.80
38.18 106.25
38.13 107.70
38.23 109.40
-1.00 -1.00
5 0
0 
 3
69.50 103.80
69.25 104.60
69.55 105.70
69.90 107.85
69.70 109.80
68.61 111.60
67.71 112.65
66.27 113.80
64.38 115.05
63.09 116.50
62.64 117.35
62.59 117.90
62.74 117.75
64.63 116.50
66.12 116.00
67.81 114.75
69.30 113.40
70.35 112.15
71.14 110.70
71.44 109.30
71.44 108.30
71.39 106.85
71.14 105.50
70.35 104.35
70.20 104.05
70.15 104.85
70.49 106.75
70.30 108.35
69.65 110.35
69.00 111.55
67.81 113.55
67.01 114.20
65.77 115.10
65.08 115.45
64.48 115.80
-1.00 -1.00
5 0
0 
 3
62.49 102.60
62.49 102.90
65.22 104.05
69.00 105.75
71.29 106.35
72.68 106.45
-1.00 -1.00
5 0
0 
 3
62.04 105.20
64.63 107.60
66.17 108.65
69.45 110.35
72.88 111.70
75.66 113.20
78.60 115.05
81.58 117.15
83.57 118.20
85.46 119.20
-1.00 -1.00
5 0
0 
 3
59.81 106.30
60.75 107.95
63.88 110.95
65.67 112.70
67.76 114.60
69.35 116.10
71.09 117.70
73.18 119.05
75.47 120.55
-1.00 -1.00
5 0
0 
 3
46.63 97.40
45.59 96.80
42.75 95.80
38.98 94.90
34.30 93.40
29.38 91.20
26.94 89.95
24.96 89.35
23.76 88.65
-1.00 -1.00
5 0
0 
 3
48.22 98.50
47.03 98.60
45.09 98.50
43.25 98.40
40.91 98.30
38.73 98.10
36.14 98.00
33.61 97.55
31.42 97.20
28.73 96.85
26.60 96.40
-1.00 -1.00
5 0
0 
 3
47.68 100.85
46.98 101.00
46.04 101.05
44.30 101.05
42.46 100.90
40.27 100.80
38.18 100.60
35.10 100.25
32.46 100.15
28.93 100.35
24.86 100.30
21.43 100.15
20.33 100.40
-1.00 -1.00
5 0
0 
 3
49.56 99.05
48.77 98.55
48.92 98.30
49.32 98.60
49.42 98.90
-1.00 -1.00
5 0
0 
 3
49.52 101.65
49.47 101.20
49.71 101.20
49.71 101.60
49.37 101.85
-1.00 -1.00
5 0
0 
 3
61.70 103.55
61.30 103.05
61.55 103.20
-1.00 -1.00
5 0
0 
 3
59.11 101.30
58.81 101.60
58.86 101.35
59.11 101.15
-1.00 -1.00
5 0
0 
 3
58.02 105.00
58.31 104.80
58.96 104.80
59.26 105.35
58.76 105.00
-1.00 -1.00
5 0
0 
 3
43.75 101.95
43.80 101.15
43.95 100.45
44.25 99.55
44.49 98.60
44.84 97.55
45.34 96.60
45.79 95.60
46.23 95.00
46.93 94.60
47.73 94.40
48.97 94.65
50.21 95.20
50.86 95.50
51.55 95.90
52.35 96.60
53.04 97.35
53.64 97.85
54.29 98.45
54.74 98.95
54.93 99.30
54.98 100.05
54.88 101.25
54.54 102.10
54.04 102.95
53.84 103.35
53.94 103.15
54.44 101.95
54.78 101.00
54.98 100.40
55.58 99.45
56.18 98.85
56.72 98.55
57.97 98.45
58.91 98.20
59.96 98.45
60.95 98.75
61.99 99.10
62.94 99.55
63.93 100.35
64.73 101.20
65.03 102.15
65.13 103.60
64.98 105.05
64.48 106.05
63.14 107.15
61.99 107.60
61.74 107.60
-1.00 -1.00
5 0
0 
 3
45.54 112.00
45.69 111.20
45.79 110.20
45.64 109.35
45.14 108.65
44.25 108.20
43.55 108.10
42.70 108.25
42.41 108.55
42.06 108.95
41.66 109.50
41.36 109.95
41.36 110.35
-1.00 -1.00
5 0
0 
 3
58.17 118.20
58.17 117.70
58.36 116.90
58.56 116.45
58.81 115.55
58.86 114.70
58.66 114.50
58.07 114.00
57.32 113.60
56.62 113.25
55.78 113.20
55.38 113.35
54.93 113.60
54.39 114.10
53.99 114.70
53.89 114.95
53.69 115.40
53.64 115.80
-1.00 -1.00
5 0
0 
 3
56.03 110.80
55.73 110.95
55.53 111.15
54.83 111.60
54.29 112.15
53.79 112.65
53.04 113.25
52.30 114.10
51.70 115.05
51.21 116.20
50.71 117.45
50.46 118.45
50.41 119.40
50.61 120.25
50.96 120.50
52.00 121.20
52.85 121.40
53.44 121.30
54.24 121.00
54.83 120.80
55.28 120.60
55.83 120.25
-1.00 -1.00
5 0
0 
 3
40.52 113.25
40.72 113.80
41.06 114.20
41.41 114.80
41.91 115.25
42.46 115.75
43.10 116.20
43.70 116.55
44.49 116.80
44.89 116.80
45.79 116.80
46.38 116.70
46.93 116.45
47.58 116.10
47.92 115.70
48.52 114.60
48.87 113.60
49.22 112.60
49.37 111.70
49.32 110.85
49.12 110.05
48.97 109.05
48.82 108.35
48.62 107.90
48.37 107.25
48.22 106.80
47.97 106.20
47.82 105.35
48.12 104.65
48.67 104.00
49.22 103.90
49.66 104.05
49.81 104.35
49.96 104.75
50.11 105.10
50.41 105.60
50.66 106.05
51.06 106.00
51.65 105.60
52.85 105.05
53.39 104.70
53.99 104.25
54.78 104.40
55.38 104.80
55.83 105.85
55.68 106.70
55.38 107.80
55.63 108.20
56.28 108.20
56.72 107.90
57.87 107.90
58.36 108.60
58.02 110.00
57.22 110.55
56.38 110.80
54.49 110.90
52.85 110.70
51.21 110.15
49.86 109.50
49.17 108.90
48.57 108.25
48.12 107.50
48.02 107.15
-1.00 -1.00
5 0
0 
 3
39.67 118.90
39.77 119.35
40.07 119.95
40.42 120.40
40.86 120.75
41.76 120.90
43.15 121.25
44.49 121.30
45.49 121.35
46.38 121.45
47.43 122.00
48.12 122.65
48.72 123.15
49.71 123.80
50.41 124.00
51.45 123.90
52.40 123.70
52.85 123.60
51.65 123.65
49.81 123.45
49.12 122.80
48.47 121.95
47.87 121.05
46.53 119.80
45.19 119.10
44.00 119.15
42.70 119.40
40.91 119.40
39.37 118.50
39.47 119.10
39.97 119.65
41.26 120.30
42.31 120.60
43.25 120.60
44.30 120.65
45.34 120.50
46.38 120.85
47.48 121.30
48.02 122.05
48.87 123.35
50.36 123.65
51.45 123.70
-1.00 -1.00
5 0
0 
 3
36.09 114.65
35.94 115.15
35.55 116.20
35.15 117.15
34.40 117.90
33.66 118.35
32.71 118.60
31.72 118.65
31.07 118.50
30.77 118.30
30.38 117.95
29.98 117.00
29.83 116.20
29.93 115.35
30.38 114.60
31.17 114.05
32.26 114.00
32.91 114.25
33.56 114.90
33.81 115.70
33.95 116.65
33.66 117.55
33.36 117.80
32.56 117.90
31.82 117.80
31.32 117.00
31.12 115.95
31.37 115.75
31.92 115.25
32.56 115.45
32.86 116.25
32.56 116.90
31.97 117.00
31.72 116.50
31.82 116.25
32.26 115.85
32.71 116.15
32.16 116.55
-1.00 -1.00
5 0
0 
 3
58.17 125.60
58.02 125.85
57.72 126.60
57.62 127.90
57.82 128.90
58.12 129.45
58.96 130.10
59.86 130.30
60.90 130.25
61.60 129.95
61.99 129.65
62.34 129.20
62.39 128.80
62.29 128.15
61.99 127.40
61.79 126.80
61.40 126.00
60.90 125.80
60.00 125.95
59.26 125.85
58.71 125.55
58.56 125.40
58.02 127.25
58.02 128.85
58.46 128.10
58.61 126.45
59.21 130.00
59.31 128.05
59.41 126.35
59.66 129.05
59.86 128.25
60.00 126.20
60.60 129.10
60.70 127.10
61.00 128.05
61.20 129.10
61.40 127.50
-1.00 -1.00
5 0
0 
 3
46.53 84.70
46.08 84.80
45.44 84.90
44.20 85.45
43.35 85.65
43.85 84.65
42.70 85.20
42.21 85.30
40.47 86.15
40.17 86.30
40.82 85.10
41.46 84.10
41.26 84.05
39.57 85.40
38.43 86.75
37.98 88.05
37.83 87.55
37.68 86.05
37.78 84.05
37.68 83.80
36.29 86.00
35.50 89.20
35.69 91.40
35.84 92.25
35.35 90.90
34.30 87.60
34.20 86.20
33.90 86.90
33.21 89.85
33.21 92.55
33.71 95.45
34.00 96.25
33.46 94.60
32.91 91.85
32.41 90.30
32.31 90.05
31.72 91.85
31.52 95.35
31.87 98.30
32.02 99.50
31.77 99.45
30.82 98.75
30.33 96.95
30.23 95.80
29.68 97.75
29.53 100.15
30.03 102.60
31.07 104.65
31.92 106.25
32.61 107.05
33.71 108.00
34.60 109.05
34.90 109.90
34.85 110.25
34.75 110.45
34.25 110.10
32.76 109.70
32.12 109.85
30.92 110.15
30.18 110.60
29.23 111.20
28.14 112.70
27.19 114.40
27.04 115.60
27.09 116.75
27.44 118.75
27.89 119.75
28.39 120.65
29.03 121.35
30.33 122.00
31.37 122.40
32.51 122.40
33.66 121.95
34.60 121.50
35.20 120.95
36.09 120.30
36.54 120.30
37.09 121.20
37.58 122.15
37.93 122.90
38.43 123.55
39.37 124.05
40.22 124.35
42.21 124.55
43.70 124.50
44.94 124.70
45.89 125.10
46.38 125.35
47.28 125.85
48.67 127.00
49.12 127.60
50.31 128.70
50.91 129.10
52.25 129.80
52.85 129.60
53.69 129.30
54.64 129.05
55.43 129.20
56.23 130.30
56.67 131.20
57.27 131.75
58.12 132.20
59.76 132.50
60.90 132.50
62.09 132.10
63.24 131.20
63.93 130.20
64.53 129.20
65.13 127.70
64.83 126.70
64.43 125.90
63.93 124.80
63.39 124.15
63.98 122.90
65.57 121.90
66.72 121.15
68.75 120.40
69.90 120.25
71.09 119.95
72.14 119.60
70.84 119.50
70.54 119.50
72.98 118.95
74.37 117.90
75.91 116.80
76.61 116.30
76.56 116.05
74.32 115.80
72.68 115.65
73.53 115.40
74.62 114.75
75.52 114.15
76.06 112.85
76.76 112.00
77.26 111.75
-1.00 -1.00
5 0
0 
 3
45.19 87.00
45.49 86.45
46.04 86.00
46.78 85.60
47.73 85.40
49.02 85.20
50.16 85.15
50.36 85.25
48.72 85.60
46.73 86.50
45.39 87.00
-1.00 -1.00
5 0
0 
 3
79.64 66.55
80.09 66.45
80.59 66.20
80.84 66.10
81.13 66.10
81.48 65.95
81.83 65.80
82.13 65.60
82.48 65.40
82.77 65.15
83.07 64.85
83.37 64.60
83.82 64.05
84.12 63.50
84.36 63.20
84.51 62.50
84.71 61.80
84.76 61.00
84.76 60.40
84.71 60.10
84.66 59.80
84.51 59.25
84.17 58.60
84.02 58.35
83.82 58.15
83.37 57.70
82.77 57.20
82.33 56.90
81.93 56.60
81.28 56.15
80.93 55.80
80.54 55.45
80.04 55.00
79.79 54.65
80.09 55.50
80.54 56.20
80.84 56.80
81.03 57.35
81.08 57.80
81.03 58.60
80.84 59.25
80.54 60.20
80.34 60.50
79.89 61.00
79.24 61.65
79.10 61.80
79.34 61.65
79.94 60.85
80.49 59.80
80.74 58.80
80.59 57.75
80.44 56.65
79.99 55.70
79.59 55.20
78.95 54.55
78.10 54.20
77.16 54.10
76.36 54.10
76.86 54.65
77.55 54.65
77.11 55.00
76.96 55.70
76.96 56.20
76.51 57.60
76.16 58.45
75.76 59.15
75.57 59.30
76.11 59.25
76.96 58.40
77.26 57.35
77.21 55.95
77.16 55.10
76.56 54.50
75.71 54.20
74.32 53.80
73.78 53.85
72.43 53.95
70.89 53.95
69.40 54.15
67.76 54.05
66.32 53.85
64.13 53.30
62.89 53.40
61.94 53.50
60.55 53.50
58.31 53.40
56.38 53.15
55.23 53.10
54.19 53.20
53.59 53.25
53.34 53.40
53.19 53.65
53.54 53.75
54.19 53.80
54.19 54.05
53.44 55.25
53.29 56.40
53.19 57.30
53.09 58.20
53.19 58.85
52.75 58.45
52.35 57.60
52.25 56.40
52.50 55.35
52.75 54.65
53.34 54.00
52.95 54.40
52.75 55.90
53.09 57.70
52.70 56.80
52.60 55.45
52.65 54.40
52.00 53.85
50.41 53.75
49.86 53.70
48.87 53.60
47.13 53.55
45.84 53.40
44.69 53.30
43.00 53.15
41.91 53.00
41.36 53.00
40.67 53.00
40.17 53.00
39.57 52.90
39.12 52.90
38.48 52.95
37.68 52.90
36.59 52.85
35.45 52.80
34.70 52.85
33.81 53.05
32.91 53.30
32.12 53.70
31.22 54.20
30.42 55.00
30.03 55.75
29.78 56.45
29.58 57.10
29.23 58.05
29.03 59.30
29.03 60.05
29.13 61.10
29.53 62.20
29.98 63.15
30.28 63.65
30.62 64.05
31.12 64.45
31.77 64.95
32.76 65.45
33.46 65.65
34.40 65.80
35.35 66.00
36.79 66.55
38.03 66.85
39.62 67.40
41.01 67.65
42.41 67.70
44.05 67.40
45.24 67.05
46.43 66.40
47.23 65.90
47.92 65.25
48.37 64.95
48.72 65.30
48.72 65.50
48.17 65.65
47.58 66.25
46.88 66.65
45.99 67.40
44.99 67.85
44.10 68.10
42.80 68.20
42.11 68.35
41.51 69.10
41.96 69.20
42.85 69.15
44.20 68.55
45.19 68.00
45.89 67.55
46.08 67.60
45.84 68.20
44.94 68.70
44.20 68.95
43.20 69.15
42.31 69.10
42.06 69.20
42.36 70.35
42.65 71.00
43.15 71.90
43.65 72.50
44.74 73.25
45.64 73.55
46.93 73.55
48.47 73.50
49.71 73.50
48.77 74.40
47.68 75.25
46.83 76.25
46.58 75.90
46.88 75.10
48.02 73.80
47.58 74.00
46.68 75.70
46.68 77.00
46.68 77.65
46.38 79.25
46.23 80.30
46.28 81.85
46.38 83.30
46.33 83.80
46.23 83.40
46.23 82.05
46.93 80.85
47.63 80.25
48.62 79.45
50.06 78.65
51.01 78.40
52.65 78.15
54.09 78.00
55.28 77.80
54.93 77.40
54.24 77.30
52.70 77.65
51.11 77.80
49.76 77.95
48.22 78.10
47.68 78.90
47.43 79.35
48.67 79.00
49.37 78.45
48.22 79.95
46.53 80.20
46.28 79.65
46.43 80.90
46.28 82.00
46.13 83.25
46.04 84.75
45.89 85.25
-1.00 -1.00
5 0
0 
 -1
