gremlinfile
0 48.00 36.00
3
146.75 90.63
147.45 88.50
148.05 87.19
148.12 86.71
148.59 85.46
148.78 84.96
148.51 82.11
147.85 79.46
147.10 77.13
146.71 75.38
146.62 74.32
-1.00 -1.00
5 0
0 
 3
145.69 83.80
146.94 83.75
148.45 84.00
-1.00 -1.00
5 0
0 
 3
143.97 90.48
146.36 90.73
149.54 91.21
150.00 91.36
-1.00 -1.00
5 0
0 
 3
143.31 90.50
143.41 90.48
143.33 90.17
144.02 85.42
143.87 80.21
143.54 76.65
143.48 74.59
143.70 73.61
143.89 73.65
144.08 73.65
147.04 74.40
148.92 74.97
-1.00 -1.00
5 0
0 
 3
131.03 83.17
135.01 83.67
138.18 84.19
140.04 84.34
-1.00 -1.00
5 0
0 
 3
132.71 86.63
136.68 86.92
139.17 87.30
141.57 87.36
-1.00 -1.00
5 0
0 
 3
141.12 79.82
140.99 81.82
140.72 83.59
140.39 84.05
140.95 85.36
142.07 87.71
142.17 88.02
141.12 88.84
140.02 90.27
138.34 90.02
136.23 89.67
132.85 89.00
130.70 88.88
129.44 88.88
129.85 88.05
131.36 86.80
131.80 86.27
132.13 85.94
130.99 84.55
130.43 83.11
-1.00 -1.00
5 0
0 
 3
135.21 82.75
132.92 80.48
133.66 79.01
136.79 79.46
137.97 80.59
137.84 82.07
136.19 82.73
-1.00 -1.00
5 0
0 
 3
130.80 70.65
131.84 72.32
132.27 72.90
132.58 73.67
134.84 73.99
139.67 75.22
142.13 75.67
142.40 75.67
-1.00 -1.00
5 0
0 
 3
129.62 89.19
130.14 86.52
130.41 83.82
130.53 80.42
130.76 77.86
130.87 74.59
131.16 72.70
130.93 70.78
130.87 70.51
131.76 72.34
132.73 73.84
132.85 74.09
131.84 76.05
130.53 77.57
130.53 77.69
132.56 78.05
136.81 78.46
139.31 78.80
139.87 78.88
141.10 77.94
142.73 76.13
143.08 75.74
142.63 75.22
141.16 72.99
140.78 72.38
140.70 72.36
137.10 71.72
132.42 70.63
131.36 70.38
-1.00 -1.00
5 0
0 
 3
128.65 88.61
128.75 86.05
128.75 82.96
128.73 80.09
129.00 76.86
129.15 74.38
129.19 71.78
129.17 70.15
129.08 68.84
-1.00 -1.00
5 0
0 
 3
121.26 96.69
125.92 97.48
130.51 98.42
134.26 99.29
136.00 99.71
-1.00 -1.00
5 0
0 
 3
120.70 100.04
119.46 97.36
118.44 95.65
119.83 95.00
122.19 93.77
124.40 92.04
125.90 91.38
126.12 91.29
127.28 91.71
132.85 92.65
138.98 93.13
142.32 93.17
145.96 93.77
147.18 93.96
147.76 94.13
147.43 94.38
143.48 96.38
139.42 97.88
136.91 98.98
136.00 99.27
135.50 99.54
136.13 100.42
136.83 102.31
137.72 104.29
138.03 106.31
138.55 107.39
138.57 107.52
-1.00 -1.00
5 0
0 
 3
118.17 94.38
119.10 91.04
119.46 88.17
119.62 85.00
119.75 81.30
119.39 78.17
118.94 75.11
118.40 72.92
118.36 72.84
-1.00 -1.00
5 0
0 
 3
118.52 72.34
119.56 71.72
121.61 71.09
124.51 70.20
128.15 68.95
128.67 68.86
129.98 69.01
132.77 69.20
135.59 69.70
139.98 70.11
142.07 70.49
144.91 70.88
147.04 71.57
148.76 71.97
149.32 72.11
149.42 72.22
149.57 72.22
-1.00 -1.00
5 0
0 
 3
91.09 54.72
92.27 54.16
94.11 53.68
95.89 53.26
98.60 52.76
101.38 52.72
103.70 52.81
105.27 52.85
106.18 52.95
108.65 53.10
110.76 53.24
110.68 53.28
-1.00 -1.00
5 0
0 
 3
125.13 43.43
126.39 42.31
127.59 41.89
129.08 41.73
131.01 41.45
132.56 41.41
135.15 41.79
136.50 42.10
138.61 42.97
140.29 43.56
141.72 44.89
143.56 47.16
144.97 49.56
145.26 51.81
145.13 53.47
145.03 55.51
144.70 57.82
144.20 59.55
143.00 61.87
142.30 63.12
141.36 64.07
-1.00 -1.00
5 0
0 
 3
57.64 59.89
56.98 58.62
56.42 56.93
55.49 52.91
55.05 50.18
55.22 47.39
56.54 45.22
58.78 42.68
60.52 41.04
63.17 39.18
65.14 38.25
66.73 37.58
68.72 36.89
69.88 36.50
71.66 36.91
74.39 37.71
78.35 39.00
79.65 40.16
80.98 42.00
81.15 42.18
-1.00 -1.00
5 0
0 
 3
139.58 60.57
136.46 62.26
135.59 62.82
136.75 64.70
137.87 66.84
138.69 68.36
-1.00 -1.00
5 0
0 
 3
118.69 55.97
122.40 53.16
125.50 50.97
127.32 50.12
129.11 51.81
130.89 54.60
132.52 57.55
133.54 59.37
137.14 56.05
-1.00 -1.00
5 0
0 
 3
115.96 55.14
117.01 53.85
122.11 49.93
125.40 47.31
127.95 45.97
128.07 45.81
-1.00 -1.00
5 0
0 
 3
113.20 53.24
115.89 51.31
119.27 49.41
122.21 47.91
121.84 47.06
120.66 45.52
-1.00 -1.00
5 0
0 
 3
130.80 67.88
129.21 64.91
127.08 62.18
123.58 58.74
120.66 56.97
117.01 55.22
114.22 54.26
112.15 53.74
110.86 53.35
110.05 53.14
-1.00 -1.00
5 0
0 
 3
109.58 53.39
110.34 53.03
113.33 50.81
115.44 49.31
118.59 47.02
122.17 44.56
123.62 43.33
124.51 43.45
127.43 44.77
129.85 47.04
132.03 49.56
133.93 52.06
136.48 55.64
137.91 58.22
139.85 62.09
141.41 64.89
142.09 66.49
141.90 66.74
139.98 68.57
139.15 69.30
139.23 69.36
-1.00 -1.00
5 0
0 
 3
87.52 53.89
83.92 49.58
81.23 46.31
79.72 44.66
-1.00 -1.00
5 0
0 
 3
69.09 54.43
70.65 56.49
71.68 57.62
72.16 57.41
74.70 56.18
77.81 54.39
79.39 52.68
80.11 51.72
80.21 51.56
80.17 51.20
80.28 51.01
82.72 53.28
85.41 56.10
87.25 57.89
-1.00 -1.00
5 0
0 
 3
77.19 63.68
79.47 62.18
81.58 60.91
85.18 58.80
87.19 57.74
88.89 56.70
90.63 55.22
91.33 54.51
91.58 54.18
91.38 53.70
89.57 51.29
87.63 48.16
85.47 45.27
83.22 43.29
82.24 42.56
81.56 41.98
81.52 42.27
80.32 44.72
78.93 46.39
76.94 48.22
73.15 50.81
70.50 52.89
67.25 55.03
62.65 57.62
59.61 58.93
58.66 59.32
57.04 59.72
-1.00 -1.00
5 0
0 
 3
61.45 65.86
58.80 62.97
56.65 60.12
56.67 60.03
56.48 59.10
57.95 58.85
60.48 58.01
63.13 56.80
64.72 55.91
65.18 55.66
66.77 57.47
69.32 59.64
69.38 60.01
67.64 61.78
65.34 62.70
62.84 63.55
61.62 63.89
60.25 64.18
59.53 64.30
-1.00 -1.00
5 0
0 
 3
95.31 67.68
95.41 65.61
95.74 64.20
96.78 63.47
97.57 62.51
99.31 61.95
102.68 61.99
105.79 62.05
109.08 62.59
111.05 63.24
113.35 64.09
114.65 65.61
115.29 66.95
115.50 68.93
115.54 69.78
113.97 69.78
110.96 68.97
106.08 68.49
102.85 68.30
100.40 68.20
97.98 68.11
96.24 68.22
95.56 68.38
-1.00 -1.00
5 0
0 
 3
91.06 72.17
91.19 74.84
91.29 78.17
91.21 79.44
91.06 80.17
-1.00 -1.00
5 0
0 
 3
90.22 89.48
93.47 91.15
97.26 91.40
103.39 92.13
109.12 92.56
113.20 92.71
114.51 92.69
115.48 92.75
115.87 92.21
117.01 89.65
117.41 86.48
117.32 82.05
117.09 77.96
116.78 74.82
116.43 73.34
116.29 72.84
115.09 72.26
112.15 70.93
108.21 70.30
102.60 69.74
98.13 69.34
94.38 69.32
91.98 69.63
91.60 69.76
-1.00 -1.00
5 0
0 
 3
99.47 119.97
100.16 117.60
100.38 114.58
100.22 112.48
100.20 111.62
-1.00 -1.00
5 0
0 
 3
93.09 97.79
93.76 102.94
94.07 107.00
94.32 110.50
94.23 110.48
95.19 110.43
95.60 110.41
99.64 111.18
103.92 111.60
107.36 112.10
108.09 112.14
108.27 111.29
109.35 107.52
110.36 103.37
111.38 100.71
111.59 99.96
-1.00 -1.00
5 0
0 
 3
146.42 94.36
145.92 94.69
143.50 96.27
140.16 98.10
137.45 99.85
135.57 100.83
135.73 100.96
136.60 103.35
137.35 105.14
137.66 107.52
136.83 110.04
135.48 113.10
133.60 116.81
132.29 119.14
130.76 121.45
129.29 123.06
127.03 124.81
125.98 125.18
123.74 125.85
122.62 125.93
122.15 125.99
121.84 125.95
-1.00 -1.00
5 0
0 
 3
125.05 116.00
126.12 113.31
127.06 111.02
127.78 109.62
127.92 109.48
128.24 109.12
-1.00 -1.00
5 0
0 
 3
119.04 114.62
123.66 115.91
127.74 116.70
131.38 117.81
132.11 118.18
132.44 118.29
-1.00 -1.00
5 0
0 
 3
116.58 114.33
118.69 108.89
119.70 105.58
120.04 103.83
120.18 103.64
121.55 104.04
123.87 104.67
126.99 105.29
129.33 105.91
131.69 106.46
134.12 107.41
135.48 107.87
137.10 108.27
137.64 108.41
-1.00 -1.00
5 0
0 
 3
123.70 107.87
126.87 108.73
130.02 109.83
132.36 110.64
133.06 110.85
133.81 110.18
134.10 109.58
132.56 108.87
129.04 107.46
126.04 106.89
123.72 106.44
123.35 106.37
122.77 107.35
122.81 107.56
-1.00 -1.00
5 0
0 
 3
130.24 114.56
132.27 115.29
132.46 115.43
132.38 115.68
132.11 116.77
130.89 116.62
128.73 116.29
128.15 116.02
128.69 114.77
-1.00 -1.00
5 0
0 
 3
120.33 111.43
122.85 112.04
125.05 112.62
124.86 114.04
124.84 114.45
123.18 113.98
120.97 113.58
119.48 113.41
119.06 113.23
119.60 111.62
-1.00 -1.00
5 0
0 
 3
104.38 130.64
103.80 129.10
104.15 127.99
104.98 127.51
106.33 127.62
107.38 128.78
107.71 130.57
107.28 131.74
106.10 132.20
104.94 131.64
-1.00 -1.00
5 0
0 
 3
88.08 129.87
87.13 128.43
87.19 126.62
88.08 125.68
89.59 125.70
90.88 126.78
91.35 128.68
90.96 130.24
90.15 130.80
89.49 131.05
88.29 130.68
-1.00 -1.00
5 0
0 
 3
99.00 134.59
99.12 131.28
99.18 127.41
99.31 125.12
99.39 124.14
99.51 124.18
101.15 124.28
103.97 124.43
106.84 124.37
110.26 124.76
112.27 124.99
112.93 127.20
112.93 130.39
112.19 135.70
112.12 136.03
110.20 136.11
106.64 135.68
103.88 135.61
100.69 135.68
98.77 135.41
-1.00 -1.00
5 0
0 
 3
82.20 133.39
82.08 130.78
81.89 127.39
81.97 123.45
82.10 122.76
82.43 122.70
85.18 122.08
87.48 122.04
90.26 122.29
92.45 122.81
94.05 123.28
95.37 123.51
95.33 123.85
94.98 127.08
94.71 130.16
94.54 133.59
94.90 134.97
94.29 134.91
92.39 134.86
89.43 134.51
86.30 134.24
84.52 134.14
82.41 133.95
82.06 133.91
-1.00 -1.00
5 0
0 
 3
69.42 132.55
73.03 132.84
73.26 133.03
73.61 133.24
73.30 132.82
73.01 129.55
73.13 126.39
73.23 124.83
72.90 124.39
71.02 122.66
69.09 121.99
-1.00 -1.00
5 0
0 
 3
68.45 102.89
72.88 102.83
77.23 102.44
80.69 102.02
81.64 101.85
81.52 101.33
81.58 100.48
80.05 100.60
75.53 100.73
71.72 101.52
68.80 101.98
67.46 102.17
67.31 102.21
67.19 103.08
-1.00 -1.00
5 0
0 
 3
78.20 106.10
79.59 106.00
83.49 105.87
83.82 106.00
84.13 108.00
84.00 108.08
79.82 108.27
78.99 108.41
78.62 106.77
-1.00 -1.00
5 0
0 
 3
69.09 107.46
72.01 107.29
72.43 107.31
72.68 108.41
72.90 109.08
71.18 109.10
68.26 109.56
67.29 109.87
66.94 108.41
66.67 107.58
-1.00 -1.00
5 0
0 
 3
76.53 111.04
76.26 108.91
76.03 106.54
75.51 104.62
75.24 103.89
74.97 103.27
-1.00 -1.00
5 0
0 
 3
62.03 100.48
63.15 103.60
64.00 107.41
65.39 110.79
65.53 111.23
65.55 111.37
65.66 111.35
68.10 110.98
70.52 111.06
74.17 110.89
83.34 109.73
85.85 109.91
86.38 110.08
86.61 110.08
86.65 109.48
85.83 106.31
85.27 102.81
85.29 99.44
85.29 98.71
85.37 98.46
-1.00 -1.00
5 0
0 
 3
55.76 102.58
56.25 101.90
58.30 100.94
62.32 100.21
66.63 99.50
73.07 98.79
79.36 97.60
84.64 96.81
90.67 96.73
95.31 96.90
99.99 97.54
104.79 98.17
110.53 98.81
117.49 100.21
122.21 101.37
128.11 103.02
132.29 103.94
135.21 104.79
137.35 105.79
138.15 106.19
138.49 106.41
-1.00 -1.00
5 0
0 
 3
57.83 94.50
60.29 98.31
61.49 99.98
-1.00 -1.00
5 0
0 
 3
79.76 94.09
81.44 96.83
82.26 98.04
-1.00 -1.00
5 0
0 
 3
83.32 76.61
83.28 75.05
84.44 73.92
85.91 73.76
86.78 74.32
87.34 75.17
87.27 76.80
86.61 77.67
85.47 77.96
84.46 77.38
83.82 76.51
-1.00 -1.00
5 0
0 
 3
89.70 81.38
85.60 80.76
82.16 80.69
81.99 80.67
-1.00 -1.00
5 0
0 
 3
82.53 78.24
86.24 78.05
88.62 78.03
88.93 78.07
88.99 78.30
90.55 80.38
91.64 81.42
90.36 82.98
89.01 85.17
89.04 85.25
88.46 85.98
85.85 85.65
83.24 85.36
80.07 84.63
79.12 84.55
78.64 84.59
80.42 82.80
81.60 80.69
81.02 80.19
79.86 78.36
-1.00 -1.00
5 0
0 
 3
88.81 74.17
88.89 77.65
89.01 78.05
-1.00 -1.00
5 0
0 
 3
81.75 69.15
83.59 69.09
87.85 69.09
90.69 68.84
-1.00 -1.00
5 0
0 
 3
79.96 72.82
83.05 73.17
85.80 73.13
88.19 73.30
88.87 73.40
90.07 71.22
91.29 69.61
91.52 69.32
90.86 67.88
89.78 66.55
89.61 66.57
85.35 67.05
83.03 66.74
81.08 66.49
79.65 66.22
-1.00 -1.00
5 0
0 
 3
79.76 73.01
80.69 71.13
81.83 69.24
81.56 68.51
80.09 67.16
79.45 66.51
-1.00 -1.00
5 0
0 
 3
78.54 66.09
78.89 68.74
79.34 72.51
79.84 77.30
79.82 81.03
79.43 83.65
79.16 84.96
79.32 84.50
81.21 81.92
81.68 81.23
80.40 79.15
79.70 78.03
-1.00 -1.00
5 0
0 
 3
69.69 75.26
71.27 75.19
74.52 75.36
76.63 75.03
76.98 75.03
-1.00 -1.00
5 0
0 
 3
76.82 73.13
77.09 70.95
76.96 68.36
76.80 66.88
76.63 66.74
75.49 66.66
75.14 66.61
74.46 66.57
-1.00 -1.00
5 0
0 
 3
74.95 84.71
76.57 84.71
76.67 84.69
76.44 82.30
76.55 79.07
76.30 77.49
76.36 77.30
-1.00 -1.00
5 0
0 
 3
68.08 81.26
69.24 77.99
69.82 76.15
69.86 75.84
69.69 75.44
68.58 71.86
67.60 68.78
67.19 67.18
67.15 66.78
67.31 66.80
67.48 66.41
67.85 66.43
70.46 66.66
72.80 66.80
74.46 66.78
74.62 66.76
75.37 69.09
76.24 72.42
76.80 74.44
77.00 75.01
77.09 75.13
75.93 77.38
74.46 81.38
73.79 83.55
73.69 84.42
73.17 84.40
70.42 83.92
67.71 83.88
-1.00 -1.00
5 0
0 
 3
55.94 89.69
55.49 83.75
55.32 76.57
55.47 73.82
55.61 73.15
-1.00 -1.00
5 0
0 
 3
62.01 82.71
61.78 77.03
61.97 72.45
62.07 68.18
62.16 66.20
-1.00 -1.00
5 0
0 
 3
66.53 84.05
66.42 78.59
66.69 75.40
66.71 70.88
66.73 68.09
66.84 65.91
-1.00 -1.00
5 0
0 
 3
64.87 85.96
64.29 76.30
64.33 72.03
64.50 68.59
64.54 65.59
-1.00 -1.00
5 0
0 
 3
61.58 100.06
59.34 96.71
58.01 94.61
57.00 92.79
57.12 92.75
58.66 91.84
60.52 90.21
62.11 88.67
64.00 87.30
65.08 86.38
65.22 86.27
65.51 86.21
65.70 86.23
70.34 86.21
75.89 86.50
80.09 86.71
84.54 87.61
86.59 88.17
88.06 88.59
-1.00 -1.00
5 0
0 
 3
64.12 64.55
66.09 64.66
71.81 65.07
76.94 65.39
83.98 65.47
88.79 65.39
90.22 65.53
90.59 65.59
90.48 65.57
90.71 66.16
91.27 68.68
91.35 68.90
91.81 69.55
92.18 70.05
91.38 70.63
91.19 71.20
91.15 72.59
91.29 74.80
91.52 77.36
91.29 78.88
91.23 80.17
92.08 81.51
92.53 82.05
92.16 82.30
91.64 83.13
91.40 84.57
91.15 86.73
90.94 88.25
90.94 88.50
90.84 88.44
89.35 89.21
87.34 90.19
84.58 91.40
82.99 92.56
80.98 93.44
79.80 94.09
78.93 94.46
79.14 94.42
79.26 94.42
79.16 94.46
77.91 94.65
72.84 94.36
68.76 94.00
64.81 93.46
61.22 93.02
59.01 92.90
57.60 92.88
56.90 92.81
-1.00 -1.00
5 0
0 
 3
53.17 73.28
53.48 72.88
56.21 70.05
59.17 67.41
61.51 65.59
63.19 64.47
-1.00 -1.00
5 0
0 
 3
68.39 120.99
67.50 120.97
64.93 119.39
62.78 117.06
60.25 113.81
58.61 110.98
57.35 107.77
56.30 104.21
55.65 101.69
54.87 98.23
53.48 93.56
52.75 89.86
52.42 86.36
52.17 83.19
52.22 79.21
52.22 75.63
52.75 73.51
53.06 72.13
-1.00 -1.00
5 0
0 
 3
69.16 120.97
67.33 119.89
67.39 119.14
68.08 118.64
71.83 117.91
75.45 117.64
79.18 117.47
82.64 117.39
86.63 117.58
91.29 117.93
97.55 118.70
103.18 119.45
109.72 120.68
114.67 121.45
119.33 122.58
122.60 123.49
124.26 123.97
124.84 124.62
124.26 125.41
122.79 125.83
121.86 126.01
-1.00 -1.00
5 0
0 
 3
118.56 141.11
119.52 139.34
120.80 136.11
121.53 132.47
121.65 128.85
121.75 126.43
121.48 124.37
121.53 123.60
-1.00 -1.00
5 0
0 
 3
70.00 135.34
69.18 133.07
68.24 129.62
68.35 125.89
68.80 122.62
69.51 120.70
70.25 119.37
70.44 118.85
-1.00 -1.00
5 0
0 
 3
64.85 135.80
64.93 135.78
66.15 135.86
68.24 135.91
71.52 135.84
75.62 135.97
79.61 135.95
83.90 136.36
92.33 137.38
105.60 139.36
111.98 140.18
114.90 140.61
120.55 141.43
122.48 141.57
122.83 142.24
122.56 145.28
122.00 147.76
121.22 150.96
120.35 153.44
119.12 155.67
116.97 158.19
114.34 159.05
110.59 159.17
105.68 159.07
98.79 158.82
91.77 158.00
84.77 156.78
76.22 155.00
73.55 154.48
70.40 153.84
67.91 152.55
66.50 150.26
65.41 147.53
64.50 144.40
63.81 141.26
63.79 138.28
64.06 136.72
64.64 135.70
-1.00 -1.00
5 0
0 
 -1
