gremlinfile
0 52.00 40.00
3
94.24 68.49
93.72 69.36
92.24 71.37
90.81 72.90
88.98 74.65
86.81 76.97
85.03 79.11
82.94 81.55
81.07 83.61
80.16 85.14
-1.00 -1.00
5 0
0 
 3
138.40 65.51
137.27 66.87
136.53 68.62
135.75 71.02
134.83 73.42
133.62 75.52
131.70 78.19
129.83 80.11
127.71 81.60
125.10 82.39
122.19 82.56
119.93 82.43
118.45 81.90
117.06 80.94
115.58 79.68
114.97 78.63
114.06 76.75
113.10 74.87
112.62 73.64
-1.00 -1.00
5 0
0 
 3
113.80 83.70
114.15 84.57
114.84 86.23
117.14 87.11
119.23 86.28
119.67 85.10
117.19 83.35
115.36 82.21
-1.00 -1.00
5 0
0 
 3
108.63 73.34
108.67 73.69
109.37 77.75
110.32 79.72
111.50 81.42
112.62 80.42
114.02 79.54
113.02 77.66
111.84 75.79
110.80 73.86
110.45 72.86
-1.00 -1.00
5 0
0 
 3
78.47 88.29
81.90 87.67
86.29 87.19
88.90 86.89
91.50 86.63
93.94 86.49
95.37 86.58
95.72 87.28
94.68 88.42
88.94 89.20
84.55 90.08
80.68 90.65
78.81 90.95
78.29 90.38
-1.00 -1.00
5 0
0 
 3
147.18 56.51
147.00 55.64
145.91 52.71
143.44 49.52
141.79 47.90
-1.00 -1.00
5 0
0 
 3
99.15 108.09
95.72 107.61
93.50 107.69
91.24 108.74
89.81 110.10
-1.00 -1.00
5 0
0 
 3
99.80 111.45
96.41 110.49
93.20 110.62
90.42 111.54
88.16 112.94
87.81 111.85
88.64 108.57
91.29 106.34
94.98 105.42
97.24 105.64
-1.00 -1.00
5 0
0 
 3
78.25 104.98
76.34 105.64
72.29 106.38
67.69 106.21
65.56 104.94
65.38 102.14
67.17 100.57
70.21 100.17
72.69 99.52
74.12 98.64
-1.00 -1.00
5 0
0 
 3
78.12 98.12
78.16 98.82
78.25 100.66
79.86 101.36
83.33 101.49
86.46 101.36
90.24 101.22
92.85 101.09
95.76 101.22
98.07 101.01
99.07 101.79
98.98 103.85
97.46 104.81
93.68 104.20
89.63 104.28
82.33 105.25
78.03 104.76
75.42 103.67
73.29 102.67
71.51 102.49
70.99 103.41
71.08 103.89
73.42 104.28
74.60 103.93
-1.00 -1.00
5 0
0 
 3
118.40 111.76
117.93 110.80
116.15 108.70
113.84 107.56
111.23 106.99
109.10 106.73
110.58 104.33
111.89 101.09
112.58 98.16
112.19 95.59
111.10 93.88
109.71 92.88
108.19 91.83
106.41 90.03
105.67 88.59
105.11 86.97
104.80 86.54
103.72 86.76
103.11 87.85
104.58 89.86
105.50 90.86
-1.00 -1.00
5 0
0 
 3
112.93 120.81
110.84 120.72
108.76 119.06
107.67 117.27
107.28 114.47
108.11 112.54
110.80 111.23
114.97 111.76
118.67 112.89
120.19 113.24
120.14 112.24
118.10 110.49
114.36 110.05
110.97 110.14
109.58 110.10
-1.00 -1.00
5 0
0 
 3
104.15 137.37
106.76 136.45
108.45 135.71
-1.00 -1.00
5 0
0 
 3
96.07 135.14
99.89 136.15
-1.00 -1.00
5 0
0 
 3
109.58 151.75
106.89 150.79
104.11 148.82
103.98 146.68
105.63 142.83
108.37 140.78
113.45 139.91
118.54 138.94
121.93 137.37
124.66 133.83
125.84 129.90
126.01 126.97
123.75 124.48
117.71 121.90
111.67 121.16
107.06 120.67
101.33 121.02
98.07 123.82
96.98 126.49
-1.00 -1.00
5 0
0 
 3
97.76 154.29
95.37 149.26
94.24 145.11
-1.00 -1.00
5 0
0 
 3
87.03 154.24
86.55 148.65
86.72 144.76
-1.00 -1.00
5 0
0 
 3
75.21 132.69
80.16 133.48
83.29 133.66
83.03 134.92
78.68 142.66
76.55 147.07
-1.00 -1.00
5 0
0 
 3
75.38 126.40
80.86 127.27
-1.00 -1.00
5 0
0 
 3
77.38 119.19
82.03 122.03
84.42 122.99
-1.00 -1.00
5 0
0 
 3
102.19 87.11
102.46 88.77
104.32 90.60
105.67 91.48
103.32 91.52
99.59 93.66
97.15 96.02
96.20 97.99
95.98 100.79
96.15 102.01
96.89 104.02
98.28 105.81
100.28 108.83
102.02 111.58
101.89 114.42
99.59 117.18
96.85 118.05
93.02 117.88
89.94 117.53
86.46 116.43
85.03 115.74
-1.00 -1.00
5 0
0 
 3
93.16 92.26
94.98 88.46
97.67 84.70
101.24 82.12
105.06 81.55
107.54 83.17
106.71 85.18
105.41 85.79
102.46 87.15
99.24 89.99
96.37 92.92
93.07 93.18
-1.00 -1.00
5 0
0 
 3
115.88 86.36
114.06 84.70
113.02 82.82
116.36 83.26
118.45 85.58
116.36 86.58
-1.00 -1.00
5 0
0 
 3
113.58 88.55
110.97 86.54
110.23 85.18
113.28 85.18
116.06 87.11
116.54 88.85
113.58 88.59
-1.00 -1.00
5 0
0 
 3
113.80 90.78
117.75 88.15
122.27 85.58
126.53 84.13
130.23 83.92
132.53 85.88
134.66 89.55
135.22 91.74
130.40 93.44
124.62 93.97
117.97 93.92
113.06 93.27
111.10 92.53
-1.00 -1.00
5 0
0 
 3
126.97 81.21
127.10 82.69
127.31 84.57
-1.00 -1.00
5 0
0 
 3
126.27 70.28
126.71 73.16
126.92 78.93
127.01 80.81
-1.00 -1.00
5 0
0 
 3
123.36 65.47
118.97 69.97
117.01 72.33
115.62 73.95
114.15 75.30
113.75 76.27
115.41 79.02
117.06 80.72
118.54 79.15
121.71 74.91
124.36 70.85
125.58 68.79
127.31 66.30
128.14 65.08
130.01 65.38
132.75 66.30
136.01 67.22
136.88 67.39
-1.00 -1.00
5 0
0 
 3
110.23 60.79
113.36 61.54
119.19 62.19
121.97 62.19
125.10 62.72
126.84 63.68
126.92 64.68
125.36 65.03
125.23 63.50
126.84 64.38
125.32 65.21
126.36 63.85
126.31 66.17
125.27 64.16
126.79 66.04
125.14 64.86
126.88 65.51
123.71 65.56
126.10 64.38
124.92 67.48
123.66 63.94
126.62 65.12
124.27 67.79
123.36 63.85
126.31 64.42
126.10 67.13
123.97 67.00
121.10 67.26
118.84 67.74
116.54 68.35
114.93 68.70
-1.00 -1.00
5 0
0 
 3
147.31 73.16
148.83 69.97
148.48 64.55
145.52 60.84
-1.00 -1.00
5 0
0 
 3
142.13 70.71
142.79 70.63
142.92 70.89
143.44 73.29
142.18 74.26
-1.00 -1.00
5 0
0 
 3
108.06 62.67
108.84 59.26
110.28 55.37
113.36 50.08
117.58 46.81
123.14 45.32
128.66 45.67
132.83 48.51
136.31 53.41
138.70 58.26
139.66 62.85
139.92 66.13
139.96 66.56
142.00 68.05
141.57 71.55
140.31 76.83
138.61 80.46
136.22 83.04
133.49 84.57
131.70 83.43
130.14 82.12
131.14 79.15
133.96 74.34
136.53 70.23
137.57 67.83
139.14 66.65
-1.00 -1.00
5 0
0 
 3
107.89 68.92
107.76 65.69
108.19 63.15
109.89 64.33
109.84 67.96
-1.00 -1.00
5 0
0 
 3
102.93 72.24
99.20 71.76
96.81 71.20
95.20 70.32
-1.00 -1.00
5 0
0 
 3
105.89 71.37
107.50 71.20
108.71 72.20
107.67 73.95
104.41 73.64
103.54 71.76
105.24 69.88
105.45 67.00
105.24 64.90
103.41 63.81
100.46 64.03
-1.00 -1.00
5 0
0 
 3
80.16 88.64
83.42 85.27
85.90 82.73
88.42 79.94
91.24 77.10
94.11 74.26
96.02 72.11
94.50 68.14
94.20 64.16
95.50 60.09
98.07 57.73
101.59 57.91
104.63 59.18
107.02 61.58
108.02 64.64
107.54 67.22
106.84 69.71
-1.00 -1.00
5 0
0 
 3
89.42 56.51
89.72 55.02
90.07 55.24
91.85 57.73
91.33 62.10
89.68 66.82
88.29 71.24
87.38 73.60
85.98 76.44
83.99 79.76
82.72 80.99
81.60 81.73
-1.00 -1.00
5 0
0 
 3
79.51 62.72
82.42 61.93
84.16 61.45
85.51 61.19
-1.00 -1.00
5 0
0 
 3
72.21 75.83
71.60 72.46
71.21 68.92
71.16 65.99
71.69 63.50
74.38 62.28
77.51 62.15
78.77 65.38
-1.00 -1.00
5 0
0 
 3
71.12 85.23
73.34 85.14
75.34 84.88
76.94 84.13
77.81 82.87
78.34 80.86
78.29 78.89
78.07 75.87
77.60 73.82
77.25 70.98
76.99 67.31
76.86 63.77
77.08 61.84
78.07 62.41
79.29 65.43
79.77 69.45
80.20 72.07
80.99 75.17
81.38 78.15
81.42 80.81
81.03 83.78
80.38 85.62
79.77 86.58
78.77 87.46
77.99 88.85
78.07 91.83
78.16 95.28
77.47 97.77
76.55 98.82
74.25 98.34
73.25 95.06
72.95 88.64
72.51 86.84
71.03 85.93
69.82 85.23
67.64 84.48
64.78 83.43
61.65 81.73
60.65 79.98
61.78 79.24
65.25 79.98
68.12 81.12
71.77 81.69
74.82 81.69
76.68 81.25
77.34 81.03
-1.00 -1.00
5 0
0 
 3
77.90 79.68
76.99 80.02
74.34 80.37
70.95 80.07
66.30 78.76
62.78 76.88
-1.00 -1.00
5 0
0 
 3
63.34 77.40
62.30 76.97
60.82 76.09
59.43 73.91
58.30 71.15
57.47 67.87
57.39 64.20
57.69 59.26
58.69 54.50
60.34 50.87
63.91 46.37
67.91 43.44
72.69 42.44
79.03 43.13
85.55 46.67
88.29 51.18
89.07 55.85
88.59 62.10
86.85 66.91
84.12 72.42
81.81 75.92
80.55 77.71
-1.00 -1.00
5 0
0 
 -1
