F 1.;1                              	1
F 10.;1                             	10
F 101.;1                            	101
F 102.;1                            	102
F 103.;1                            	103
F 106.;1                            	106
F 107.;1                            	107
F 108.;1                            	108
F 109.;1                            	109
F 11.;1                             	11
F 110.;1                            	110
F 111.;1                            	111
F 112.;1                            	112
F 113.;1                            	113
F 114.;1                            	114
F 115.;1                            	115
F 116.;1                            	116
F 117.;1                            	117
F 118.;1                            	118
F 119.;1                            	119
F 12.;1                             	12
F 120.;1                            	120
F 121.;1                            	121
F 122.;1                            	122
F 123.;1                            	123
F 124.;1                            	124
F 125.;1                            	125
F 126.;1                            	126
F 127.;1                            	127
F 128.;1                            	128
F 129.;1                            	129
F 13.;1                             	13
F 130.;1                            	130
F 131.;1                            	131
F 132.;1                            	132
F 133.;1                            	133
F 135.;1                            	135
F 136.;1                            	136
F 137.;1                            	137
F 138.;1                            	138
F 139.;1                            	139
F 14.;1                             	14
F 140.;1                            	140
F 141.;1                            	141
F 142.;1                            	142
F 143.;1                            	143
F 144.;1                            	144
F 145.;1                            	145
F 146.;1                            	146
F 147.;1                            	147
F 148.;1                            	148
F 149.;1                            	149
F 15.;1                             	15
F 150.;1                            	150
F 151.;1                            	151
F 152.;1                            	152
F 153.;1                            	153
F 154.;1                            	154
F 155.;1                            	155
F 156.;1                            	156
F 157.;1                            	157
F 158.;1                            	158
F 159.;1                            	159
F 160.;1                            	160
F 161.;1                            	161
F 162.;1                            	162
F 17.;1                             	17
F 19.;1                             	19
F 2.;1                              	2
F 20.;1                             	20
F 21.;1                             	21
F 22.;1                             	22
F 23.;1                             	23
F 24.;1                             	24
F 25.;1                             	25
F 26.;1                             	26
F 27.;1                             	27
F 28.;1                             	28
F 3.;1                              	3
F 30.;1                             	30
F 31.;1                             	31
F 32.;1                             	32
F 33.;1                             	33
F 34.;1                             	34
F 35.;1                             	35
F 36.;1                             	36
F 37.;1                             	37
F 38.;1                             	38
F 39.;1                             	39
F 4.;1                              	4
F 40.;1                             	40
F 41.;1                             	41
F 42.;1                             	42
F 43.;1                             	43
F 44.;1                             	44
F 45.;1                             	45
F 46.;1                             	46
F 47.;1                             	47
F 48.;1                             	48
F 49.;1                             	49
F 5.;1                              	5
F 50.;1                             	50
F 51.;1                             	51
F 52.;1                             	52
F 53.;1                             	53
F 54.;1                             	54
F 55.;1                             	55
F 56.;1                             	56
F 57.;1                             	57
F 58.;1                             	58
F 59.;1                             	59
F 6.;1                              	6
F 60.;1                             	60
F 61.;1                             	61
F 62.;1                             	62
F 63.;1                             	63
F 64.;1                             	64
F 65.;1                             	65
F 66.;1                             	66
F 67.;1                             	67
F 68.;1                             	68
F 69.;1                             	69
F 7.;1                              	7
F 70.;1                             	70
F 71.;1                             	71
F 72.;1                             	72
F 73.;1                             	73
F 74.;1                             	74
F 75.;1                             	75
F 76.;1                             	76
F 77.;1                             	77
F 78.;1                             	78
F 79.;1                             	79
F 8.;1                              	8
F 80.;1                             	80
F 81.;1                             	81
F 82.;1                             	82
F 83.;1                             	83
F 84.;1                             	84
F 85.;1                             	85
F 86.;1                             	86
F 87.;1                             	87
F 88.;1                             	88
F 89.;1                             	89
F 9.;1                              	9
F 90.;1                             	90
F 91.;1                             	91
F 92.;1                             	92
F 93.;1                             	93
F 94.;1                             	94
F 95.;1                             	95
F 96.;1                             	96
F 97.;1                             	97
F 98.;1                             	98
F 99.;1                             	99
