# Font /usr/lib/vfont/meteor.r.10, max width 33, max height 30
name mr
# char	width	u/d	octal
charset
\|	  17	 0	01
\^	   8	 0	01
??	  29	 3	00
rg	 115	 3	017
ct	  61	 3	020
OX	  68	 3	026
ul	  61	 3	030
!	  25	 3	041
"	  47	 3	042
#	  83	 3	043
$	  68	 3	044
%	  86	 3	045
&	  86	 3	046
'	  25	 3	047
(	  43	 3	050
)	  43	 3	051
*	  50	 3	052
+	  61	 3	053
,	  32	 3	054
-	  54	 3	055
hy	"
.	  32	 3	056
/	  54	 3	057
0	  68	 3	060
1	  68	 3	061
2	  68	 3	062
3	  68	 3	063
4	  68	 3	064
5	  68	 3	065
6	  68	 3	066
7	  68	 3	067
8	  68	 3	070
9	  68	 3	071
:	  32	 3	072
;	  32	 3	073
<	  61	 3	074
=	  58	 3	075
>	  61	 3	076
?	  65	 3	077
@	  68	 3	0100
A	  72	 3	0101
B	  68	 3	0102
C	  65	 3	0103
D	  68	 3	0104
E	  65	 3	0105
F	  61	 3	0106
G	  72	 3	0107
H	  79	 3	0110
I	  40	 3	0111
J	  58	 3	0112
K	  79	 3	0113
L	  65	 3	0114
M	 104	 3	0115
N	  79	 3	0116
O	  68	 3	0117
P	  65	 3	0120
Q	  68	 3	0121
R	  68	 3	0122
S	  58	 3	0123
T	  68	 3	0124
U	  79	 3	0125
V	  79	 3	0126
W	 119	 3	0127
X	  86	 3	0130
Y	  72	 3	0131
Z	  58	 3	0132
[	  47	 3	0133
\	  61	 3	0134
]	  47	 3	0135
^	  47	 3	0136
_	 119	 3	0137
\_	"
a	  54	 3	0141
b	  61	 3	0142
c	  54	 3	0143
d	  61	 3	0144
e	  54	 3	0145
f	  50	 3	0146
g	  61	 3	0147
h	  72	 3	0150
i	  40	 3	0151
j	  43	 3	0152
k	  72	 3	0153
l	  40	 3	0154
m	  97	 3	0155
n	  68	 3	0156
o	  58	 3	0157
p	  61	 3	0160
q	  61	 3	0161
r	  50	 3	0162
s	  47	 3	0163
t	  43	 3	0164
u	  72	 3	0165
v	  68	 3	0166
w	 104	 3	0167
x	  72	 3	0170
y	  68	 3	0171
z	  50	 3	0172
{	  61	 3	0173
|	  32	 3	0174
}	  61	 3	0175
~	  68	 3	0176
