# Font /usr/lib/vfont/nonie.i.10, max width 26, max height 30
name ni
# char	width	u/d	octal
charset
\|	  17	 0	01
\^	   8	 0	01
<-	  58	 3	030
!	  43	 3	041
"	  54	 3	042
#	  76	 3	043
$	  72	 3	044
%	  68	 3	045
&	  83	 3	046
'	  32	 3	047
(	  50	 3	050
)	  50	 3	051
*	  58	 3	052
+	  65	 3	053
,	  29	 3	054
-	  50	 3	055
hy	"
\-	"
.	  29	 3	056
/	  72	 3	057
0	  68	 3	060
1	  68	 3	061
2	  68	 3	062
3	  68	 3	063
4	  68	 3	064
5	  68	 3	065
6	  68	 3	066
7	  68	 3	067
8	  68	 3	070
9	  68	 3	071
:	  40	 3	072
;	  36	 3	073
<	  72	 3	074
=	  65	 3	075
>	  68	 3	076
?	  58	 3	077
@	  72	 3	0100
A	  61	 3	0101
B	  65	 3	0102
C	  68	 3	0103
D	  68	 3	0104
E	  65	 3	0105
F	  65	 3	0106
G	  68	 3	0107
H	  72	 3	0110
I	  32	 3	0111
J	  58	 3	0112
K	  65	 3	0113
L	  50	 3	0114
M	  94	 3	0115
N	  76	 3	0116
O	  72	 3	0117
P	  65	 3	0120
Q	  72	 3	0121
R	  65	 3	0122
S	  65	 3	0123
T	  50	 3	0124
U	  68	 3	0125
V	  61	 3	0126
W	  94	 3	0127
X	  76	 3	0130
Y	  61	 3	0131
Z	  72	 3	0132
[	  65	 3	0133
\	  43	 3	0134
]	  65	 3	0135
^	  61	 3	0136
_	  83	 3	0137
\_	"
ru	"
`	  36	 3	0140
a	  54	 3	0141
b	  61	 3	0142
c	  58	 3	0143
d	  65	 3	0144
e	  58	 3	0145
f	  47	 3	0146
g	  68	 3	0147
h	  58	 3	0150
i	  40	 3	0151
j	  47	 3	0152
k	  54	 3	0153
l	  32	 3	0154
m	  83	 3	0155
n	  58	 3	0156
o	  58	 3	0157
p	  61	 3	0160
q	  61	 3	0161
r	  47	 3	0162
s	  54	 3	0163
t	  36	 3	0164
u	  58	 3	0165
v	  50	 3	0166
w	  83	 3	0167
x	  65	 3	0170
y	  54	 3	0171
z	  58	 3	0172
{	  65	 3	0173
|	  43	 3	0174
}	  65	 3	0175
~	  68	 3	0176
