# Font /usr/lib/vfont/nonie.r.10, max width 31, max height 30
name nr
# char	width	u/d	octal
charset
\|	  17	 0	03
\^	   8	 0	03
da	  65	 3	01
*a	  65	 3	02
an	  68	 3	04
no	  61	 3	05
if	 112	 3	016
fa	  61	 3	024
te	  61	 3	025
<-	  65	 3	030
!=	  58	 3	032
<=	  61	 3	034
>=	  61	 3	035
==	  61	 3	036
!	  32	 3	041
"	  54	 3	042
#	  68	 3	043
$	  68	 3	044
%	  79	 3	045
&	  79	 3	046
'	  32	 3	047
(	  43	 3	050
)	  43	 3	051
*	  50	 3	052
+	  61	 3	053
,	  29	 3	054
-	  50	 3	055
hy	"
\-	"
.	  29	 3	056
/	  61	 3	057
0	  68	 3	060
1	  68	 3	061
2	  68	 3	062
3	  68	 3	063
4	  68	 3	064
5	  68	 3	065
6	  68	 3	066
7	  68	 3	067
8	  68	 3	070
9	  68	 3	071
:	  36	 3	072
;	  36	 3	073
<	  61	 3	074
=	  58	 3	075
>	  61	 3	076
?	  65	 3	077
@	  72	 3	0100
A	  61	 3	0101
B	  61	 3	0102
C	  72	 3	0103
D	  68	 3	0104
E	  61	 3	0105
F	  58	 3	0106
G	  72	 3	0107
H	  65	 3	0110
I	  32	 3	0111
J	  54	 3	0112
K	  65	 3	0113
L	  54	 3	0114
M	  83	 3	0115
N	  65	 3	0116
O	  68	 3	0117
P	  65	 3	0120
Q	  68	 3	0121
R	  65	 3	0122
S	  68	 3	0123
T	  61	 3	0124
U	  65	 3	0125
V	  61	 3	0126
W	  97	 3	0127
X	  68	 3	0130
Y	  61	 3	0131
Z	  65	 3	0132
[	  47	 3	0133
\	  61	 3	0134
]	  47	 3	0135
^	  47	 3	0136
_	  68	 3	0137
\_	"
ru	"
a	  61	 3	0141
b	  61	 3	0142
c	  61	 3	0143
d	  61	 3	0144
e	  65	 3	0145
f	  43	 3	0146
g	  61	 3	0147
h	  58	 3	0150
i	  25	 3	0151
j	  36	 3	0152
k	  58	 3	0153
l	  25	 3	0154
m	  76	 3	0155
n	  58	 3	0156
o	  58	 3	0157
p	  61	 3	0160
q	  61	 3	0161
r	  40	 3	0162
s	  58	 3	0163
t	  43	 3	0164
u	  58	 3	0165
v	  61	 3	0166
w	  83	 3	0167
x	  68	 3	0170
y	  61	 3	0171
z	  54	 3	0172
{	  58	 3	0173
|	  32	 3	0174
}	  58	 3	0175
~	  68	 3	0176
