# Font /usr/lib/vfont/hebrew.16, max width 45, max height 32
name hb
# char	width	u/d	octal
charset
\|	  17	 0	00
\^	   8	 0	00
fl	  41	 2	02
bu	  43	 2	07
sq	   0	 1	010
rg	  43	 3	017
ct	   0	 1	020
14	   0	 0	021
12	   0	 2	022
34	   0	 1	023
*t	   0	 0	024
*x	   0	 0	030
*z	   0	 0	036
!	  36	 2	041
"	  25	 2	042
%	  38	 3	045
&	  41	 2	046
'	  23	 0	047
(	  25	 2	050
)	  32	 2	051
+	  41	 3	053
,	  29	 0	054
-	  29	 0	055
hy	"
.	  29	 0	056
0	  32	 0	060
1	  27	 0	061
2	  32	 0	062
3	  32	 0	063
4	  32	 0	064
5	  32	 0	065
6	  32	 0	066
7	  32	 0	067
8	  32	 0	070
9	  32	 0	071
:	  32	 0	072
;	  32	 0	073
<	  38	 0	074
>	  41	 0	076
?	  41	 2	077
A	  41	 2	0101
B	  43	 2	0102
C	  41	 2	0103
D	  43	 2	0104
E	  41	 2	0105
F	  38	 2	0106
G	  29	 2	0107
H	  43	 2	0110
I	  38	 2	0111
J	  41	 2	0112
K	  43	 2	0113
L	  38	 2	0114
M	  43	 2	0115
N	  25	 2	0116
O	  23	 2	0117
P	  38	 2	0120
Q	  41	 3	0121
R	  41	 2	0122
S	  45	 2	0123
T	  45	 2	0124
U	  23	 2	0125
V	  23	 2	0126
W	  43	 2	0127
X	  45	 2	0130
Y	  20	 2	0131
Z	  23	 2	0132
[	  25	 2	0133
]	  29	 2	0135
`	  34	 2	0140
a	  41	 2	0141
b	  43	 2	0142
f	  38	 3	0146
i	  20	 2	0151
k	  43	 2	0153
l	  38	 2	0154
m	  41	 2	0155
n	  18	 2	0156
p	  38	 2	0160
s	  45	 2	0163
v	  43	 2	0166
w	  43	 2	0167
y	  38	 2	0171
|	  27	 2	0174
