# Font /usr/lib/vfont/nonie.b.10, max width 34, max height 30
name nb
# char	width	u/d	octal
charset
\|	  17	 0	01
\^	   8	 0	01
an	  68	 3	04
no	  72	 3	05
O+	  76	 3	015
if	 122	 3	016
<-	  65	 3	030
or	  68	 3	037
!	  29	 3	041
"	  54	 3	042
#	  86	 3	043
$	  68	 3	044
%	  83	 3	045
&	  79	 3	046
'	  36	 3	047
(	  47	 3	050
)	  47	 3	051
*	  61	 3	052
+	  65	 3	053
,	  36	 3	054
-	  58	 3	055
hy	"
\-	"
.	  32	 3	056
/	  65	 3	057
0	  68	 3	060
1	  68	 3	061
2	  68	 3	062
3	  68	 3	063
4	  68	 3	064
5	  68	 3	065
6	  68	 3	066
7	  68	 3	067
8	  68	 3	070
9	  68	 3	071
:	  40	 3	072
;	  40	 3	073
<	  65	 3	074
=	  68	 3	075
>	  65	 3	076
?	  65	 3	077
@	  72	 3	0100
A	  72	 3	0101
B	  68	 3	0102
C	  76	 3	0103
D	  72	 3	0104
E	  65	 3	0105
F	  61	 3	0106
G	  76	 3	0107
H	  72	 3	0110
I	  29	 3	0111
J	  58	 3	0112
K	  68	 3	0113
L	  58	 3	0114
M	  83	 3	0115
N	  68	 3	0116
O	  76	 3	0117
P	  65	 3	0120
Q	  76	 3	0121
R	  68	 3	0122
S	  72	 3	0123
T	  65	 3	0124
U	  68	 3	0125
V	  68	 3	0126
W	 104	 3	0127
X	  68	 3	0130
Y	  65	 3	0131
Z	  58	 3	0132
[	  50	 3	0133
\	  65	 3	0134
]	  50	 3	0135
^	  58	 3	0136
_	  86	 3	0137
\_	"
ru	"
a	  65	 3	0141
b	  65	 3	0142
c	  65	 3	0143
d	  65	 3	0144
e	  65	 3	0145
f	  50	 3	0146
g	  65	 3	0147
h	  65	 3	0150
i	  29	 3	0151
j	  40	 3	0152
k	  65	 3	0153
l	  29	 3	0154
m	  86	 3	0155
n	  61	 3	0156
o	  61	 3	0157
p	  65	 3	0160
q	  65	 3	0161
r	  47	 3	0162
s	  58	 3	0163
t	  43	 3	0164
u	  61	 3	0165
v	  61	 3	0166
w	  94	 3	0167
x	  65	 3	0170
y	  65	 3	0171
z	  58	 3	0172
{	  61	 3	0173
|	  36	 3	0174
}	  61	 3	0175
~	  68	 3	0176
