F 1.;1                              	1
F 10.;1                             	10
F 11.;1                             	11
F 12.;1                             	12
F 13.;1                             	13
F 14.;1                             	14
F 15.;1                             	15
F 16.;1                             	16
F 17.;1                             	17
F 18.;1                             	18
F 19.;1                             	19
F 2.;1                              	2
F 20.;1                             	20
F 21.;1                             	21
F 22.;1                             	22
F 23.;1                             	23
F 24.;1                             	24
F 25.;1                             	25
F 26.;1                             	26
F 27.;1                             	27
F 28.;1                             	28
F 29.;1                             	29
F 3.;1                              	3
F 30.;1                             	30
F 31.;1                             	31
F 32.;1                             	32
F 33.;1                             	33
F 34.;1                             	34
F 35.;1                             	35
F 36.;1                             	36
F 37.;1                             	37
F 4.;1                              	4
F 5.;1                              	5
F 6.;1                              	6
F 7.;1                              	7
F 8.;1                              	8
F 9.;1                              	9
