F 1.;1                              	1
F 10.;1                             	10
F 11.;1                             	11
F 12.;1                             	12
F 13.;1                             	13
F 14.;1                             	14
F 15.;1                             	15
F 16.;1                             	16
F 17.;1                             	17
F 18.;1                             	18
F 19.;1                             	19
F 2.;1                              	2
F 20.;1                             	20
F 21.;1                             	21
F 22.;1                             	22
F 23.;1                             	23
F 24.;1                             	24
F 25.;1                             	25
F 26.;1                             	26
F 27.;1                             	27
F 28.;1                             	28
F 3.;1                              	3
F 30.;1                             	30
F 31.;1                             	31
F 32.;1                             	32
F 33.;1                             	33
F 34.;1                             	34
F 35.;1                             	35
F 36.;1                             	36
F 37.;1                             	37
F 38.;1                             	38
F 39.;1                             	39
F 4.;1                              	4
F 40.;1                             	40
F 41.;1                             	41
F 42.;1                             	42
F 43.;1                             	43
F 45.;1                             	45
F 47.;1                             	47
F 49.;1                             	49
F 5.;1                              	5
F 50.;1                             	50
F 51.;1                             	51
F 52.;1                             	52
F 53.;1                             	53
F 54.;1                             	54
F 55.;1                             	55
F 6.;1                              	6
F 7.;1                              	7
F 8.;1                              	8
F 9.;1                              	9
