# Font /usr/imagen/fonts/raster/300/cmssb.r36
# size 12.00, first 0, last 127, res 300, mag 3.60
name Bp
ligatures ff fl fi ffl ffi 0
spacewidth 59
# char	width	u/d	octal
charset
\|	  19	 0	0200
\^	   9	 0	0200
*G	  49	 0	00
*D	  89	 2	01
*H	 109	 0	02
*L	  94	 2	03
*C	 129	 2	04
*P	 119	 0	05
*S	 119	 2	06
*U	  99	 0	07
*F	 104	 2	010
*Q	  99	 0	011
*W	  79	 2	012
id	  89	 2	013
ij	 139	 2	014
ga	 179	 2	015
aa	 179	 0	016
^	  99	 2	017
d^	 179	 2	020
hc	 179	 2	021
rn	 129	 2	022
..	 129	 2	023
~	  99	 2	024
ve	  99	 2	025
im	 179	 2	026
de	 179	 0	027
ce	 179	 0	030
tl	 179	 0	031
ar	 179	 0	032
fb	 179	 2	033
ae	 179	 2	034
oe	 179	 2	035
AE	 179	 0	036
OE	 129	 2	037
o/	  59	 1	040
!	  49	 2	041
"	  89	 2	042
fm	 149	 2	043
ft	  89	 2	044
%	 169	 2	045
&	 139	 2	046
'	  49	 2	047
(	  59	 2	050
)	  59	 2	051
*	  89	 2	052
+	 139	 2	053
,	  49	 0	054
hy	  59	 0	055
-	"
.	  49	 0	056
/	  89	 2	057
0	  89	 2	060
1	  89	 2	061
2	  89	 2	062
3	  89	 2	063
4	  89	 2	064
5	  89	 2	065
6	  89	 2	066
7	  89	 2	067
8	  89	 2	070
9	  89	 2	071
:	  49	 0	072
;	  49	 0	073
<	 179	 2	074
=	 179	 0	075
>	 179	 2	076
?	  69	 2	077
es	 139	 2	0100
A	 109	 2	0101
*A	"
B	 109	 2	0102
*B	"
C	 109	 2	0103
D	 119	 2	0104
E	 104	 2	0105
*E	"
F	  99	 2	0106
G	 129	 2	0107
H	 109	 2	0110
*Y	"
I	  59	 2	0111
*I	"
J	  79	 2	0112
K	 119	 2	0113
*K	"
L	  94	 2	0114
M	 139	 2	0115
*M	"
N	 119	 2	0116
*N	"
O	 139	 2	0117
*O	"
P	 109	 2	0120
*R	"
Q	 139	 2	0121
R	 114	 2	0122
S	 109	 2	0123
T	 119	 2	0124
*T	"
U	 109	 2	0125
V	 109	 2	0126
W	 159	 2	0127
X	 109	 2	0130
*X	"
Y	 109	 2	0131
Z	 109	 2	0132
*Z	"
[	  49	 2	0133
b"	  89	 2	0134
]	  49	 2	0135
\-	  89	 2	0136
em	 179	 0	0137
`	  49	 2	0140
a	  84	 0	0141
b	  94	 2	0142
c	  79	 0	0143
d	  94	 2	0144
e	  79	 0	0145
f	  59	 2	0146
g	  89	 0	0147
h	  89	 2	0150
i	  39	 2	0151
j	  54	 2	0152
k	  89	 2	0153
l	  39	 2	0154
m	 139	 0	0155
n	  89	 0	0156
o	  89	 0	0157
p	  94	 0	0160
q	  89	 0	0161
r	  64	 0	0162
s	  79	 0	0163
t	  69	 2	0164
u	  89	 0	0165
v	  84	 0	0166
w	 119	 0	0167
x	  79	 0	0170
y	  84	 0	0171
z	  79	 0	0172
ff	  89	 2	0173
fi	  49	 2	0174
fl	  89	 2	0175
Fi	  89	 2	0176
Fl	  89	 0	0177
