# Font /usr/imagen/fonts/raster/300/cmasc10.r36
# size 10.00, first 0, last 127, res 300, mag 3.60
name CW
spacewidth 87
# char	width	u/d	octal
charset
\|	  87	 0	0200
\^	   0	 0	0200
m.	  87	 0	00
da	  87	 2	01
*a	  87	 2	02
*b	  87	 2	03
an	  87	 2	04
no	  87	 0	05
mo	  87	 2	06
*p	  87	 2	07
*l	  87	 2	010
*g	  87	 2	011
*d	  87	 2	012
is	  87	 2	013
+-	  87	 2	014
O+	  87	 2	015
if	  87	 2	016
pd	  87	 2	017
sb	  87	 2	020
sp	  87	 2	021
ca	  87	 2	022
cu	  87	 2	023
fa	  87	 2	024
te	  87	 2	025
OX	  87	 2	026
<>	  87	 2	027
<-	  87	 2	030
->	  87	 2	031
ap	  87	 0	032
!=	  87	 2	033
<=	  87	 2	034
>=	  87	 2	035
==	  87	 2	036
or	  87	 2	037
!	  87	 2	041
"	  87	 2	042
#	  87	 2	043
$	  87	 2	044
%	  87	 2	045
&	  87	 2	046
'	  87	 2	047
(	  87	 2	050
)	  87	 2	051
*	  87	 2	052
+	  87	 2	053
,	  87	 0	054
-	  87	 0	055
hy	"
\-	"
.	  87	 0	056
/	  87	 2	057
0	  87	 2	060
1	  87	 2	061
2	  87	 2	062
3	  87	 2	063
4	  87	 2	064
5	  87	 2	065
6	  87	 2	066
7	  87	 2	067
8	  87	 2	070
9	  87	 2	071
:	  87	 2	072
;	  87	 2	073
<	  87	 2	074
=	  87	 2	075
>	  87	 2	076
?	  87	 2	077
@	  87	 2	0100
A	  87	 2	0101
B	  87	 2	0102
C	  87	 2	0103
D	  87	 2	0104
E	  87	 2	0105
F	  87	 2	0106
G	  87	 2	0107
H	  87	 2	0110
I	  87	 2	0111
J	  87	 2	0112
K	  87	 2	0113
L	  87	 2	0114
M	  87	 2	0115
N	  87	 2	0116
O	  87	 2	0117
P	  87	 2	0120
Q	  87	 2	0121
R	  87	 2	0122
S	  87	 2	0123
T	  87	 2	0124
U	  87	 2	0125
V	  87	 2	0126
W	  87	 2	0127
X	  87	 2	0130
Y	  87	 2	0131
Z	  87	 2	0132
[	  87	 2	0133
\	  87	 2	0134
]	  87	 2	0135
^	  87	 2	0136
em	  87	 0	0137
`	  87	 2	0140
a	  87	 2	0141
b	  87	 2	0142
c	  87	 2	0143
d	  87	 2	0144
e	  87	 2	0145
f	  87	 2	0146
g	  87	 2	0147
h	  87	 2	0150
i	  87	 2	0151
j	  87	 2	0152
k	  87	 2	0153
l	  87	 2	0154
m	  87	 2	0155
n	  87	 2	0156
o	  87	 2	0157
p	  87	 2	0160
q	  87	 2	0161
r	  87	 2	0162
s	  87	 2	0163
t	  87	 2	0164
u	  87	 2	0165
v	  87	 2	0166
w	  87	 2	0167
x	  87	 2	0170
y	  87	 2	0171
z	  87	 2	0172
{	  87	 2	0173
|	  87	 2	0174
}	  87	 2	0175
~	  87	 2	0176
dm	  87	 2	0177
