# Font /usr/imagen/fonts/raster/300/cmss10.r36
# size 10.00, first 0, last 127, res 300, mag 3.60
name p
ligatures ff fl fi ffl ffi 0
spacewidth 52
# char	width	u/d	octal
charset
\|	  17	 0	0200
\^	   8	 0	0200
*G	  43	 0	00
*D	  78	 2	01
*H	  95	 2	02
*L	  82	 2	03
*C	 113	 2	04
*P	 104	 0	05
*S	 104	 2	06
*U	  87	 2	07
*F	  91	 2	010
*Q	  87	 2	011
*W	  69	 2	012
id	  78	 2	013
ij	 122	 2	014
ga	 156	 2	015
aa	 156	 2	016
^	  87	 2	017
d^	 156	 2	020
hc	 156	 2	021
rn	 113	 2	022
..	 113	 2	023
~	  87	 2	024
ve	  87	 2	025
im	 156	 2	026
de	 156	 0	027
ce	 156	 0	030
tl	 156	 0	031
ar	 156	 0	032
fb	 156	 2	033
ae	 156	 2	034
oe	 156	 2	035
AE	 156	 2	036
OE	 113	 2	037
o/	  52	 1	040
!	  43	 2	041
"	  78	 2	042
fm	 130	 2	043
ft	  78	 2	044
%	 148	 2	045
&	 122	 2	046
'	  43	 2	047
(	  52	 2	050
)	  52	 2	051
*	  78	 2	052
+	 122	 2	053
,	  43	 0	054
hy	  52	 0	055
-	"
.	  43	 0	056
/	  78	 2	057
0	  78	 2	060
1	  78	 2	061
2	  78	 2	062
3	  78	 2	063
4	  78	 2	064
5	  78	 2	065
6	  78	 2	066
7	  78	 2	067
8	  78	 2	070
9	  78	 2	071
:	  43	 2	072
;	  43	 2	073
<	 156	 2	074
=	 156	 0	075
>	 156	 2	076
?	  61	 2	077
es	 122	 2	0100
A	  95	 2	0101
*A	"
B	  95	 2	0102
*B	"
C	  95	 2	0103
D	 104	 2	0104
E	  91	 2	0105
*E	"
F	  87	 2	0106
G	 113	 2	0107
H	  95	 2	0110
*Y	"
I	  52	 2	0111
*I	"
J	  69	 2	0112
K	 104	 2	0113
*K	"
L	  82	 2	0114
M	 122	 2	0115
*M	"
N	 104	 2	0116
*N	"
O	 122	 2	0117
*O	"
P	  95	 2	0120
*R	"
Q	 122	 2	0121
R	 100	 2	0122
S	  95	 2	0123
T	 104	 2	0124
*T	"
U	  95	 2	0125
V	  95	 2	0126
W	 139	 2	0127
X	  95	 2	0130
*X	"
Y	  95	 2	0131
Z	  95	 2	0132
*Z	"
[	  43	 2	0133
b"	  78	 2	0134
]	  43	 2	0135
\-	  78	 2	0136
em	 156	 0	0137
`	  43	 2	0140
a	  74	 2	0141
b	  82	 2	0142
c	  69	 2	0143
d	  82	 2	0144
e	  69	 2	0145
f	  52	 2	0146
g	  78	 2	0147
h	  78	 2	0150
i	  34	 2	0151
j	  47	 2	0152
k	  78	 2	0153
l	  34	 2	0154
m	 122	 2	0155
n	  78	 2	0156
o	  78	 2	0157
p	  82	 2	0160
q	  78	 2	0161
r	  56	 2	0162
s	  69	 2	0163
t	  61	 2	0164
u	  78	 2	0165
v	  74	 2	0166
w	 104	 2	0167
x	  69	 2	0170
y	  74	 2	0171
z	  69	 2	0172
ff	  78	 2	0173
fi	  43	 2	0174
fl	  78	 2	0175
Fi	  78	 2	0176
Fl	  78	 0	0177
