# Font /usr/imagen/fonts/raster/300/cmr10.r36
# size 10.00, first 0, last 127, res 300, mag 3.60
name R
ligatures ff fl fi ffl ffi 0
spacewidth 49
# char	width	u/d	octal
charset
\|	  16	 0	0200
\^	   8	 0	0200
*G	  91	 2	00
*D	 124	 2	01
*H	 116	 2	02
*L	  91	 2	03
*C	  91	 2	04
*P	 107	 2	05
*S	 107	 2	06
*U	 116	 2	07
*F	 107	 2	010
*Q	 116	 2	011
*W	 107	 2	012
id	  41	 0	013
ij	  49	 1	014
ga	  74	 2	015
aa	  74	 2	016
^	  74	 2	017
d^	  74	 2	020
hc	  74	 2	021
rn	  74	 2	022
..	  74	 2	023
~	  74	 2	024
ve	  74	 2	025
im	  74	 2	026
de	 107	 2	027
ce	 116	 0	030
tl	  46	 0	031
ar	  41	 2	032
fb	  74	 2	033
ae	  99	 0	034
oe	 116	 0	035
AE	 132	 2	036
OE	 149	 2	037
o/	  74	 2	040
!	  41	 2	041
"	  74	 2	042
fm	  29	 2	043
ft	 107	 2	044
%	 141	 2	045
&	 116	 2	046
'	  41	 2	047
(	  49	 3	050
)	  49	 3	051
*	  74	 2	052
+	 116	 2	053
pl	"
,	  41	 1	054
hy	  49	 0	055
-	"
.	  41	 0	056
/	  74	 3	057
sl	"
0	  74	 2	060
1	  74	 2	061
2	  74	 2	062
3	  74	 2	063
4	  74	 2	064
5	  74	 2	065
6	  74	 2	066
7	  74	 2	067
8	  74	 2	070
9	  74	 2	071
:	  41	 0	072
;	  41	 1	073
<	 149	 2	074
=	 149	 0	075
eq	"
>	 149	 2	076
?	  58	 2	077
es	 116	 2	0100
A	 107	 2	0101
*A	"
B	  99	 2	0102
*B	"
C	 107	 2	0103
D	 107	 2	0104
E	  99	 2	0105
*E	"
F	  95	 2	0106
G	 116	 2	0107
H	 107	 2	0110
*Y	"
I	  49	 2	0111
*I	"
J	  74	 2	0112
K	 116	 2	0113
*K	"
L	  91	 2	0114
M	 132	 2	0115
*M	"
N	 116	 2	0116
*N	"
O	 116	 2	0117
*O	"
P	  99	 2	0120
*R	"
Q	 116	 3	0121
R	 107	 2	0122
S	  83	 2	0123
T	 107	 2	0124
*T	"
U	 107	 2	0125
V	 107	 2	0126
W	 149	 2	0127
X	 107	 2	0130
*X	"
Y	 107	 2	0131
Z	  91	 2	0132
*Z	"
[	  41	 3	0133
b"	  74	 2	0134
]	  41	 3	0135
\-	  74	 0	0136
em	 149	 0	0137
`	  41	 2	0140
a	  74	 0	0141
b	  83	 2	0142
c	  66	 0	0143
d	  83	 2	0144
e	  66	 0	0145
f	  49	 2	0146
g	  74	 1	0147
h	  83	 2	0150
i	  41	 2	0151
j	  49	 3	0152
k	  83	 2	0153
l	  41	 2	0154
m	 124	 0	0155
n	  83	 0	0156
o	  74	 0	0157
p	  83	 1	0160
q	  74	 1	0161
r	  60	 0	0162
s	  58	 0	0163
t	  58	 2	0164
u	  83	 0	0165
v	  78	 0	0166
w	 107	 0	0167
x	  74	 0	0170
y	  78	 1	0171
z	  66	 0	0172
ff	  83	 2	0173
fi	  83	 2	0174
fl	  83	 2	0175
Fi	 124	 2	0176
Fl	 124	 2	0177
