# Font /usr/imagen/fonts/raster/300/cmsy10.r36
# size 10.00, first 0, last 127, res 300, mag 3.60
name S
spacewidth 49
# char	width	u/d	octal
charset
\|	  16	 0	0200
\^	   8	 0	0200
mi	 116	 0	00
m.	  41	 0	01
mu	 149	 2	02
**	  74	 0	03
\	  74	 3	04
+-	 116	 2	06
-+	 116	 2	07
O+	 149	 3	010
O-	 149	 3	011
OX	 149	 3	012
O/	 149	 3	013
O.	 149	 3	014
di	 149	 2	015
ht	  74	 1	016
bu	  74	 0	017
pe	 149	 2	020
==	 149	 0	021
ib	 149	 3	022
ip	 149	 3	023
<=	 149	 3	024
>=	 149	 3	025
(=	 149	 3	026
)=	 149	 3	027
ap	 149	 0	030
pt	 149	 0	031
sb	 149	 2	032
sp	 149	 2	033
!=	 149	 3	034
.=	 149	 2	035
((	 149	 2	036
))	 149	 2	037
<-	 149	 0	040
->	 149	 0	041
ua	  74	 3	042
da	  74	 3	043
<>	 149	 0	044
<<	 149	 2	045
>>	 149	 2	046
~=	 149	 0	047
lh	 149	 2	050
La	"
rh	 149	 2	051
Ra	"
Ua	  74	 3	052
Da	  74	 3	053
><	 149	 2	054
uL	  74	 2	055
uR	  74	 2	056
lR	 149	 0	057
fm	  37	 2	060
if	 149	 0	061
mo	  99	 2	062
!m	  99	 3	063
0/	  74	 2	064
ul	 149	 1	065
al	  99	 2	066
)(	 149	 2	067
fa	  83	 2	070
te	  83	 2	071
no	  99	 0	072
?0	  91	 2	073
?1	 107	 2	074
?2	 107	 2	075
cr	 149	 2	076
/	   0	 3	0100
A	  99	 2	0101
B	  87	 2	0102
C	  91	 2	0103
D	  85	 2	0104
E	  78	 2	0105
F	  75	 2	0106
G	 101	 3	0107
H	  91	 2	0110
I	  74	 2	0111
J	  70	 2	0112
K	 107	 2	0113
L	 107	 2	0114
M	 141	 2	0115
N	 107	 2	0116
O	  99	 2	0117
P	  79	 2	0120
Q	 124	 2	0121
R	 116	 2	0122
S	  81	 2	0123
T	  83	 2	0124
U	  95	 2	0125
V	  95	 2	0126
W	 120	 2	0127
X	 107	 2	0130
Y	 100	 3	0131
Z	 107	 2	0132
cu	 107	 2	0133
ca	 107	 2	0134
c+	 107	 2	0135
an	 107	 2	0136
or	 107	 2	0137
|-	 149	 2	0140
-|	 149	 2	0141
{	  74	 3	0146
}	  74	 3	0147
<	  49	 3	0150
>	  49	 3	0151
br	  0	 3	0152
||	  74	 3	0153
[[	  66	 3	0154
]]	  66	 3	0155
sr	 124	 3	0160
#	 124	 3	0161
gr	 124	 2	0162
is	  74	 3	0163
ux	 107	 2	0164
dx	 107	 2	0165
rx	 149	 3	0166
dm	  74	 0	0167
sc	  66	 3	0170
dg	  66	 3	0171
dd	  66	 3	0172
pp	  91	 3	0173
@	 116	 2	0174
co	 149	 3	0175
$	  74	 2	0177
