# Font /usr/src/local/imagen/fonts/raster/cmasc10.r20
# size 10.00, first 0, last 127, res 240, mag 2.00
name as
spacewidth 77
# char	width	u/d	octal
charset
\|	  77	 0	0200
\^	   0	 0	0200
m.	  77	 0	00
da	  77	 2	01
*a	  77	 2	02
*b	  77	 2	03
an	  77	 2	04
no	  77	 0	05
mo	  77	 2	06
*p	  77	 2	07
*l	  77	 2	010
*g	  77	 2	011
*d	  77	 2	012
is	  77	 2	013
+-	  77	 2	014
O+	  77	 2	015
if	  77	 2	016
pd	  77	 2	017
sb	  77	 2	020
sp	  77	 2	021
ca	  77	 2	022
cu	  77	 2	023
fa	  77	 2	024
te	  77	 2	025
OX	  77	 2	026
<>	  77	 2	027
<-	  77	 2	030
->	  77	 2	031
ap	  77	 0	032
!=	  77	 2	033
<=	  77	 2	034
>=	  77	 2	035
==	  77	 2	036
or	  77	 2	037
!	  77	 2	041
"	  77	 2	042
#	  77	 2	043
$	  77	 2	044
%	  77	 2	045
&	  77	 2	046
'	  77	 2	047
(	  77	 2	050
)	  77	 2	051
*	  77	 2	052
+	  77	 2	053
,	  77	 0	054
-	  77	 0	055
hy	"
\-	"
.	  77	 0	056
/	  77	 2	057
0	  77	 2	060
1	  77	 2	061
2	  77	 2	062
3	  77	 2	063
4	  77	 2	064
5	  77	 2	065
6	  77	 2	066
7	  77	 2	067
8	  77	 2	070
9	  77	 2	071
:	  77	 2	072
;	  77	 2	073
<	  77	 2	074
=	  77	 2	075
>	  77	 2	076
?	  77	 2	077
@	  77	 2	0100
A	  77	 2	0101
B	  77	 2	0102
C	  77	 2	0103
D	  77	 2	0104
E	  77	 2	0105
F	  77	 2	0106
G	  77	 2	0107
H	  77	 2	0110
I	  77	 2	0111
J	  77	 2	0112
K	  77	 2	0113
L	  77	 2	0114
M	  77	 2	0115
N	  77	 2	0116
O	  77	 2	0117
P	  77	 2	0120
Q	  77	 2	0121
R	  77	 2	0122
S	  77	 2	0123
T	  77	 2	0124
U	  77	 2	0125
V	  77	 2	0126
W	  77	 2	0127
X	  77	 2	0130
Y	  77	 2	0131
Z	  77	 2	0132
[	  77	 2	0133
\	  77	 2	0134
]	  77	 2	0135
^	  77	 2	0136
em	  77	 0	0137
`	  77	 2	0140
a	  77	 2	0141
b	  77	 2	0142
c	  77	 2	0143
d	  77	 2	0144
e	  77	 2	0145
f	  77	 2	0146
g	  77	 2	0147
h	  77	 2	0150
i	  77	 2	0151
j	  77	 2	0152
k	  77	 2	0153
l	  77	 2	0154
m	  77	 2	0155
n	  77	 2	0156
o	  77	 2	0157
p	  77	 2	0160
q	  77	 2	0161
r	  77	 2	0162
s	  77	 2	0163
t	  77	 2	0164
u	  77	 2	0165
v	  77	 2	0166
w	  77	 2	0167
x	  77	 2	0170
y	  77	 2	0171
z	  77	 2	0172
{	  77	 2	0173
|	  77	 2	0174
}	  77	 2	0175
~	  77	 2	0176
dm	  77	 2	0177
