# Font /usr/src/local/imagen/fonts/raster/cmssb.r12
# size 10.00, first 0, last 127, res 240, mag 1.20
name Bp
ligatures ff fl fi ffl ffi 0
spacewidth 48
# char	width	u/d	octal
charset
\|	  16	 0	0200
\^	   8	 0	0200
*G	  79	 2	00
*D	 121	 2	01
*H	 113	 2	02
*L	  76	 2	03
*C	  89	 2	04
*P	  92	 2	05
*S	 102	 2	06
*U	 113	 2	07
*F	 105	 2	010
*Q	 113	 2	011
*W	 105	 2	012
id	  33	 0	013
ij	  45	 1	014
ga	  73	 2	015
aa	  73	 2	016
^	  73	 2	017
d^	  73	 2	020
hc	  73	 2	021
rn	  73	 2	022
..	  73	 2	023
~	  73	 2	024
ve	  73	 2	025
im	  73	 2	026
de	 105	 2	027
ce	 113	 0	030
tl	  38	 0	031
ar	  33	 2	032
fb	  69	 2	033
ae	  97	 0	034
oe	 113	 0	035
AE	 119	 2	036
OE	 142	 2	037
o/	  73	 2	040
!	  40	 2	041
"	  73	 2	042
fm	  29	 2	043
ft	 105	 2	044
%	 138	 2	045
&	 113	 2	046
'	  40	 2	047
(	  48	 3	050
)	  48	 3	051
*	  73	 2	052
+	 113	 2	053
,	  40	 1	054
hy	  48	 0	055
-	"
.	  40	 0	056
/	  73	 3	057
0	  73	 2	060
1	  73	 2	061
2	  73	 2	062
3	  73	 2	063
4	  73	 2	064
5	  73	 2	065
6	  73	 2	066
7	  73	 2	067
8	  73	 2	070
9	  73	 2	071
:	  40	 0	072
;	  40	 1	073
<	 146	 2	074
=	 146	 0	075
>	 146	 2	076
?	  56	 2	077
es	 113	 2	0100
A	  92	 2	0101
*A	"
B	  90	 2	0102
*B	"
C	  89	 2	0103
D	  98	 2	0104
E	  87	 2	0105
*E	"
F	  83	 2	0106
G	 105	 2	0107
H	  92	 2	0110
*Y	"
I	  48	 2	0111
*I	"
J	  66	 2	0112
K	 100	 2	0113
*K	"
L	  79	 2	0114
M	 116	 2	0115
*M	"
N	 100	 2	0116
*N	"
O	 113	 2	0117
*O	"
P	  90	 2	0120
*R	"
Q	 113	 3	0121
R	  94	 2	0122
S	  89	 2	0123
T	  98	 2	0124
*T	"
U	  92	 2	0125
V	  92	 2	0126
W	 132	 2	0127
X	  92	 2	0130
*X	"
Y	  92	 2	0131
Z	  89	 2	0132
*Z	"
[	  40	 3	0133
b"	  73	 2	0134
]	  40	 3	0135
\-	  73	 0	0136
em	 146	 0	0137
`	  40	 2	0140
a	  69	 0	0141
b	  77	 2	0142
c	  64	 0	0143
d	  77	 2	0144
e	  64	 0	0145
f	  48	 2	0146
g	  73	 1	0147
h	  74	 2	0150
i	  33	 2	0151
j	  45	 3	0152
k	  74	 2	0153
l	  33	 2	0154
m	 115	 0	0155
n	  74	 0	0156
o	  73	 0	0157
p	  77	 1	0160
q	  73	 1	0161
r	  59	 0	0162
s	  64	 0	0163
t	  56	 2	0164
u	  74	 0	0165
v	  70	 0	0166
w	  98	 0	0167
x	  66	 0	0170
y	  70	 1	0171
z	  64	 0	0172
ff	  81	 2	0173
fi	  74	 2	0174
fl	  74	 2	0175
Fi	 115	 2	0176
Fl	 115	 2	0177
