# Font /usr/src/local/imagen/fonts/raster/cmbti.r40
# size 10.00, first 0, last 127, res 240, mag 4.00
name BT
ligatures ff fl fi ffl ffi 0
spacewidth 58
# char	width	u/d	octal
charset
\|	  19	 0	0200
\^	   9	 0	0200
*G	 100	 2	00
*D	 133	 2	01
*H	 125	 2	02
*L	 100	 2	03
*C	 100	 2	04
*P	 116	 2	05
*S	 116	 2	06
*U	 125	 2	07
*F	 116	 2	010
*Q	 125	 2	011
*W	 116	 2	012
id	  50	 0	013
ij	  58	 1	014
ga	  83	 2	015
aa	  83	 2	016
^	  83	 2	017
d^	  83	 2	020
hc	  83	 2	021
rn	  83	 2	022
..	  83	 2	023
~	  83	 2	024
ve	  83	 2	025
im	  83	 2	026
de	 116	 2	027
ce	 125	 0	030
tl	  59	 0	031
ar	  50	 2	032
fb	  91	 3	033
ae	 116	 0	034
oe	 116	 0	035
AE	 141	 2	036
OE	 158	 2	037
o/	  83	 2	040
!	  50	 2	041
"	  83	 2	042
%	 150	 2	045
&	 116	 2	046
'	  50	 2	047
(	  58	 3	050
)	  58	 3	051
*	  83	 2	052
+	 125	 2	053
,	  50	 1	054
hy	  58	 0	055
-	"
.	  50	 0	056
/	  83	 3	057
0	  83	 2	060
1	  83	 2	061
2	  83	 2	062
3	  83	 2	063
4	  83	 3	064
5	  83	 2	065
6	  83	 2	066
7	  83	 2	067
8	  83	 2	070
9	  83	 2	071
:	  50	 0	072
;	  50	 1	073
<	 158	 2	074
=	 158	 0	075
>	 158	 2	076
?	  83	 2	077
es	 125	 2	0100
A	 116	 2	0101
*A	"
B	 108	 2	0102
*B	"
C	 116	 2	0103
D	 116	 2	0104
E	 108	 2	0105
*E	"
F	 104	 2	0106
G	 125	 2	0107
H	 116	 2	0110
*Y	"
I	  58	 2	0111
*I	"
J	  83	 2	0112
K	 125	 2	0113
*K	"
L	 100	 2	0114
M	 141	 2	0115
*M	"
N	 125	 2	0116
*N	"
O	 125	 2	0117
*O	"
P	 108	 2	0120
*R	"
Q	 125	 3	0121
R	 116	 2	0122
S	  91	 2	0123
T	 116	 2	0124
*T	"
U	 116	 2	0125
V	 116	 2	0126
W	 158	 2	0127
X	 116	 2	0130
*X	"
Y	 116	 2	0131
Z	 100	 2	0132
*Z	"
[	  50	 3	0133
b"	  83	 2	0134
]	  50	 3	0135
\-	  83	 0	0136
em	 158	 0	0137
`	  50	 2	0140
a	  83	 0	0141
b	  75	 2	0142
c	  75	 0	0143
d	  83	 2	0144
e	  75	 0	0145
f	  50	 3	0146
g	  75	 1	0147
h	  83	 2	0150
i	  50	 2	0151
j	  54	 3	0152
k	  75	 2	0153
l	  41	 2	0154
m	 133	 0	0155
n	  91	 0	0156
o	  83	 0	0157
p	  83	 1	0160
q	  75	 1	0161
r	  66	 0	0162
s	  66	 0	0163
t	  54	 2	0164
u	  87	 0	0165
v	  75	 0	0166
w	 108	 0	0167
x	  75	 0	0170
y	  79	 1	0171
z	  66	 0	0172
ff	 100	 3	0173
fi	 100	 3	0174
fl	 100	 3	0175
Fi	 150	 3	0176
Fl	 150	 3	0177
