# Font /usr/src/local/imagen/fonts/raster/cmdunh.r10
# size 10.00, first 0, last 127, res 240, mag 1.00
name d
ligatures ff fl fi ffl ffi 0
spacewidth 44
# char	width	u/d	octal
charset
\|	  14	 0	0200
\^	   7	 0	0200
*G	  81	 2	00
*D	 110	 2	01
*H	 103	 2	02
*L	  81	 2	03
*C	  81	 2	04
*P	  95	 2	05
*S	  95	 2	06
*U	 103	 2	07
*F	  95	 2	010
*Q	 103	 2	011
*W	  95	 2	012
id	  36	 0	013
ij	  44	 0	014
ga	  66	 2	015
aa	  66	 2	016
^	  66	 2	017
d^	  66	 2	020
hc	  66	 2	021
rn	  66	 2	022
..	  66	 2	023
~	  66	 2	024
ve	  66	 2	025
im	  66	 2	026
de	  95	 2	027
ce	 103	 0	030
tl	  41	 0	031
ar	  36	 2	032
fb	  66	 2	033
ae	  88	 0	034
oe	 103	 0	035
AE	 118	 2	036
OE	 132	 2	037
o/	  66	 0	040
!	  36	 2	041
"	  66	 2	042
fm	  26	 2	043
ft	  95	 2	044
%	 125	 2	045
&	 103	 2	046
'	  36	 2	047
(	  44	 3	050
)	  44	 3	051
*	  66	 2	052
+	 103	 0	053
,	  36	 0	054
hy	  44	 0	055
-	"
.	  36	 0	056
/	  66	 3	057
0	  66	 2	060
1	  66	 2	061
2	  66	 2	062
3	  66	 2	063
4	  66	 2	064
5	  66	 2	065
6	  66	 2	066
7	  66	 2	067
8	  66	 2	070
9	  66	 2	071
:	  36	 0	072
;	  36	 0	073
<	 132	 2	074
=	 132	 0	075
>	 132	 2	076
?	  51	 2	077
es	 103	 2	0100
A	  95	 2	0101
*A	"
B	  88	 2	0102
*B	"
C	  95	 2	0103
D	  95	 2	0104
E	  88	 2	0105
*E	"
F	  84	 2	0106
G	 103	 2	0107
H	  95	 2	0110
*Y	"
I	  44	 2	0111
*I	"
J	  66	 2	0112
K	 103	 2	0113
*K	"
L	  81	 2	0114
M	 118	 2	0115
*M	"
N	 103	 2	0116
*N	"
O	 103	 2	0117
*O	"
P	  88	 2	0120
*R	"
Q	 103	 2	0121
R	  95	 2	0122
S	  73	 2	0123
T	  95	 2	0124
*T	"
U	  95	 2	0125
V	  95	 2	0126
W	 132	 2	0127
X	  95	 2	0130
*X	"
Y	  95	 2	0131
Z	  81	 2	0132
*Z	"
[	  36	 3	0133
b"	  66	 2	0134
]	  36	 3	0135
\-	  66	 0	0136
em	 132	 0	0137
`	  36	 2	0140
a	  66	 0	0141
b	  73	 2	0142
c	  59	 0	0143
d	  73	 2	0144
e	  59	 0	0145
f	  44	 2	0146
g	  66	 0	0147
h	  73	 2	0150
i	  36	 2	0151
j	  44	 2	0152
k	  73	 2	0153
l	  36	 2	0154
m	 110	 0	0155
n	  73	 0	0156
o	  66	 0	0157
p	  73	 0	0160
q	  66	 0	0161
r	  53	 0	0162
s	  51	 0	0163
t	  51	 0	0164
u	  73	 0	0165
v	  70	 0	0166
w	  95	 0	0167
x	  66	 0	0170
y	  70	 0	0171
z	  59	 0	0172
ff	  73	 2	0173
fi	  73	 2	0174
fl	  73	 2	0175
Fi	 110	 2	0176
Fl	 110	 2	0177
