# Font /usr/src/local/imagen/fonts/raster/cmff.r10
# size 10.00, first 0, last 127, res 240, mag 1.00
name f
ligatures ff fl fi ffl ffi 0
spacewidth 35
# char	width	u/d	octal
charset
\|	  11	 0	0200
\^	   5	 0	0200
*G	  61	 2	00
*D	  88	 2	01
*H	  82	 2	02
*L	  60	 2	03
*C	  64	 2	04
*P	  72	 2	05
*S	  75	 2	06
*U	  82	 2	07
*F	  76	 2	010
*Q	  82	 2	011
*W	  76	 2	012
id	  27	 2	013
ij	  34	 3	014
ga	  53	 2	015
aa	  53	 2	016
^	  53	 2	017
d^	  53	 2	020
hc	  53	 2	021
rn	  53	 2	022
..	  53	 2	023
~	  53	 2	024
ve	  53	 2	025
im	  53	 2	026
de	  76	 2	027
ce	  82	 0	030
tl	  27	 0	031
ar	  27	 2	032
fb	  51	 2	033
ae	  70	 2	034
oe	  82	 2	035
AE	  90	 2	036
OE	 105	 2	037
o/	  53	 2	040
!	  29	 2	041
"	  53	 2	042
fm	  21	 2	043
ft	  76	 2	044
%	 100	 2	045
&	  82	 2	046
'	  29	 2	047
(	  35	 3	050
)	  35	 3	051
*	  53	 2	052
+	  82	 0	053
,	  29	 1	054
hy	  35	 0	055
-	"
.	  29	 0	056
/	  53	 3	057
0	  53	 2	060
1	  53	 2	061
2	  53	 2	062
3	  53	 2	063
4	  53	 2	064
5	  53	 2	065
6	  53	 2	066
7	  53	 2	067
8	  53	 2	070
9	  53	 2	071
:	  29	 2	072
;	  29	 3	073
<	 106	 2	074
=	 106	 0	075
>	 106	 2	076
?	  41	 2	077
es	  82	 2	0100
A	  72	 2	0101
*A	"
B	  68	 2	0102
*B	"
C	  76	 2	0103
D	  74	 2	0104
E	  67	 2	0105
*E	"
F	  64	 2	0106
G	  81	 2	0107
H	  72	 2	0110
*Y	"
I	  35	 2	0111
*I	"
J	  50	 2	0112
K	  77	 2	0113
*K	"
L	  61	 2	0114
M	  89	 2	0115
*M	"
N	  77	 2	0116
*N	"
O	  82	 2	0117
*O	"
P	  68	 2	0120
*R	"
Q	  82	 3	0121
R	  74	 2	0122
S	  59	 2	0123
T	  74	 2	0124
*T	"
U	  72	 2	0125
V	  72	 2	0126
W	 101	 2	0127
X	  72	 2	0130
*X	"
Y	  72	 2	0131
Z	  64	 2	0132
*Z	"
[	  29	 3	0133
b"	  53	 2	0134
]	  29	 3	0135
\-	  53	 0	0136
em	 106	 0	0137
`	  29	 2	0140
a	  51	 2	0141
b	  57	 2	0142
c	  47	 2	0143
d	  57	 2	0144
e	  47	 2	0145
f	  35	 2	0146
g	  53	 3	0147
h	  56	 2	0150
i	  27	 2	0151
j	  34	 3	0152
k	  56	 2	0153
l	  27	 2	0154
m	  86	 2	0155
n	  56	 2	0156
o	  53	 2	0157
p	  57	 3	0160
q	  53	 3	0161
r	  40	 2	0162
s	  41	 2	0163
t	  41	 2	0164
u	  56	 2	0165
v	  53	 2	0166
w	  74	 2	0167
x	  50	 2	0170
y	  53	 3	0171
z	  47	 2	0172
ff	  59	 2	0173
fi	  56	 2	0174
fl	  56	 2	0175
Fi	  86	 2	0176
Fl	  86	 2	0177
