# Font /usr/src/local/imagen/fonts/raster/cmfib.r12
# size 10.00, first 0, last 127, res 240, mag 1.20
name F
ligatures ff fl fi ffl ffi 0
spacewidth 46
# char	width	u/d	octal
charset
\|	  15	 0	0200
\^	   7	 0	0200
*G	  85	 2	00
*D	 116	 2	01
*H	 108	 2	02
*L	  85	 2	03
*C	  85	 2	04
*P	 100	 2	05
*S	 100	 2	06
*U	 108	 2	07
*F	 100	 2	010
*Q	 108	 2	011
*W	 100	 2	012
id	  38	 0	013
ij	  46	 0	014
ga	  69	 2	015
aa	  69	 2	016
^	  69	 2	017
d^	  69	 2	020
hc	  69	 2	021
rn	  69	 2	022
..	  69	 2	023
~	  69	 2	024
ve	  69	 2	025
im	  69	 2	026
de	 100	 2	027
ce	 108	 0	030
tl	  43	 0	031
ar	  38	 2	032
fb	  69	 2	033
ae	  92	 0	034
oe	 108	 0	035
AE	 123	 2	036
OE	 139	 2	037
o/	  69	 2	040
!	  38	 2	041
"	  69	 2	042
fm	  27	 2	043
ft	 100	 2	044
%	 131	 2	045
&	 108	 2	046
'	  38	 2	047
(	  46	 3	050
)	  46	 3	051
*	  69	 2	052
+	 108	 2	053
,	  38	 0	054
hy	  46	 0	055
-	"
.	  38	 0	056
/	  69	 3	057
0	  69	 2	060
1	  69	 2	061
2	  69	 2	062
3	  69	 2	063
4	  69	 2	064
5	  69	 2	065
6	  69	 2	066
7	  69	 2	067
8	  69	 2	070
9	  69	 2	071
:	  38	 0	072
;	  38	 0	073
<	 139	 2	074
=	 139	 0	075
>	 139	 2	076
?	  54	 2	077
es	 108	 2	0100
A	 100	 2	0101
*A	"
B	  92	 2	0102
*B	"
C	 100	 2	0103
D	 100	 2	0104
E	  92	 2	0105
*E	"
F	  89	 2	0106
G	 108	 2	0107
H	 100	 2	0110
*Y	"
I	  46	 2	0111
*I	"
J	  69	 2	0112
K	 108	 2	0113
*K	"
L	  85	 2	0114
M	 123	 2	0115
*M	"
N	 108	 2	0116
*N	"
O	 108	 2	0117
*O	"
P	  92	 2	0120
*R	"
Q	 108	 2	0121
R	 100	 2	0122
S	  77	 2	0123
T	 100	 2	0124
*T	"
U	 100	 2	0125
V	 100	 2	0126
W	 139	 2	0127
X	 100	 2	0130
*X	"
Y	 100	 2	0131
Z	  85	 2	0132
*Z	"
[	  38	 3	0133
b"	  69	 2	0134
]	  38	 3	0135
\-	  69	 0	0136
em	 139	 0	0137
`	  38	 2	0140
a	  69	 0	0141
b	  77	 2	0142
c	  61	 0	0143
d	  77	 2	0144
e	  61	 0	0145
f	  46	 2	0146
g	  69	 0	0147
h	  77	 2	0150
i	  38	 2	0151
j	  46	 2	0152
k	  77	 2	0153
l	  38	 2	0154
m	 116	 0	0155
n	  77	 0	0156
o	  69	 0	0157
p	  77	 0	0160
q	  69	 0	0161
r	  55	 0	0162
s	  54	 0	0163
t	  54	 2	0164
u	  77	 0	0165
v	  73	 0	0166
w	 100	 0	0167
x	  69	 0	0170
y	  73	 0	0171
z	  61	 0	0172
ff	  77	 2	0173
fi	  77	 2	0174
fl	  77	 2	0175
Fi	 116	 2	0176
Fl	 116	 2	0177
