# Font /usr/src/local/imagen/fonts/raster/cmi10.r40
# size 10.00, first 0, last 127, res 240, mag 4.00
name I
ligatures ff fl fi ffl ffi 0
spacewidth 44
# char	width	u/d	octal
charset
\|	  14	 0	0200
\^	   7	 0	0200
*G	  78	 2	00
*D	 110	 2	01
*H	  97	 2	02
*L	  81	 2	03
*C	  90	 2	04
*P	 108	 2	05
*S	 103	 2	06
*U	  77	 2	07
*F	  88	 2	010
*Q	  84	 2	011
*W	  93	 2	012
*a	  84	 0	013
*b	  75	 3	014
*g	  71	 1	015
*d	  55	 2	016
*e	  54	 0	017
*z	  45	 3	020
*y	  71	 1	021
*h	  59	 2	022
*i	  47	 0	023
*k	  76	 0	024
*l	  77	 2	025
*m	  80	 1	026
*n	  69	 0	027
*c	  66	 3	030
*p	  74	 0	031
*r	  67	 1	032
*s	  72	 0	033
*t	  50	 0	034
*u	  79	 0	035
*f	  79	 3	036
*x	  83	 1	037
id	  43	 0	040
!	  36	 2	041
"	  66	 2	042
el	  55	 2	043
Fi	 132	 3	044
pd	  77	 2	045
&	  95	 2	046
'	  36	 2	047
(	  44	 3	050
)	  44	 3	051
*	  66	 2	052
+	 103	 2	053
,	  36	 1	054
hy	  44	 0	055
-	"
.	  36	 0	056
/	  66	 3	057
0	  66	 2	060
1	  66	 2	061
2	  66	 2	062
3	  66	 2	063
4	  66	 3	064
5	  66	 2	065
6	  66	 2	066
7	  66	 2	067
8	  66	 2	070
9	  66	 2	071
:	  36	 0	072
;	  36	 1	073
<	 132	 2	074
=	 132	 0	075
>	 132	 2	076
?	  66	 2	077
id	  56	 1	0100
A	  95	 2	0101
*A	"
B	  95	 2	0102
*B	"
C	  95	 2	0103
D	 104	 2	0104
E	  95	 2	0105
*E	"
F	  82	 2	0106
G	 105	 2	0107
H	 108	 2	0110
*Y	"
I	  54	 2	0111
*I	"
J	  75	 2	0112
K	 116	 2	0113
*K	"
L	  81	 2	0114
M	 133	 2	0115
*M	"
N	 112	 2	0116
*N	"
O	 101	 2	0117
*O	"
P	  83	 2	0120
*R	"
Q	 105	 3	0121
R	  95	 2	0122
S	  79	 2	0123
T	  78	 2	0124
*T	"
U	  91	 2	0125
V	  80	 2	0126
W	 113	 2	0127
X	 110	 2	0130
*X	"
Y	  76	 2	0131
Z	  86	 2	0132
*Z	"
[	  36	 3	0133
ff	  98	 3	0134
]	  36	 3	0135
fi	  93	 3	0136
fl	  87	 3	0137
`	  36	 2	0140
a	  70	 0	0141
b	  57	 2	0142
c	  57	 0	0143
d	  69	 2	0144
e	  57	 0	0145
f	  59	 3	0146
g	  60	 1	0147
h	  76	 2	0150
i	  47	 2	0151
j	  48	 3	0152
k	  69	 2	0153
l	  39	 2	0154
m	 117	 0	0155
n	  80	 0	0156
o	  64	 0	0157
*o	"
p	  67	 1	0160
q	  59	 1	0161
r	  57	 0	0162
s	  61	 0	0163
ts	"
t	  47	 2	0164
u	  76	 0	0165
v	  64	 0	0166
w	  94	 0	0167
x	  72	 0	0170
y	  65	 1	0171
z	  61	 0	0172
*q	  86	 3	0173
*w	  82	 0	0174
?2	  94	 1	0175
?1	  79	 2	0176
Fl	 126	 3	0177
