# Font /usr/src/local/imagen/fonts/raster/cmnew.r10
# size 10.00, first 0, last 127, res 240, mag 1.00
name n
ligatures ff fl fi ffl ffi 0
spacewidth 107
# char	width	u/d	octal
charset
\|	  35	 0	0200
\^	  17	 0	0200
*G	 165	 2	00
*D	 269	 2	01
*H	 251	 2	02
*L	 154	 2	03
*C	 197	 2	04
*P	 190	 2	05
*S	 223	 2	06
*U	 251	 2	07
*F	 233	 2	010
*Q	 251	 2	011
*W	 233	 2	012
id	  68	 2	013
ij	  97	 3	014
ga	 161	 2	015
aa	 161	 2	016
^	 161	 2	017
d^	 161	 2	020
hc	 161	 2	021
rn	 161	 2	022
..	 161	 2	023
~	 161	 2	024
ve	 161	 2	025
im	 161	 2	026
de	 233	 2	027
ce	 251	 1	030
tl	  45	 0	031
ar	  68	 2	032
fb	 151	 2	033
ae	 215	 2	034
oe	 251	 2	035
AE	 255	 2	036
OE	 313	 2	037
o/	 161	 2	040
!	  89	 2	041
"	 161	 2	042
fm	  64	 2	043
ft	 233	 2	044
%	 305	 2	045
&	 251	 2	046
'	  89	 2	047
(	 107	 3	050
)	 107	 3	051
*	 161	 2	052
+	 251	 3	053
,	  89	 0	054
hy	 107	 0	055
-	"
.	  89	 0	056
/	 161	 3	057
0	 161	 2	060
1	 161	 2	061
2	 161	 2	062
3	 161	 2	063
4	 161	 2	064
5	 161	 2	065
6	 161	 2	066
7	 161	 2	067
8	 161	 2	070
9	 161	 2	071
:	  89	 2	072
;	  89	 2	073
<	 323	 3	074
=	 323	 0	075
>	 323	 3	076
?	 125	 2	077
es	 251	 2	0100
A	 190	 2	0101
*A	"
B	 194	 2	0102
*B	"
C	 197	 2	0103
D	 212	 2	0104
E	 183	 2	0105
*E	"
F	 174	 2	0106
G	 233	 2	0107
H	 190	 2	0110
*Y	"
I	 107	 2	0111
*I	"
J	 140	 2	0112
K	 208	 2	0113
*K	"
L	 165	 2	0114
M	 244	 2	0115
*M	"
N	 208	 2	0116
*N	"
O	 251	 2	0117
*O	"
P	 194	 2	0120
*R	"
Q	 251	 2	0121
R	 203	 2	0122
S	 197	 2	0123
T	 212	 2	0124
*T	"
U	 190	 2	0125
V	 190	 2	0126
W	 280	 2	0127
X	 190	 2	0130
*X	"
Y	 190	 2	0131
Z	 197	 2	0132
*Z	"
[	  89	 3	0133
b"	 161	 2	0134
]	  89	 3	0135
\-	 161	 0	0136
em	 323	 0	0137
`	  89	 2	0140
a	 151	 2	0141
b	 169	 2	0142
c	 143	 2	0143
d	 169	 2	0144
e	 143	 2	0145
f	 107	 2	0146
g	 161	 3	0147
h	 158	 2	0150
i	  68	 2	0151
j	  97	 3	0152
k	 158	 2	0153
l	  68	 2	0154
m	 248	 2	0155
n	 158	 2	0156
o	 161	 2	0157
p	 169	 3	0160
q	 161	 3	0161
r	 115	 2	0162
s	 143	 2	0163
t	 125	 2	0164
u	 158	 2	0165
v	 149	 2	0166
w	 212	 2	0167
x	 140	 2	0170
y	 149	 3	0171
z	 143	 2	0172
ff	 179	 2	0173
fi	 158	 2	0174
fl	 158	 2	0175
Fi	 248	 2	0176
Fl	 248	 2	0177
