# Font /usr/src/local/imagen/fonts/raster/cmsss.r12
# size 10.00, first 0, last 127, res 240, mag 1.20
name sp
ligatures ff fl fi ffl ffi 0
spacewidth 55
# char	width	u/d	octal
charset
\|	  18	 0	0200
\^	   9	 0	0200
*G	  87	 2	00
*D	 138	 2	01
*H	 129	 2	02
*L	  83	 2	03
*C	 101	 2	04
*P	 101	 2	05
*S	 115	 2	06
*U	 129	 2	07
*F	 119	 2	010
*Q	 129	 2	011
*W	 119	 2	012
id	  36	 2	013
ij	  50	 2	014
ga	  83	 2	015
aa	  83	 2	016
^	  83	 2	017
d^	  83	 2	020
hc	  83	 2	021
rn	  83	 2	022
..	  83	 2	023
~	  83	 2	024
ve	  83	 2	025
im	  83	 2	026
de	 119	 2	027
ce	 129	 0	030
tl	  29	 0	031
ar	  36	 2	032
fb	  78	 2	033
ae	 110	 2	034
oe	 129	 2	035
AE	 133	 2	036
OE	 161	 2	037
o/	  83	 2	040
!	  46	 2	041
"	  83	 2	042
fm	  33	 2	043
ft	 119	 2	044
%	 156	 2	045
&	 129	 2	046
'	  46	 2	047
(	  55	 3	050
)	  55	 3	051
*	  83	 2	052
+	 129	 2	053
,	  46	 0	054
hy	  55	 0	055
-	"
.	  46	 0	056
/	  83	 3	057
0	  83	 2	060
1	  83	 2	061
2	  83	 2	062
3	  83	 2	063
4	  83	 2	064
5	  83	 2	065
6	  83	 2	066
7	  83	 2	067
8	  83	 2	070
9	  83	 2	071
:	  46	 2	072
;	  46	 2	073
<	 166	 2	074
=	 166	 0	075
>	 166	 2	076
?	  64	 2	077
es	 129	 2	0100
A	 101	 2	0101
*A	"
B	 101	 2	0102
*B	"
C	 101	 2	0103
D	 110	 2	0104
E	  96	 2	0105
*E	"
F	  92	 2	0106
G	 119	 2	0107
H	 101	 2	0110
*Y	"
I	  55	 2	0111
*I	"
J	  73	 2	0112
K	 110	 2	0113
*K	"
L	  87	 2	0114
M	 129	 2	0115
*M	"
N	 110	 2	0116
*N	"
O	 129	 2	0117
*O	"
P	 101	 2	0120
*R	"
Q	 129	 2	0121
R	 106	 2	0122
S	 101	 2	0123
T	 110	 2	0124
*T	"
U	 101	 2	0125
V	 101	 2	0126
W	 147	 2	0127
X	 101	 2	0130
*X	"
Y	 101	 2	0131
Z	 101	 2	0132
*Z	"
[	  46	 3	0133
b"	  83	 2	0134
]	  46	 3	0135
\-	  83	 0	0136
em	 166	 0	0137
`	  46	 2	0140
a	  78	 2	0141
b	  87	 2	0142
c	  73	 2	0143
d	  87	 2	0144
e	  73	 2	0145
f	  55	 2	0146
g	  83	 2	0147
h	  83	 2	0150
i	  36	 2	0151
j	  50	 2	0152
k	  83	 2	0153
l	  36	 2	0154
m	 129	 2	0155
n	  83	 2	0156
o	  83	 2	0157
p	  87	 2	0160
q	  83	 2	0161
r	  59	 2	0162
s	  73	 2	0163
t	  64	 2	0164
u	  83	 2	0165
v	  78	 2	0166
w	 110	 2	0167
x	  73	 2	0170
y	  78	 2	0171
z	  73	 2	0172
ff	  92	 2	0173
fi	  83	 2	0174
fl	  83	 2	0175
Fi	 129	 2	0176
Fl	 129	 2	0177
