# Font /usr/src/local/imagen/fonts/raster/cmtitl.r10
# size 14.00, first 0, last 127, res 240, mag 1.00
name ti
ligatures ff fl fi ffl ffi 0
spacewidth 90
# char	width	u/d	octal
charset
\|	  30	 0	0200
\^	  15	 0	0200
*G	 153	 2	00
*D	 226	 2	01
*H	 211	 2	02
*L	 149	 2	03
*C	 166	 2	04
*P	 179	 2	05
*S	 192	 2	06
*U	 211	 2	07
*F	 196	 2	010
*Q	 211	 2	011
*W	 196	 2	012
id	  66	 0	013
ij	  86	 1	014
ga	 136	 2	015
aa	 136	 2	016
^	 136	 2	017
d^	 136	 2	020
hc	 136	 2	021
rn	 136	 2	022
..	 136	 2	023
~	 136	 2	024
ve	 136	 2	025
im	 136	 2	026
de	 196	 2	027
ce	 211	 1	030
tl	  79	 0	031
ar	  66	 2	032
fb	 131	 2	033
ae	 181	 0	034
oe	 211	 0	035
AE	 229	 2	036
OE	 267	 2	037
o/	 136	 3	040
!	  75	 2	041
"	 136	 2	042
fm	  54	 2	043
ft	 196	 2	044
%	 257	 2	045
&	 211	 2	046
'	  75	 2	047
(	  90	 2	050
)	  90	 2	051
*	 136	 2	052
+	 211	 2	053
,	  75	 1	054
hy	  90	 0	055
-	"
.	  75	 0	056
/	 136	 2	057
0	 136	 2	060
1	 136	 2	061
2	 136	 2	062
3	 136	 2	063
4	 136	 2	064
5	 136	 2	065
6	 136	 2	066
7	 136	 2	067
8	 136	 2	070
9	 136	 2	071
:	  75	 0	072
;	  75	 1	073
<	 272	 2	074
=	 272	 2	075
>	 272	 2	076
?	 105	 2	077
es	 211	 2	0100
A	 179	 2	0101
*A	"
B	 172	 2	0102
*B	"
C	 166	 2	0103
D	 188	 2	0104
E	 168	 2	0105
*E	"
F	 161	 2	0106
G	 196	 2	0107
H	 179	 2	0110
*Y	"
I	  90	 2	0111
*I	"
J	 127	 2	0112
K	 194	 2	0113
*K	"
L	 153	 2	0114
M	 224	 2	0115
*M	"
N	 194	 2	0116
*N	"
O	 211	 2	0117
*O	"
P	 172	 2	0120
*R	"
Q	 211	 3	0121
R	 180	 2	0122
S	 166	 2	0123
T	 188	 2	0124
*T	"
U	 179	 2	0125
V	 179	 2	0126
W	 255	 2	0127
X	 179	 2	0130
*X	"
Y	 179	 2	0131
Z	 166	 2	0132
*Z	"
[	  75	 2	0133
b"	 136	 2	0134
]	  75	 2	0135
\-	 136	 0	0136
em	 272	 0	0137
`	  75	 2	0140
a	 131	 0	0141
b	 146	 2	0142
c	 121	 0	0143
d	 146	 2	0144
e	 121	 0	0145
f	  90	 2	0146
g	 136	 1	0147
h	 142	 2	0150
i	  66	 2	0151
j	  86	 3	0152
k	 142	 2	0153
l	  66	 2	0154
m	 218	 0	0155
n	 142	 0	0156
o	 136	 0	0157
p	 146	 1	0160
q	 136	 1	0161
r	 111	 0	0162
s	 121	 0	0163
t	 105	 2	0164
u	 142	 0	0165
v	 135	 0	0166
w	 188	 0	0167
x	 127	 0	0170
y	 135	 1	0171
z	 121	 0	0172
ff	 151	 2	0173
fi	 142	 2	0174
fl	 142	 2	0175
Fi	 218	 2	0176
Fl	 218	 2	0177
