gremlinfile
1 80.00 64.00
3
72.00 64.00
80.00 64.00
-1.00 -1.00
5 0
0 
 3
72.00 72.00
80.00 72.00
-1.00 -1.00
5 0
0 
 3
72.00 80.00
80.00 80.00
-1.00 -1.00
5 0
0 
 3
80.00 60.00
80.00 64.00
-1.00 -1.00
6 0
0 
 3
80.00 80.00
80.00 84.00
-1.00 -1.00
6 0
0 
 3
96.00 72.00
104.00 72.00
-1.00 -1.00
5 0
0 
 4
88.00 72.00
88.00 64.00
88.00 80.00
-1.00 -1.00
6 180
0 
 3
80.00 80.00
88.00 80.00
-1.00 -1.00
6 0
0 
 3
80.00 64.00
88.00 64.00
-1.00 -1.00
6 0
0 
 3
80.00 64.06
80.00 80.00
-1.00 -1.00
6 0
0 
 -1
