gremlinfile
1 144.00 176.00
3
136.00 196.00
144.00 196.00
-1.00 -1.00
5 0
0 
 3
136.00 172.00
144.00 172.00
-1.00 -1.00
5 0
0 
 3
144.00 168.00
144.00 176.00
-1.00 -1.00
6 0
0 
 3
144.00 192.00
144.00 200.00
-1.00 -1.00
6 0
0 
 3
136.00 180.00
144.00 180.00
-1.00 -1.00
5 0
0 
 3
136.00 188.00
144.00 188.00
-1.00 -1.00
5 0
0 
 3
160.00 184.00
168.00 184.00
-1.00 -1.00
5 0
0 
 4
152.00 184.00
152.00 176.00
152.00 192.00
-1.00 -1.00
6 180
0 
 3
144.00 192.00
152.00 192.00
-1.00 -1.00
6 0
0 
 3
144.00 176.00
152.00 176.00
-1.00 -1.00
6 0
0 
 3
144.00 176.06
144.00 192.00
-1.00 -1.00
6 0
0 
 2
152.00 152.00
142.00 149.00
152.00 149.00
162.00 149.00
-1.00 -1.00
1 1
4 and4
 4
480.00 416.00
489.00 431.00
487.01 432.03
-1.00 -1.00
6 7
0 
 -1
