gremlinfile
1 128.00 12.00
3
129.86 24.03
129.86 14.00
-1.00 -1.00
5 0
0 
 3
129.86 34.06
129.86 24.03
132.65 24.03
-1.00 -1.00
5 0
0 
 3
129.86 44.08
129.86 34.06
132.65 34.06
-1.00 -1.00
5 0
0 
 3
129.86 54.11
129.86 44.08
132.65 44.08
-1.00 -1.00
5 0
0 
 3
129.86 64.14
129.86 54.11
132.65 54.11
-1.00 -1.00
5 0
0 
 3
129.86 74.17
129.86 64.14
132.65 64.14
-1.00 -1.00
5 0
0 
 3
129.86 84.19
129.86 74.17
132.65 74.17
-1.00 -1.00
5 0
0 
 3
129.86 94.22
129.86 84.19
132.65 84.19
-1.00 -1.00
5 0
0 
 3
129.86 104.25
129.86 94.22
132.65 94.22
-1.00 -1.00
5 0
0 
 3
132.65 114.00
129.86 114.00
129.86 104.25
132.65 104.25
-1.00 -1.00
5 0
0 
 3
220.11 14.00
230.14 14.00
230.14 16.79
-1.00 -1.00
5 0
0 
 3
210.08 14.00
220.11 14.00
220.11 16.79
-1.00 -1.00
5 0
0 
 3
200.06 14.00
210.08 14.00
210.08 16.79
-1.00 -1.00
5 0
0 
 3
190.03 14.00
200.06 14.00
200.06 16.79
-1.00 -1.00
5 0
0 
 3
180.00 14.00
190.03 14.00
190.03 16.79
-1.00 -1.00
5 0
0 
 3
169.97 14.00
180.00 14.00
180.00 16.79
-1.00 -1.00
5 0
0 
 3
159.94 14.00
169.97 14.00
169.97 16.79
-1.00 -1.00
5 0
0 
 3
149.92 14.00
159.94 14.00
159.94 16.79
-1.00 -1.00
5 0
0 
 3
139.89 14.00
149.92 14.00
149.92 16.79
-1.00 -1.00
5 0
0 
 3
129.86 14.00
139.89 14.00
139.89 16.79
-1.00 -1.00
5 0
0 
 -1
