gremlinfile
0 15.48 15.59
3
15.48 15.59
453.66 15.59
453.66 55.21
15.48 55.21
15.48 15.59
-1.00 -1.00
5 0
0 
 3
38.64 15.59
38.64 18.03
-1.00 -1.00
5 0
0 
 3
64.23 18.03
64.23 15.59
-1.00 -1.00
5 0
0 
 3
91.66 15.59
91.66 18.03
-1.00 -1.00
5 0
0 
 3
119.69 18.03
119.69 15.59
-1.00 -1.00
5 0
0 
 3
145.90 15.59
145.90 18.03
-1.00 -1.00
5 0
0 
 3
174.54 18.03
174.54 15.59
-1.00 -1.00
5 0
0 
 3
200.14 15.59
200.14 18.03
-1.00 -1.00
5 0
0 
 3
230.00 20.47
230.00 15.59
-1.00 -1.00
5 0
0 
 3
256.21 15.59
256.21 18.03
-1.00 -1.00
5 0
0 
 3
287.29 18.03
287.29 15.59
-1.00 -1.00
5 0
0 
 3
314.71 15.59
314.71 18.03
-1.00 -1.00
5 0
0 
 3
343.96 18.03
343.96 15.59
-1.00 -1.00
5 0
0 
 3
370.78 15.59
370.78 18.03
-1.00 -1.00
5 0
0 
 3
398.81 18.03
398.81 15.59
-1.00 -1.00
5 0
0 
 3
426.85 15.59
426.85 18.03
-1.00 -1.00
5 0
0 
 -1
