gremlinfile
0 102.99 100.78
3
102.99 100.78
102.96 103.26
-1.00 -1.00
5 0
0 
 3
84.78 119.82
83.29 119.98
-1.00 -1.00
5 0
0 
 3
92.91 98.77
92.87 100.95
-1.00 -1.00
5 0
0 
 3
95.10 98.45
95.08 100.94
-1.00 -1.00
5 0
0 
 3
103.72 109.62
103.70 112.18
-1.00 -1.00
5 0
0 
 3
101.97 108.30
102.15 110.66
-1.00 -1.00
5 0
0 
 3
90.92 108.16
90.92 111.22
-1.00 -1.00
5 0
0 
 3
99.92 107.44
99.77 109.98
-1.00 -1.00
5 0
0 
 3
95.18 107.09
95.20 109.65
-1.00 -1.00
5 0
0 
 3
97.01 107.17
97.09 109.58
-1.00 -1.00
5 0
0 
 3
92.79 107.43
92.84 110.34
-1.00 -1.00
5 0
0 
 3
88.75 125.57
88.90 127.75
88.75 129.09
88.72 126.04
88.85 128.52
-1.00 -1.00
5 0
0 
 3
108.06 124.85
108.11 127.96
107.92 125.38
107.67 128.47
107.40 127.33
107.01 126.76
106.55 127.21
106.20 130.57
105.89 126.66
105.64 131.11
105.24 128.19
105.07 132.73
105.15 130.12
104.65 131.40
104.34 132.11
104.06 129.43
103.49 133.22
103.42 129.18
102.39 133.44
102.56 130.73
102.07 133.03
101.32 133.46
100.98 130.60
100.14 131.73
99.90 134.28
99.43 131.20
99.03 134.54
98.78 131.42
97.95 132.90
97.23 133.19
96.84 130.59
96.15 134.22
95.62 133.22
95.34 132.40
95.15 131.77
94.29 133.29
93.58 132.64
93.40 133.24
93.07 132.17
92.82 130.14
92.09 129.49
91.74 130.49
91.31 131.15
90.93 129.04
90.42 128.38
89.83 128.75
89.75 129.74
89.43 128.81
88.89 126.28
-1.00 -1.00
5 0
0 
 3
89.64 126.85
90.24 130.64
90.50 128.28
90.96 130.69
91.00 131.49
91.17 129.57
91.21 128.77
91.37 131.10
91.45 131.69
91.74 129.10
92.32 131.59
92.60 129.54
93.76 131.88
94.22 133.00
94.97 132.55
95.17 131.05
95.56 133.46
96.12 133.08
96.46 131.20
96.60 134.11
97.09 132.47
97.41 131.55
98.19 133.17
98.96 133.57
99.23 132.11
99.97 131.10
100.73 131.64
101.44 132.99
102.07 132.61
102.26 130.62
102.93 130.78
103.31 133.07
103.98 132.30
104.04 130.00
104.60 132.25
104.87 131.75
105.11 129.44
105.68 129.66
105.95 131.29
106.42 127.65
106.75 128.84
107.37 128.96
107.53 127.42
107.67 125.86
-1.00 -1.00
5 0
0 
 3
89.20 125.74
89.34 129.85
-1.00 -1.00
5 0
0 
 3
102.08 123.46
102.39 122.61
-1.00 -1.00
5 0
0 
 3
102.69 120.97
102.74 119.73
-1.00 -1.00
5 0
0 
 3
102.18 118.58
102.08 120.69
-1.00 -1.00
5 0
0 
 3
102.34 122.80
102.37 118.77
102.15 121.47
102.77 119.67
-1.00 -1.00
5 0
0 
 3
102.82 120.01
102.75 121.79
-1.00 -1.00
5 0
0 
 3
101.77 117.77
102.15 122.93
102.36 118.44
-1.00 -1.00
5 0
0 
 3
101.98 118.01
101.56 123.58
-1.00 -1.00
5 0
0 
 3
101.19 123.75
101.36 117.48
101.81 123.77
101.58 117.63
-1.00 -1.00
5 0
0 
 3
100.69 123.42
100.68 122.62
-1.00 -1.00
5 0
0 
 3
100.43 117.47
100.34 123.20
100.72 117.10
100.55 123.53
101.09 117.18
101.03 123.46
100.43 121.70
-1.00 -1.00
5 0
0 
 3
100.20 118.51
100.08 121.64
-1.00 -1.00
5 0
0 
 3
94.78 121.20
94.84 119.54
-1.00 -1.00
5 0
0 
 3
94.66 123.41
94.61 118.46
94.94 122.28
-1.00 -1.00
5 0
0 
 3
94.34 117.81
94.38 124.06
-1.00 -1.00
5 0
0 
 3
94.00 124.00
94.02 117.36
-1.00 -1.00
5 0
0 
 3
93.46 119.76
93.36 123.63
-1.00 -1.00
5 0
0 
 3
93.68 116.95
93.66 123.84
93.32 116.95
-1.00 -1.00
5 0
0 
 3
93.26 123.49
93.18 116.86
-1.00 -1.00
5 0
0 
 3
93.01 116.88
92.92 122.96
-1.00 -1.00
5 0
0 
 3
92.58 122.17
92.64 117.27
-1.00 -1.00
5 0
0 
 3
92.28 117.67
92.32 120.79
-1.00 -1.00
5 0
0 
 3
116.22 127.79
116.28 128.61
115.95 129.13
115.26 129.08
114.54 128.61
114.29 127.66
114.29 126.58
114.19 125.70
114.69 126.18
115.41 126.69
116.27 126.92
117.15 126.99
118.03 127.37
117.89 128.09
117.36 128.28
116.47 128.13
116.01 127.88
-1.00 -1.00
5 0
0 
 3
106.30 141.84
106.13 142.98
105.50 143.47
104.81 143.36
104.16 142.89
103.87 141.92
103.94 140.97
104.49 140.14
104.98 139.15
104.98 138.57
105.25 139.33
106.04 139.89
107.13 140.37
108.15 141.03
108.53 142.06
108.44 142.73
107.82 142.93
107.12 142.61
106.39 141.92
-1.00 -1.00
5 0
0 
 3
87.03 138.80
86.58 139.43
85.89 139.92
84.97 139.75
84.33 139.22
84.23 138.40
84.56 137.74
85.20 137.36
85.84 137.14
86.50 136.85
87.08 136.39
87.70 135.67
88.08 136.35
88.81 137.47
89.24 138.27
89.48 139.38
89.00 140.01
88.34 140.19
87.62 139.96
87.26 139.43
-1.00 -1.00
5 0
0 
 3
83.51 127.91
83.00 128.37
82.54 128.63
82.00 128.42
81.64 127.74
81.73 126.99
82.13 126.49
82.80 126.07
83.58 125.75
84.23 125.57
84.71 125.36
85.64 127.16
85.87 128.05
85.71 128.81
85.27 129.24
84.78 129.43
84.26 129.40
83.83 129.00
83.65 128.37
-1.00 -1.00
5 0
0 
 3
98.03 102.63
98.66 101.17
99.32 99.89
99.66 99.19
100.01 98.52
100.35 97.83
100.55 97.00
100.69 96.32
100.90 95.60
101.04 94.93
101.12 94.39
101.19 93.73
101.21 93.20
101.24 92.54
101.22 92.04
101.21 91.48
-1.00 -1.00
5 0
0 
 3
95.72 101.03
95.97 100.50
96.26 99.99
96.48 99.54
96.65 99.03
96.72 98.49
96.77 97.91
96.74 97.34
96.72 96.82
96.64 96.27
96.62 95.75
96.46 95.17
96.31 94.41
96.18 93.67
96.04 93.09
96.41 92.30
96.74 91.85
97.12 91.27
97.71 91.03
98.82 90.90
99.41 90.81
100.03 90.83
100.55 91.02
101.22 91.27
101.80 91.56
102.47 92.03
102.90 92.43
103.34 92.88
103.67 93.48
103.90 94.10
104.07 94.66
104.01 95.22
103.90 95.79
103.72 96.42
103.45 96.94
102.90 98.06
102.34 99.25
102.05 99.68
101.76 100.13
100.68 101.57
100.38 102.00
-1.00 -1.00
5 0
0 
 3
95.78 100.99
96.13 101.41
96.52 101.80
96.96 102.18
97.44 102.43
97.98 102.60
98.48 102.73
99.59 102.91
100.10 102.82
100.30 102.33
-1.00 -1.00
5 0
0 
 3
84.88 119.93
85.40 119.97
86.00 120.08
86.50 120.16
-1.00 -1.00
5 0
0 
 3
69.05 66.14
69.48 66.54
70.41 67.25
71.62 67.99
72.73 68.36
74.41 68.75
76.02 68.79
77.25 68.63
78.47 68.20
79.01 67.84
79.12 69.17
81.24 75.55
82.20 77.93
83.20 79.89
84.00 81.57
84.81 82.77
85.07 83.21
84.09 84.80
83.13 87.76
82.95 90.13
82.74 91.39
82.52 93.07
82.46 94.72
82.43 96.75
82.92 99.53
83.64 102.33
84.26 104.16
84.72 106.04
85.15 107.20
81.64 106.95
75.73 106.62
72.55 106.35
70.16 106.09
66.17 106.12
65.80 105.56
64.35 104.64
62.78 104.48
60.71 104.59
58.82 105.10
57.15 105.94
56.03 107.44
56.31 108.39
57.59 108.97
58.82 109.22
60.75 109.45
61.32 109.49
62.24 109.58
60.47 109.19
58.73 108.96
57.30 108.91
55.60 109.09
54.55 110.03
55.15 111.31
56.77 112.71
58.63 113.42
60.75 114.01
62.89 113.85
61.86 114.23
60.02 114.41
58.37 114.63
55.90 115.07
53.79 116.04
54.13 117.39
56.33 118.37
59.03 118.28
61.34 117.80
61.94 117.52
62.02 120.31
63.45 122.50
65.22 123.49
66.65 123.12
67.44 122.29
67.87 121.23
68.03 119.66
68.05 118.41
68.57 118.04
69.58 118.15
70.18 118.18
70.97 118.30
72.69 118.49
74.70 118.83
77.84 119.31
79.46 119.53
80.97 119.68
82.43 119.74
83.54 119.84
-1.00 -1.00
5 0
0 
 3
67.27 62.14
66.60 62.25
65.80 62.55
64.99 63.41
64.79 64.62
65.46 65.89
66.38 66.62
67.46 66.79
68.20 66.66
69.10 66.20
70.03 65.70
-1.00 -1.00
5 0
0 
 3
69.70 59.31
68.99 59.48
68.23 59.88
67.59 60.35
67.27 60.95
67.29 61.69
67.66 62.60
68.16 63.13
68.97 63.49
70.18 63.64
71.12 63.46
-1.00 -1.00
5 0
0 
 3
74.29 58.11
73.78 57.77
72.47 57.46
71.52 57.70
70.38 58.35
69.90 59.26
70.29 60.38
71.57 61.23
72.77 61.25
73.55 61.16
-1.00 -1.00
5 0
0 
 3
115.07 61.35
115.92 61.81
116.61 61.79
117.36 61.62
118.23 61.05
118.51 60.54
118.56 59.82
118.26 59.21
117.67 58.66
116.89 58.26
116.16 58.17
115.44 58.37
114.99 58.66
112.91 57.87
111.44 57.97
109.98 58.44
108.46 58.73
105.12 58.68
103.26 58.33
101.87 58.17
100.41 58.26
98.95 58.57
98.22 59.00
97.54 59.82
97.11 61.14
96.69 64.32
96.43 65.68
95.93 67.15
95.51 68.31
94.79 69.88
94.14 70.61
93.27 70.41
92.35 69.30
91.45 67.82
90.76 66.59
89.70 64.64
89.00 63.25
88.27 61.88
87.62 61.01
87.13 60.48
85.95 59.93
85.01 59.89
83.87 59.93
82.61 59.65
81.57 59.24
80.55 58.74
79.61 58.44
78.63 58.28
77.80 58.21
77.61 57.26
76.43 56.55
75.18 56.67
74.46 57.13
74.19 58.27
74.65 59.96
75.50 60.66
-1.00 -1.00
5 0
0 
 3
116.91 62.20
117.54 62.74
118.49 63.15
119.39 63.33
119.98 63.25
120.54 62.99
120.89 62.59
121.03 61.95
120.92 61.42
120.59 60.59
120.13 60.15
119.54 59.94
118.85 59.91
-1.00 -1.00
5 0
0 
 3
118.36 64.41
119.50 65.49
120.75 66.08
122.11 66.24
123.33 65.82
124.17 65.08
123.88 63.80
123.03 62.68
121.87 62.10
121.19 61.84
-1.00 -1.00
5 0
0 
 3
107.65 120.26
108.40 120.54
111.26 120.94
116.18 121.04
118.32 121.01
119.59 121.21
123.52 121.60
127.99 121.57
129.90 121.37
130.62 121.33
130.72 123.09
131.31 124.82
132.86 125.97
134.35 125.74
135.66 124.74
136.36 122.75
136.55 121.40
137.58 121.55
139.29 121.54
141.21 121.31
143.24 120.45
143.39 119.23
142.04 118.19
140.03 117.84
137.83 117.80
136.02 117.87
136.68 117.86
138.65 117.96
140.23 117.77
142.41 117.34
143.67 116.59
143.66 115.22
141.68 114.41
137.67 114.26
135.66 114.25
133.75 114.29
135.39 114.21
137.76 114.30
139.71 113.73
141.63 112.81
141.56 111.22
140.42 109.93
138.19 109.21
136.24 108.87
133.93 108.95
131.59 109.24
129.86 109.88
128.12 110.94
126.13 110.92
123.92 110.99
120.70 111.25
117.44 111.32
114.49 111.16
110.79 111.19
108.93 111.17
108.27 111.14
108.10 109.89
108.39 108.49
108.61 106.86
108.93 104.93
109.32 102.96
109.73 99.67
109.76 97.71
109.54 95.59
108.98 91.80
108.64 90.30
108.30 88.93
107.72 87.86
107.28 87.14
106.73 86.34
106.10 85.59
106.74 84.73
107.76 82.33
108.42 80.43
109.01 77.81
109.66 73.25
109.69 70.85
109.35 69.18
108.45 67.60
107.85 66.82
109.08 67.64
110.68 68.49
112.92 69.61
115.04 69.83
117.01 69.48
118.43 68.82
119.65 67.58
120.67 68.60
122.15 69.27
123.57 69.46
124.63 69.17
125.31 68.50
125.43 67.15
124.91 65.96
124.22 65.52
-1.00 -1.00
5 0
0 
 3
102.42 127.00
101.75 126.99
101.12 126.76
100.54 126.30
100.03 125.49
99.50 124.23
99.15 122.51
98.98 121.52
98.66 120.03
98.77 119.25
98.93 118.35
99.02 117.61
99.22 116.78
99.61 115.96
100.06 115.36
100.72 115.07
101.27 115.07
102.16 115.79
102.88 116.69
103.38 117.61
103.75 118.64
104.04 119.73
104.22 120.60
104.32 121.69
104.29 122.75
104.21 123.70
104.07 124.58
103.90 125.19
103.59 125.84
103.29 126.35
102.86 126.85
102.20 127.06
-1.00 -1.00
5 0
0 
 3
94.89 127.09
94.32 127.09
93.76 127.00
93.17 126.64
92.74 126.03
92.44 125.38
92.11 124.47
91.66 123.09
91.32 121.87
91.17 120.97
91.01 120.29
90.96 119.40
90.92 118.42
90.96 117.27
91.22 116.38
91.46 115.68
91.86 115.12
92.29 114.78
93.06 114.65
93.61 114.84
94.06 115.22
94.59 115.89
95.09 116.65
95.54 117.52
95.96 118.38
96.32 119.40
96.74 120.43
97.14 121.57
97.30 122.58
97.31 123.85
97.12 124.66
96.81 125.59
96.56 126.10
96.23 126.60
96.01 127.06
95.45 127.24
94.89 127.27
-1.00 -1.00
5 0
0 
 3
100.83 101.98
101.61 102.39
102.29 102.85
102.91 103.25
103.44 103.55
103.85 103.96
104.26 104.30
-1.00 -1.00
5 0
0 
 3
91.85 101.34
92.49 101.23
93.17 101.05
93.67 100.99
95.76 100.94
-1.00 -1.00
5 0
0 
 3
90.31 108.43
90.76 108.19
91.58 107.82
92.84 107.52
93.99 107.20
95.30 107.05
96.89 107.04
98.29 107.10
100.58 107.46
101.71 107.87
102.57 108.44
103.03 108.76
103.52 109.20
103.90 109.60
-1.00 -1.00
5 0
0 
 3
96.61 98.59
95.74 98.43
95.00 98.40
94.14 98.47
93.50 98.49
92.87 98.73
92.37 99.30
91.88 100.61
91.59 101.95
91.35 103.49
91.12 104.63
90.76 106.11
90.06 109.82
89.92 110.71
89.63 111.45
89.42 111.94
89.30 112.52
89.16 113.03
-1.00 -1.00
5 0
0 
 3
89.26 113.19
89.48 112.72
90.01 112.10
90.58 111.61
91.22 111.09
91.88 110.69
92.47 110.37
93.36 110.10
94.50 109.78
95.47 109.65
96.60 109.62
97.74 109.67
98.72 109.75
99.65 110.01
100.78 110.37
101.71 110.78
102.31 111.16
102.88 111.56
103.38 112.04
103.85 112.57
104.27 113.16
104.31 112.55
104.26 111.81
104.24 110.29
104.36 108.67
104.37 107.32
104.27 105.87
104.19 104.22
104.02 102.41
103.67 101.40
103.28 100.88
102.86 100.52
102.39 100.13
101.96 99.83
-1.00 -1.00
5 0
0 
 3
98.36 111.22
99.05 111.14
99.50 111.56
99.79 112.15
99.67 112.72
99.17 112.98
98.56 112.96
98.13 112.46
98.02 111.96
98.29 111.33
-1.00 -1.00
5 0
0 
 3
95.09 111.07
95.64 111.26
95.86 111.85
95.78 112.38
95.28 112.80
94.78 112.44
94.59 111.96
94.61 111.45
94.99 111.08
-1.00 -1.00
5 0
0 
 3
96.46 116.86
96.16 116.41
95.88 115.70
95.57 115.12
95.22 114.64
94.50 113.53
94.14 113.01
93.85 112.58
93.66 112.09
93.65 111.54
94.07 110.99
94.63 110.63
95.23 110.42
95.78 110.50
96.40 110.73
96.90 110.95
97.65 110.83
98.42 110.55
99.02 110.49
99.77 110.70
100.21 111.02
100.68 111.59
100.69 112.46
100.53 113.00
100.00 113.68
99.54 114.14
99.06 114.68
98.67 115.21
98.43 115.70
98.19 116.44
-1.00 -1.00
5 0
0 
 3
103.83 97.05
104.42 97.33
104.96 97.91
105.46 99.22
106.06 102.33
106.22 103.97
106.34 105.74
106.42 107.66
106.40 109.49
106.53 113.24
106.65 115.35
107.07 117.48
107.77 120.73
108.19 122.36
108.26 124.04
108.06 125.45
107.71 126.74
107.06 127.85
106.08 128.82
105.42 129.57
104.53 130.46
103.74 131.02
103.30 131.29
102.49 131.55
100.62 132.01
99.97 132.01
99.37 132.22
98.81 132.28
98.23 132.23
97.71 132.17
-1.00 -1.00
5 0
0 
 3
97.48 132.19
96.61 132.08
95.92 131.83
95.10 131.56
94.19 131.20
93.12 130.83
92.10 130.41
91.25 129.91
90.61 129.33
89.98 128.56
89.38 127.76
88.86 126.80
88.32 125.69
87.96 124.86
87.51 123.67
87.14 122.40
86.84 120.89
86.58 119.29
86.45 118.08
86.39 116.61
86.35 114.67
86.55 112.86
86.84 111.42
87.32 109.91
88.00 107.51
88.83 104.98
89.33 103.81
89.83 102.33
90.43 100.84
90.97 99.63
91.59 98.34
92.09 97.39
92.78 96.69
93.62 96.36
94.43 96.27
95.27 96.31
96.56 96.19
-1.00 -1.00
5 0
0 
 3
101.46 123.78
100.94 123.78
100.53 123.47
100.28 123.01
100.13 122.51
100.00 121.83
99.94 121.25
99.85 120.74
99.81 120.14
99.82 119.45
100.04 118.39
100.24 117.81
100.44 117.34
100.97 117.18
101.64 117.45
102.26 118.22
102.56 118.92
102.69 119.55
102.84 120.19
102.86 120.74
102.80 121.61
102.74 122.22
102.50 122.88
102.30 123.34
101.88 123.71
-1.00 -1.00
5 0
0 
 3
93.94 124.19
93.43 123.91
92.99 123.29
92.62 122.51
92.37 121.71
92.24 121.20
92.09 120.53
92.03 119.69
92.03 119.01
92.11 117.89
92.38 117.33
92.91 116.99
93.51 116.95
94.16 117.36
94.60 118.14
94.86 119.24
95.03 119.93
95.05 120.63
95.08 121.15
95.05 121.83
94.98 122.43
94.89 123.05
94.80 123.58
94.46 123.97
93.95 124.04
-1.00 -1.00
5 0
0 
 -1
