gremlinfile
1 120.00 32.00
3
120.00 32.00
120.00 336.00
496.00 336.00
496.00 32.00
120.00 32.00
-1.00 -1.00
3 0
0 
 0
140.00 96.00
140.00 96.00
192.00 96.00
245.00 96.00
-1.00 -1.00
1 4
6 508-18
 0
160.00 160.00
160.00 160.00
204.00 160.00
248.00 160.00
-1.00 -1.00
1 2
10 Tim Sippel
 0
160.00 184.00
160.00 184.00
192.00 184.00
224.00 184.00
-1.00 -1.00
1 2
7 Dan Ray
 0
160.00 208.00
160.00 208.00
212.00 208.00
264.00 208.00
-1.00 -1.00
1 2
12 Chris Nyberg
 0
160.00 232.00
160.00 232.00
200.00 232.00
240.00 232.00
-1.00 -1.00
1 2
9 Mark Hill
 3
144.00 264.00
316.00 264.00
-1.00 -1.00
3 0
0 
 0
140.00 272.00
140.00 272.00
230.00 272.00
320.00 272.00
-1.00 -1.00
1 3
18 Cache Control Room
 3
416.00 304.00
416.00 264.00
-1.00 -1.00
6 0
0 
 3
408.00 304.00
408.00 264.00
-1.00 -1.00
6 0
0 
 5
400.00 271.67
420.00 271.67
424.00 279.67
416.00 283.67
408.00 283.67
-1.00 -1.00
3 0
0 
 5
424.00 296.00
404.00 296.00
400.00 288.00
408.00 284.00
416.00 284.00
-1.00 -1.00
3 0
0 
 3
409.29 317.42
409.66 317.68
410.21 317.87
411.23 318.23
412.25 318.58
412.95 318.80
414.16 319.09
415.42 319.28
416.29 319.40
417.34 319.48
418.48 319.55
419.44 319.56
420.98 319.60
421.72 319.54
422.79 319.48
423.48 319.36
424.02 319.23
425.02 319.01
425.94 318.80
426.69 318.59
427.47 318.31
428.62 317.75
429.34 317.35
429.93 316.89
430.44 316.45
430.91 315.96
431.30 315.42
431.59 314.83
431.75 314.25
431.78 313.70
431.62 313.13
-1.00 -1.00
5 0
0 
 3
431.40 312.73
431.95 312.67
433.62 312.80
434.79 312.90
436.01 312.89
437.07 312.76
438.40 312.53
439.54 312.28
440.58 312.01
441.64 311.53
442.60 311.01
443.62 310.38
444.31 309.87
445.45 309.06
446.33 308.38
446.95 307.80
447.67 307.05
448.19 306.40
448.98 305.57
449.74 304.47
450.17 303.60
450.60 302.74
450.93 301.85
451.12 301.05
451.22 300.12
451.25 299.21
451.05 298.53
450.80 297.99
450.41 297.42
449.97 296.86
449.70 296.53
449.40 296.15
449.90 295.53
450.57 295.21
451.78 294.50
452.65 293.86
453.51 293.21
454.33 292.33
455.06 291.43
455.94 290.33
456.55 289.53
457.17 288.60
457.58 287.78
457.90 286.90
458.24 285.87
458.33 284.72
458.25 283.74
458.06 282.71
457.91 281.96
457.52 280.76
457.06 279.58
456.39 278.36
455.57 277.33
454.86 276.62
454.08 275.88
453.25 275.21
452.06 274.44
451.26 274.03
450.33 273.73
449.72 273.70
449.25 273.73
449.58 272.51
449.69 271.68
449.74 270.62
449.75 269.64
449.52 268.40
449.27 267.40
448.99 266.41
448.52 265.15
447.99 263.84
447.26 262.40
446.61 261.40
445.74 260.48
444.72 259.65
443.84 259.07
442.69 258.40
441.48 257.71
440.42 257.26
439.11 256.83
437.38 256.36
436.14 256.11
435.08 255.97
434.56 256.01
434.06 256.10
433.68 255.54
433.37 255.10
432.78 254.41
432.01 253.78
431.32 253.21
430.45 252.64
429.49 252.13
428.62 251.74
427.67 251.30
426.04 250.70
424.87 250.39
423.24 250.13
421.81 250.16
420.08 250.12
418.70 250.21
417.23 250.33
415.83 250.44
414.27 250.71
413.09 251.09
412.08 251.40
411.31 251.69
410.45 252.04
409.86 252.34
409.41 252.63
409.06 252.91
408.73 252.40
409.05 253.09
408.19 252.73
407.46 252.47
406.47 252.16
405.51 251.89
403.84 251.66
401.58 251.40
399.56 251.52
397.58 251.77
395.16 252.21
393.34 252.90
390.91 254.29
389.33 255.78
388.47 257.10
388.23 257.53
387.76 257.60
387.16 257.44
386.45 257.54
384.97 257.82
383.33 258.25
381.46 258.55
380.08 258.92
378.87 259.40
377.56 260.02
376.35 260.87
375.72 261.68
375.47 262.27
374.99 263.24
374.42 264.53
374.16 265.34
373.91 266.44
373.82 267.29
373.82 268.22
373.88 269.03
374.03 270.04
374.22 270.86
374.43 271.41
374.66 271.92
375.02 272.48
-1.00 -1.00
5 0
0 
 3
375.31 272.95
374.63 273.84
373.81 275.16
373.25 276.05
372.71 276.91
372.14 277.74
371.41 278.85
371.03 279.98
371.02 281.44
370.94 283.12
371.32 284.91
371.99 286.41
372.95 287.98
374.05 289.45
374.91 290.26
375.61 290.83
376.71 291.58
377.70 292.19
378.80 292.66
379.76 293.00
380.67 293.27
381.47 293.50
-1.00 -1.00
5 0
0 
 3
382.05 293.43
381.61 294.25
381.30 295.09
380.94 296.07
380.42 297.53
380.08 298.64
379.71 299.82
379.19 301.56
378.98 302.91
379.11 304.60
379.78 307.14
380.44 308.82
381.63 310.60
382.81 311.93
384.03 312.97
385.22 313.61
386.62 314.17
387.81 314.50
388.89 314.59
389.93 314.44
390.80 314.22
391.64 313.91
392.42 313.48
392.54 314.11
393.05 314.54
393.85 315.11
395.09 316.17
396.12 316.95
397.02 317.49
397.74 318.10
398.97 318.80
400.65 319.64
401.72 319.91
402.88 320.11
404.10 320.23
405.47 320.26
406.51 320.11
407.29 320.02
407.93 319.80
408.65 319.45
409.06 319.11
409.36 318.66
409.40 318.06
409.27 317.57
-1.00 -1.00
5 0
0 
 4
400.54 243.93
400.54 246.78
400.54 246.78
400.54 241.09
403.39 243.93
397.70 243.93
-1.00 -1.00
6 0
0 
 4
397.70 235.39
397.70 238.24
397.70 238.24
397.70 232.54
400.54 235.39
394.85 235.39
-1.00 -1.00
6 0
0 
 4
397.70 226.85
397.70 229.70
397.70 229.70
397.70 224.00
400.54 226.85
394.85 226.85
-1.00 -1.00
6 0
0 
 3
292.23 132.83
291.23 133.95
291.66 135.94
292.15 138.44
292.00 140.73
291.06 142.90
289.47 145.82
287.21 150.42
283.10 157.99
279.57 165.64
276.35 174.97
274.25 182.35
273.87 189.02
276.40 192.42
279.26 193.22
282.75 193.41
285.32 191.42
286.36 188.60
286.68 185.82
-1.00 -1.00
5 0
0 
 3
277.05 192.46
278.45 194.49
280.10 194.94
282.61 195.53
285.62 196.38
288.69 197.12
290.22 197.16
292.55 196.97
294.61 196.13
296.26 194.98
297.55 193.20
298.44 190.47
298.68 188.64
298.70 187.35
-1.00 -1.00
5 0
0 
 3
292.49 198.33
294.56 199.13
297.79 199.98
302.34 201.04
305.39 201.44
307.56 200.34
309.17 197.59
310.36 194.28
310.72 192.20
310.88 190.53
-1.00 -1.00
5 0
0 
 3
307.94 200.85
310.40 201.19
313.18 201.26
315.30 201.06
317.08 199.79
319.05 196.61
319.85 193.03
319.64 190.13
318.24 188.87
-1.00 -1.00
5 0
0 
 3
317.44 200.34
321.08 200.22
324.30 199.64
326.62 198.52
328.23 195.83
328.97 192.18
328.39 188.51
327.17 186.31
326.17 184.72
327.78 183.32
329.22 180.65
330.69 176.26
-1.00 -1.00
5 0
0 
 3
317.73 183.15
319.87 181.14
321.87 177.09
321.72 174.35
320.61 173.13
-1.00 -1.00
5 0
0 
 3
309.91 178.40
311.88 175.41
312.48 172.49
312.09 170.69
311.46 169.59
-1.00 -1.00
5 0
0 
 3
298.49 176.37
299.91 173.27
300.71 168.93
300.39 166.93
299.59 165.98
-1.00 -1.00
5 0
0 
 3
287.40 174.08
288.37 172.91
290.03 169.67
291.38 164.94
291.34 162.72
-1.00 -1.00
5 0
0 
 3
292.83 132.47
293.80 131.22
295.33 129.94
298.46 129.22
303.09 128.99
306.92 128.52
310.27 127.91
313.56 127.51
317.18 127.48
319.39 127.70
320.64 127.72
322.06 126.89
323.20 125.75
323.52 124.37
321.78 123.82
320.09 123.05
320.17 121.34
320.76 120.17
322.25 120.00
329.16 120.68
332.27 120.70
334.16 120.91
335.77 121.34
335.29 122.69
333.63 123.88
332.51 125.01
332.08 126.49
333.04 127.38
335.05 128.02
336.64 128.14
336.77 129.50
335.18 129.50
330.60 129.29
319.77 128.02
318.28 127.89
-1.00 -1.00
5 0
0 
 3
321.34 120.55
320.25 119.22
320.47 117.80
318.81 116.25
316.21 115.40
305.84 111.37
294.37 106.43
289.71 104.23
287.31 102.56
285.77 100.46
285.79 98.51
286.74 96.60
287.25 95.48
284.41 94.41
282.35 92.23
281.27 89.94
281.06 86.78
282.65 83.96
285.07 81.97
288.99 80.49
292.83 80.89
296.68 82.54
299.69 86.02
300.73 89.77
300.46 93.16
298.65 94.41
296.39 96.47
296.17 99.02
297.79 102.00
300.92 103.72
307.03 105.65
318.37 109.55
322.88 111.01
326.36 111.39
331.79 111.71
333.44 111.50
334.67 111.31
-1.00 -1.00
5 0
0 
 3
331.60 114.57
330.28 113.68
328.52 113.56
325.66 113.49
322.31 113.05
318.54 112.27
314.30 111.27
311.39 110.50
302.77 106.43
299.42 105.08
295.22 103.91
292.63 102.43
289.86 100.08
289.52 97.98
290.32 96.32
-1.00 -1.00
5 0
0 
 3
286.53 95.62
288.42 94.65
291.32 94.88
293.54 94.97
295.47 95.31
296.81 96.70
-1.00 -1.00
5 0
0 
 3
297.42 94.05
294.50 92.55
292.49 92.38
291.93 90.85
291.15 89.20
-1.00 -1.00
5 0
0 
 3
288.61 89.58
287.89 88.08
288.82 86.30
291.19 85.11
293.97 85.60
296.85 87.42
297.45 89.58
-1.00 -1.00
5 0
0 
 3
286.68 90.79
284.17 88.73
284.15 86.25
285.13 83.88
287.57 82.86
-1.00 -1.00
5 0
0 
 3
343.70 115.59
344.68 114.96
346.73 114.38
350.48 113.60
353.54 112.41
359.03 108.85
362.01 106.41
363.54 105.33
364.73 104.76
-1.00 -1.00
5 0
0 
 3
367.65 87.80
365.94 86.57
363.63 85.51
360.28 84.45
358.82 84.28
-1.00 -1.00
5 0
0 
 3
345.38 89.31
345.08 91.11
345.33 92.89
347.79 95.71
355.02 100.29
357.56 102.32
357.88 103.42
357.29 104.80
353.94 105.78
349.28 107.32
344.80 108.15
341.90 108.49
-1.00 -1.00
5 0
0 
 3
360.11 103.23
358.73 101.37
357.82 99.76
358.45 97.94
359.94 97.07
361.82 96.34
361.42 94.67
-1.00 -1.00
5 0
0 
 3
353.90 94.88
350.95 93.89
349.21 92.27
348.55 90.45
348.55 89.31
-1.00 -1.00
5 0
0 
 3
358.39 93.34
355.61 91.11
354.13 90.58
355.04 89.56
357.05 88.80
358.37 87.97
359.66 87.33
360.45 88.56
361.66 90.54
-1.00 -1.00
5 0
0 
 3
302.85 153.24
303.61 154.75
306.92 157.04
311.97 160.11
315.99 162.21
319.77 164.56
323.29 168.08
327.86 172.11
337.55 185.04
340.73 189.07
344.21 192.42
346.82 194.70
347.28 196.02
347.96 200.73
350.42 203.29
353.43 204.07
356.89 203.35
360.13 201.13
363.05 198.10
364.98 195.53
-1.00 -1.00
5 0
0 
 3
357.50 203.59
359.54 204.12
363.16 205.33
367.91 207.38
373.86 210.56
377.22 213.10
380.39 216.11
385.72 220.06
390.08 222.30
393.64 221.67
395.36 219.74
396.19 215.67
397.14 212.93
397.59 211.90
-1.00 -1.00
5 0
0 
 3
397.12 215.65
399.75 215.78
402.76 216.92
405.01 217.34
406.60 215.86
407.21 213.49
407.83 210.48
408.23 207.30
408.95 203.69
408.82 200.41
407.85 197.48
406.89 195.38
407.91 196.42
410.50 196.02
412.53 194.28
414.08 192.82
416.60 190.59
419.61 189.72
423.41 189.89
427.75 189.19
431.53 187.90
435.09 185.17
436.12 182.73
436.48 180.63
-1.00 -1.00
5 0
0 
 3
392.58 178.23
469.87 180.59
480.34 177.22
480.36 169.10
475.76 168.46
464.74 171.60
-1.00 -1.00
5 0
0 
 3
470.19 180.40
470.06 174.12
480.09 169.29
-1.00 -1.00
5 0
0 
 3
469.28 173.97
464.95 171.53
386.12 170.66
383.23 119.35
-1.00 -1.00
5 0
0 
 3
380.90 117.42
380.75 166.00
-1.00 -1.00
5 0
0 
 3
379.29 97.85
378.57 86.00
382.24 85.79
383.07 101.62
-1.00 -1.00
5 0
0 
 3
381.94 86.02
390.21 86.49
389.98 88.63
399.47 89.37
-1.00 -1.00
5 0
0 
 3
411.79 89.90
430.87 89.48
-1.00 -1.00
5 0
0 
 3
466.61 86.19
476.93 91.81
-1.00 -1.00
5 0
0 
 3
394.68 128.55
395.44 158.37
447.76 158.39
447.44 127.78
-1.00 -1.00
5 0
0 
 3
380.84 166.57
380.97 168.59
381.39 169.92
381.94 171.47
382.75 172.98
383.30 173.97
384.53 174.99
385.99 176.43
386.88 177.22
389.66 178.34
391.55 178.81
392.65 178.93
-1.00 -1.00
5 0
0 
 3
449.50 179.84
450.03 180.95
450.86 181.80
453.06 182.41
454.80 182.24
456.07 182.07
457.53 181.22
-1.00 -1.00
5 0
0 
 3
451.45 182.11
452.68 183.38
453.57 184.10
454.91 184.45
456.54 184.47
457.89 184.64
460.10 184.17
461.50 183.39
465.15 181.67
466.37 180.71
-1.00 -1.00
5 0
0 
 3
456.47 183.38
457.77 183.00
459.49 182.41
460.63 181.84
461.33 180.82
-1.00 -1.00
5 0
0 
 3
451.35 182.73
433.90 198.25
453.91 184.30
-1.00 -1.00
5 0
0 
 3
477.93 92.81
477.36 94.14
476.89 95.45
475.81 99.06
475.23 102.09
474.92 106.01
473.67 117.39
472.37 122.86
471.42 129.03
470.81 142.39
470.95 149.60
472.31 156.84
473.03 162.70
473.69 166.24
474.13 168.29
-1.00 -1.00
5 0
0 
 3
422.41 121.40
423.24 122.72
424.13 123.39
426.03 124.31
428.88 125.47
432.77 126.70
436.25 127.27
440.62 127.40
443.99 127.38
447.28 127.72
451.37 127.72
456.33 127.38
460.02 126.51
467.92 123.86
470.49 122.35
470.81 120.74
470.06 119.53
467.22 118.01
465.21 117.25
462.73 116.59
459.72 115.93
455.75 115.83
452.23 115.99
448.08 116.40
443.08 116.42
439.41 116.82
431.08 117.37
427.45 117.88
425.10 118.84
423.83 119.79
423.22 120.89
-1.00 -1.00
5 0
0 
 3
427.56 123.18
426.06 122.74
425.42 121.46
426.52 120.62
429.91 119.85
434.17 119.28
450.58 117.56
454.99 117.52
458.93 118.07
462.28 118.64
465.14 119.35
467.16 119.94
468.77 120.49
-1.00 -1.00
5 0
0 
 3
437.61 119.68
435.66 121.72
439.03 122.67
443.48 124.33
444.58 124.18
445.33 123.05
447.63 123.29
448.84 123.33
449.03 121.91
-1.00 -1.00
5 0
0 
 3
444.07 121.40
442.40 120.36
-1.00 -1.00
5 0
0 
 3
446.92 120.26
448.93 120.87
450.54 122.29
452.68 122.29
454.59 121.51
455.65 120.49
457.64 119.28
459.97 120.30
461.01 121.91
462.28 120.70
-1.00 -1.00
5 0
0 
 3
451.77 120.11
452.81 120.77
-1.00 -1.00
5 0
0 
 3
471.23 120.57
470.00 118.12
468.90 115.74
467.86 112.60
466.84 108.34
465.87 103.93
465.42 99.57
465.42 95.11
465.85 89.10
466.63 85.03
467.79 80.64
469.02 80.59
469.55 79.11
468.58 77.75
467.46 76.57
466.12 75.72
463.07 74.40
458.62 73.43
449.35 72.54
445.28 72.75
440.91 73.62
436.42 74.40
431.91 74.98
428.85 75.91
428.60 77.31
429.43 78.35
431.31 78.39
434.45 77.27
437.84 76.35
441.15 75.65
450.77 74.83
455.46 75.34
459.12 76.23
462.81 77.31
464.97 78.67
467.20 80.40
-1.00 -1.00
5 0
0 
 3
466.20 114.02
465.59 111.20
464.97 107.96
464.47 103.72
464.11 99.25
463.87 86.36
464.15 82.91
464.47 80.89
-1.00 -1.00
5 0
0 
 3
461.25 79.13
460.61 80.59
459.89 83.37
459.27 88.40
459.06 93.14
459.85 99.59
461.50 106.16
463.20 111.14
463.72 112.81
-1.00 -1.00
5 0
0 
 3
455.25 110.42
454.91 107.22
454.78 102.47
455.25 93.48
455.25 86.21
454.74 80.38
-1.00 -1.00
5 0
0 
 3
450.67 110.57
450.31 104.89
449.61 99.27
450.65 87.61
450.52 82.12
450.81 79.62
-1.00 -1.00
5 0
0 
 3
445.66 112.52
445.09 109.15
444.58 101.77
445.03 92.78
445.62 86.45
446.00 81.08
446.07 78.67
-1.00 -1.00
5 0
0 
 3
438.43 113.43
439.22 109.87
439.67 103.49
441.15 96.85
441.55 88.78
441.55 83.61
441.02 80.11
-1.00 -1.00
5 0
0 
 3
433.65 112.73
434.41 111.59
435.38 107.67
435.59 100.61
437.52 86.13
437.10 81.78
436.48 80.13
-1.00 -1.00
5 0
0 
 3
432.67 80.40
433.18 82.88
434.19 86.55
432.94 94.78
432.24 100.99
431.65 111.78
430.93 114.24
428.98 113.88
-1.00 -1.00
5 0
0 
 3
380.44 146.14
379.80 145.10
379.67 143.77
378.70 142.51
377.53 142.62
376.56 145.04
376.54 148.36
376.81 152.27
376.60 156.29
376.64 160.60
376.35 164.33
376.11 166.23
376.16 167.78
375.27 158.14
373.14 142.51
372.55 139.95
371.53 139.50
370.03 140.33
369.82 144.55
370.86 150.53
371.64 156.55
372.62 161.81
372.95 166.28
372.85 168.65
373.91 170.11
-1.00 -1.00
5 0
0 
 3
373.57 165.68
371.79 164.88
370.52 162.67
369.79 158.69
368.99 154.70
367.59 148.90
366.78 143.85
366.09 141.54
364.16 146.63
364.77 153.28
367.00 165.32
369.24 168.40
373.80 171.73
378.17 175.92
381.35 180.25
383.49 182.45
387.83 183.66
403.92 185.95
414.06 187.73
417.34 187.92
420.78 187.99
424.21 187.24
426.67 186.84
428.11 187.16
-1.00 -1.00
5 0
0 
 3
366.87 145.14
368.35 144.66
369.20 145.89
-1.00 -1.00
5 0
0 
 3
374.18 145.89
375.63 146.25
376.77 147.30
-1.00 -1.00
5 0
0 
 3
385.74 200.05
383.47 199.52
381.75 198.71
379.29 198.31
375.82 199.41
372.89 200.53
370.01 201.51
367.27 202.25
-1.00 -1.00
5 0
0 
 3
371.96 201.08
369.92 199.32
367.04 197.37
363.10 197.63
-1.00 -1.00
5 0
0 
 3
393.90 214.82
391.55 215.10
391.29 213.95
391.18 211.83
390.32 209.29
389.06 207.74
387.47 207.49
385.27 208.19
384.40 209.84
384.46 212.55
386.24 213.68
387.48 214.82
389.11 215.10
-1.00 -1.00
5 0
0 
 3
390.51 216.94
388.79 217.37
-1.00 -1.00
5 0
0 
 3
394.66 215.35
394.32 216.45
393.35 216.94
392.44 219.04
390.97 219.66
389.66 218.85
387.05 217.53
385.10 216.22
382.62 214.44
381.14 213.61
381.01 207.64
381.35 205.98
383.79 205.45
387.81 205.79
390.67 205.71
393.16 207.74
394.98 209.42
394.96 211.32
394.15 213.83
393.58 214.91
-1.00 -1.00
5 0
0 
 3
389.38 211.90
388.77 210.90
387.37 210.07
-1.00 -1.00
5 0
0 
 3
399.24 204.18
400.41 203.21
401.95 202.29
403.50 202.40
404.92 203.21
405.13 205.45
406.04 207.49
405.77 209.01
404.86 209.97
402.50 208.72
400.55 207.64
399.24 206.43
399.39 205.13
399.66 203.93
-1.00 -1.00
5 0
0 
 3
396.82 203.35
398.24 202.70
400.09 200.49
401.40 199.07
403.78 199.33
404.64 200.81
405.92 201.06
407.74 202.48
408.57 204.52
408.65 207.06
408.16 209.61
407.38 211.77
405.71 211.90
403.92 212.21
401.63 210.18
399.26 209.01
397.90 208.46
397.44 205.58
397.50 203.59
399.26 202.10
-1.00 -1.00
5 0
0 
 3
402.34 206.75
401.78 205.64
403.22 204.63
-1.00 -1.00
5 0
0 
 3
399.15 204.12
400.49 203.40
401.80 202.76
402.95 202.27
404.48 203.40
405.15 205.41
405.60 208.06
405.18 209.67
404.03 209.99
401.78 208.86
400.07 207.38
399.43 205.03
-1.00 -1.00
5 0
0 
 3
385.48 202.46
386.73 200.72
388.19 199.26
390.19 198.20
392.20 197.02
393.88 194.89
395.89 193.47
398.46 192.37
401.72 192.31
403.73 191.61
405.64 189.57
408.82 188.05
410.03 188.83
409.60 190.61
408.44 192.59
407.19 194.66
406.55 196.61
-1.00 -1.00
5 0
0 
 3
402.72 189.94
400.93 190.42
398.67 190.93
396.86 191.29
394.53 191.36
392.77 192.94
388.83 196.72
387.24 197.55
-1.00 -1.00
5 0
0 
 3
402.69 186.27
401.38 187.20
400.93 188.41
397.39 187.77
396.51 189.24
394.79 189.26
392.61 188.70
390.99 190.13
388.60 193.41
386.78 196.42
384.19 196.89
381.35 196.23
379.29 195.64
377.58 194.89
-1.00 -1.00
5 0
0 
 3
381.43 178.04
380.35 178.59
378.10 178.81
375.98 178.98
375.45 177.41
375.20 175.69
375.09 174.21
374.80 172.98
-1.00 -1.00
5 0
0 
 3
366.98 166.11
364.94 169.82
362.65 173.25
360.74 176.81
359.41 176.83
355.34 173.55
352.63 172.06
350.97 171.09
-1.00 -1.00
5 0
0 
 3
355.66 188.37
354.68 185.67
351.35 179.36
350.02 174.76
349.09 170.48
348.70 167.82
348.36 165.77
-1.00 -1.00
5 0
0 
 3
293.27 152.18
301.11 151.82
300.39 150.10
299.88 148.00
299.63 145.38
300.39 142.05
301.75 140.58
304.33 139.97
308.41 139.59
312.56 139.50
316.72 140.71
320.83 142.32
324.58 144.53
330.92 148.77
333.99 150.61
336.20 151.76
338.74 153.03
345.25 157.04
346.56 158.07
350.61 160.30
354.13 161.38
356.14 160.74
357.75 159.79
358.41 158.27
357.99 156.15
355.08 152.27
353.68 150.12
352.56 147.69
351.52 144.15
350.84 141.05
350.29 137.36
349.08 130.43
347.79 126.49
343.57 116.93
341.50 111.39
339.89 106.24
338.46 100.65
338.19 96.77
338.99 92.74
340.41 91.09
342.85 90.01
347.18 88.56
351.65 86.89
355.53 85.36
359.79 84.07
363.10 82.69
367.06 80.76
370.41 78.58
373.46 76.23
378.97 71.27
378.55 69.82
377.07 69.97
374.23 72.22
371.45 74.21
367.23 76.19
358.84 79.13
350.57 81.74
351.84 80.32
354.89 78.90
358.52 77.63
363.07 76.63
366.53 75.13
370.14 72.86
372.87 70.63
375.65 67.88
378.04 65.33
380.10 62.28
380.20 60.75
378.17 60.86
374.16 63.30
369.88 66.33
366.68 68.98
363.39 71.50
361.34 73.35
357.69 75.23
352.90 77.07
348.62 78.41
345.82 79.00
343.98 79.00
345.76 76.54
348.87 73.49
351.08 71.82
355.40 69.02
360.34 65.39
363.35 62.98
367.51 59.27
369.31 56.03
369.46 53.97
368.01 53.23
366.49 53.78
363.39 55.69
357.05 61.45
353.79 63.95
350.36 66.98
346.10 70.42
340.86 74.06
335.77 77.08
331.87 79.03
322.38 81.89
320.95 81.80
317.07 81.10
314.36 81.99
313.26 83.94
314.09 85.89
317.90 87.80
321.78 89.39
325.87 91.79
327.86 93.19
330.01 95.62
330.88 98.36
332.34 101.16
334.01 103.79
334.31 108.19
335.58 113.62
336.26 116.82
336.20 121.27
337.23 133.40
337.72 137.93
338.46 141.03
340.33 142.13
342.34 143.02
343.57 145.06
344.12 147.28
344.57 149.70
346.48 152.82
348.81 155.08
350.38 155.81
-1.00 -1.00
5 0
0 
 3
346.10 152.82
345.91 154.62
346.86 157.67
348.94 159.81
-1.00 -1.00
5 0
0 
 3
324.20 144.15
326.13 144.10
332.28 144.23
336.00 144.49
338.99 144.95
341.01 145.57
342.70 146.22
344.36 147.22
-1.00 -1.00
5 0
0 
 3
353.49 149.76
353.26 148.20
353.16 145.63
353.79 141.69
355.21 136.88
356.38 134.42
358.39 132.32
359.87 131.55
360.96 129.80
361.57 126.13
362.38 122.08
364.60 104.67
365.89 97.23
366.09 92.76
366.81 89.65
369.10 88.56
371.11 88.69
373.97 90.41
376.54 94.46
379.19 99.31
382.13 103.64
385.29 108.11
388.26 111.84
389.74 112.84
391.61 112.09
393.49 110.06
395.23 107.37
395.81 104.38
395.91 99.89
394.79 94.14
395.06 90.66
397.92 91.30
399.64 94.75
400.98 97.72
401.78 94.08
400.41 88.27
398.86 80.40
398.99 75.72
400.47 76.16
402.50 80.26
404.14 87.48
404.96 94.22
405.00 101.22
404.67 106.07
404.14 110.57
404.05 113.87
404.28 116.80
404.14 120.19
404.94 122.55
405.77 123.88
-1.00 -1.00
5 0
0 
 3
404.64 113.11
405.20 111.63
405.96 108.96
406.77 106.27
407.61 102.77
408.02 98.63
408.55 94.41
408.74 89.37
408.48 84.30
407.59 79.89
406.00 75.02
404.05 72.03
403.52 70.52
405.09 69.93
406.70 72.60
407.93 76.54
409.99 82.48
410.48 86.97
411.90 97.81
411.60 101.83
409.35 113.81
408.48 119.73
408.63 124.18
408.50 128.35
407.70 131.68
406.49 132.09
403.31 131.58
402.29 130.24
-1.00 -1.00
5 0
0 
 3
405.92 124.01
404.88 123.39
403.84 121.91
403.67 120.64
403.52 118.33
403.65 115.97
404.09 113.75
404.45 112.73
-1.00 -1.00
5 0
0 
 3
403.52 122.35
402.69 126.04
402.08 127.89
401.40 129.48
400.40 130.96
398.24 132.25
396.61 130.18
394.92 128.33
394.07 127.65
395.57 125.28
396.33 123.10
396.91 121.65
-1.00 -1.00
5 0
0 
 3
395.25 126.19
392.65 125.41
390.34 124.13
387.73 121.65
384.40 118.79
380.61 116.36
378.70 114.87
376.64 113.37
375.60 113.09
374.44 113.49
372.95 114.57
371.56 117.31
370.07 121.02
369.18 124.79
368.42 129.24
367.89 131.92
367.38 133.70
366.40 137.47
365.90 139.08
365.30 140.95
-1.00 -1.00
5 0
0 
 3
366.23 141.50
365.89 144.02
365.03 146.41
364.47 149.25
364.09 152.35
363.07 153.98
362.38 156.46
363.35 159.98
364.09 163.10
-1.00 -1.00
5 0
0 
 3
368.69 55.69
368.97 56.79
369.52 58.55
369.90 60.86
370.81 62.21
371.75 63.02
372.85 63.36
-1.00 -1.00
5 0
0 
 3
372.47 69.85
372.15 71.08
372.28 72.41
-1.00 -1.00
5 0
0 
 3
405.92 77.90
405.32 79.64
404.69 82.06
-1.00 -1.00
5 0
0 
 3
399.69 109.53
398.86 110.76
397.69 112.01
396.93 114.13
396.93 116.44
396.86 119.43
397.12 121.51
398.88 121.40
399.52 119.09
400.07 115.89
400.40 113.18
400.55 110.93
400.60 109.53
-1.00 -1.00
5 0
0 
 3
304.61 151.10
305.54 151.84
308.28 154.32
314.15 157.35
320.19 159.26
326.25 160.64
331.49 162.33
336.81 164.26
339.55 165.32
-1.00 -1.00
5 0
0 
 3
346.90 195.11
347.07 193.35
347.13 190.97
347.39 189.07
347.07 187.79
345.04 184.45
343.30 179.84
340.27 170.24
339.36 166.30
338.72 161.30
338.61 158.31
338.91 155.00
339.18 153.86
-1.00 -1.00
5 0
0 
 3
364.66 196.72
365.90 194.98
366.96 193.07
-1.00 -1.00
5 0
0 
 3
363.67 162.59
363.71 164.71
363.44 166.57
363.35 168.10
362.19 169.63
359.87 170.05
357.35 169.86
355.61 168.78
354.13 167.40
352.56 165.85
350.33 162.34
349.55 161.19
348.60 160.00
347.45 158.37
-1.00 -1.00
5 0
0 
 3
411.85 102.98
429.11 102.56
-1.00 -1.00
5 0
0 
 3
399.43 110.21
399.96 109.00
399.79 105.01
399.56 102.83
399.26 100.60
399.26 97.53
-1.00 -1.00
5 0
0 
 3
376.32 169.61
377.28 170.37
379.84 172.55
382.32 175.03
385.14 177.39
388.47 179.95
-1.00 -1.00
5 0
0 
 3
423.96 120.77
424.74 119.18
425.23 117.80
426.08 115.40
427.14 112.09
427.64 109.00
427.98 106.33
428.43 102.98
428.85 99.63
429.26 96.00
429.66 92.64
429.83 89.88
429.72 87.61
429.30 85.17
428.94 83.01
428.75 80.91
428.60 79.47
-1.00 -1.00
5 0
0 
 -1
