gremlinfile
1 128.00 4.00
3
220.07 72.67
219.92 72.96
220.12 73.03
220.00 73.03
219.73 73.10
219.44 73.03
219.47 72.86
219.68 72.81
-1.00 -1.00
5 0
0 
 3
221.03 70.05
221.27 70.29
221.30 70.43
221.20 70.70
221.08 70.82
220.62 70.75
220.70 70.41
220.96 70.14
-1.00 -1.00
5 0
0 
 3
218.38 70.65
218.11 70.68
217.97 70.80
218.02 70.68
218.14 70.58
218.38 70.60
218.55 70.97
218.48 71.24
218.31 71.28
218.09 71.31
217.83 71.33
217.97 71.31
218.16 71.09
-1.00 -1.00
5 0
0 
 3
290.74 65.78
294.51 66.50
295.28 66.67
-1.00 -1.00
5 0
0 
 3
290.94 67.81
288.09 65.49
-1.00 -1.00
5 0
0 
 3
283.19 68.86
281.87 67.91
279.60 66.00
279.38 65.49
281.87 65.07
284.67 65.63
-1.00 -1.00
5 0
0 
 3
276.75 65.15
276.92 65.24
-1.00 -1.00
5 0
0 
 3
275.31 85.35
274.41 85.38
275.11 85.60
274.53 84.99
274.29 85.86
274.39 85.89
275.64 85.48
275.21 85.28
273.86 85.57
273.67 85.99
273.14 86.16
-1.00 -1.00
5 0
0 
 3
268.29 86.30
267.59 86.66
268.19 86.23
267.80 85.72
267.03 86.37
267.95 86.64
268.79 86.13
267.88 85.94
267.20 86.25
267.76 87.05
268.41 86.66
-1.00 -1.00
5 0
0 
 3
261.34 91.69
261.20 91.95
260.62 91.69
261.61 91.69
261.53 91.01
260.54 91.88
261.70 91.49
262.06 91.10
261.27 90.96
260.35 91.47
260.38 91.78
-1.00 -1.00
5 0
0 
 3
270.99 77.74
271.06 78.42
272.29 84.19
272.27 84.68
270.39 86.83
269.32 88.14
268.87 88.53
268.12 89.50
267.61 89.65
267.97 89.72
268.00 88.99
267.59 89.70
267.73 90.09
268.72 89.58
267.71 89.16
267.49 89.36
267.54 90.26
267.93 90.35
268.72 89.45
267.27 89.07
267.15 89.43
267.49 90.28
266.91 89.07
265.18 89.65
263.13 89.84
261.80 88.31
260.18 86.16
259.17 85.04
258.30 84.38
-1.00 -1.00
5 0
0 
 3
246.24 87.88
246.89 89.43
249.42 92.10
253.28 94.31
257.67 94.79
262.96 92.07
265.32 89.84
271.40 87.05
275.48 86.96
278.18 86.25
280.08 84.19
280.35 81.35
281.12 77.25
281.39 74.32
281.26 72.96
281.02 72.62
277.55 74.34
-1.00 -1.00
5 0
0 
 3
230.80 89.84
232.47 89.38
234.73 88.61
240.64 86.83
245.66 85.23
251.88 83.71
254.42 83.51
255.07 83.80
252.61 85.38
245.88 88.05
238.50 90.26
233.89 90.91
231.36 90.47
231.50 90.43
-1.00 -1.00
5 0
0 
 3
242.26 48.94
242.43 48.75
243.23 47.12
243.73 45.30
243.92 43.55
243.37 42.68
243.39 42.39
243.08 42.49
241.71 42.22
239.78 41.76
236.57 41.44
234.73 41.37
233.46 41.76
232.97 42.05
-1.00 -1.00
5 0
0 
 3
230.92 47.80
231.02 47.78
232.08 47.70
233.41 47.07
234.06 47.29
235.87 47.44
238.04 47.58
239.51 48.14
241.15 48.65
242.38 48.96
245.08 49.43
247.08 49.89
248.63 50.25
248.75 50.40
249.30 50.35
-1.00 -1.00
5 0
0 
 3
250.10 50.49
250.70 50.76
252.22 51.97
253.74 52.80
253.84 52.87
252.78 52.75
252.51 53.45
250.94 53.72
249.38 52.72
249.33 51.32
249.30 50.81
249.35 50.52
248.41 49.45
246.92 47.02
245.57 44.72
244.17 42.29
243.80 40.64
-1.00 -1.00
5 0
0 
 3
248.17 75.80
248.07 75.09
248.29 73.93
248.46 73.05
248.87 74.90
248.63 76.06
248.31 74.56
248.77 73.54
248.70 75.87
248.68 74.32
247.98 73.20
248.05 76.16
248.34 74.32
248.17 73.25
247.83 76.26
248.80 73.83
248.65 76.43
248.87 73.66
247.98 75.94
248.70 76.33
248.85 73.64
248.89 74.44
-1.00 -1.00
5 0
0 
 3
252.10 65.39
251.96 65.12
250.80 64.52
250.20 64.01
249.16 62.94
248.72 62.84
247.83 63.25
247.42 63.30
246.67 63.16
245.83 63.13
244.91 63.67
244.53 63.88
243.68 63.93
243.06 63.93
-1.00 -1.00
5 0
0 
 3
262.45 76.06
263.63 76.40
264.96 76.06
266.48 74.22
266.74 72.42
264.96 70.12
263.37 69.34
261.70 69.44
261.32 69.76
-1.00 -1.00
5 0
0 
 3
260.54 54.06
260.57 54.25
260.76 54.98
260.79 56.07
260.88 56.61
261.70 56.36
263.99 56.63
266.04 57.07
268.17 57.75
270.84 58.96
272.00 60.15
273.59 62.04
274.53 64.13
275.62 66.94
275.98 68.71
276.27 70.51
276.39 72.13
275.89 73.73
275.64 75.07
275.52 75.09
271.54 76.52
268.75 78.08
263.15 80.04
257.55 82.15
253.48 83.73
251.69 84.60
250.70 85.04
250.56 84.53
249.79 83.75
249.16 82.64
247.81 81.08
246.14 79.87
244.70 79.61
242.48 79.73
240.69 79.12
239.32 77.40
239.08 75.60
239.99 73.88
241.97 73.44
243.37 73.49
243.30 73.35
241.75 71.33
241.44 68.74
241.68 66.92
243.37 63.35
245.13 61.39
248.63 58.98
250.58 58.64
252.27 58.45
253.86 58.30
254.22 58.11
253.96 57.36
253.04 55.27
252.44 54.08
-1.00 -1.00
5 0
0 
 3
234.37 20.17
235.00 19.54
236.04 19.17
237.56 18.93
239.00 19.10
239.87 19.61
240.31 20.43
-1.00 -1.00
5 0
0 
 3
256.95 37.44
256.25 34.92
256.08 34.58
256.78 36.96
256.64 37.88
255.38 37.47
253.84 35.18
253.72 34.87
-1.00 -1.00
5 0
0 
 3
256.61 43.43
256.64 43.31
256.32 41.27
255.60 37.00
257.17 37.49
260.88 37.44
262.76 37.22
262.64 37.22
-1.00 -1.00
5 0
0 
 3
253.84 35.50
253.33 36.37
251.91 39.38
251.06 41.49
250.73 42.05
247.83 39.43
246.39 37.59
246.26 37.54
245.71 40.93
245.57 42.88
-1.00 -1.00
5 0
0 
 3
242.67 38.58
242.74 38.29
243.13 35.04
243.37 32.71
243.47 31.01
246.02 33.20
248.92 35.94
249.21 36.08
249.71 35.96
250.41 34.58
-1.00 -1.00
5 0
0 
 3
244.58 28.05
244.43 27.96
241.49 28.59
239.56 29.17
239.41 29.29
-1.00 -1.00
5 0
0 
 3
253.86 51.08
253.36 49.84
252.27 48.46
253.19 48.82
257.00 49.91
260.42 51.27
261.87 52.82
261.49 53.99
260.38 54.13
259.05 53.53
257.63 53.26
256.59 53.55
254.71 53.48
252.22 52.34
250.46 51.49
252.75 52.80
252.97 53.50
252.37 54.28
251.02 54.11
249.42 53.19
248.75 51.41
249.79 51.27
248.00 48.60
246.48 45.35
244.96 42.46
243.30 38.58
241.66 34.55
240.21 31.40
239.00 28.93
238.47 26.45
238.40 25.53
239.61 24.80
241.56 24.34
242.74 23.86
243.64 23.59
-1.00 -1.00
5 0
0 
 3
261.77 34.53
262.45 35.94
262.40 38.41
261.56 41.23
260.88 44.11
260.47 47.05
260.40 50.44
260.83 51.73
-1.00 -1.00
5 0
0 
 3
269.20 19.76
269.42 19.66
269.59 21.16
270.94 22.25
273.06 20.99
273.11 18.62
271.83 17.64
270.89 17.74
269.42 18.62
267.66 18.30
267.76 18.35
270.10 18.45
270.34 19.61
270.17 20.10
-1.00 -1.00
5 0
0 
 3
265.83 31.69
264.14 31.45
265.34 32.08
264.65 30.65
264.50 32.35
265.61 31.25
265.54 33.34
262.86 34.26
258.59 34.63
254.25 35.45
251.67 35.89
250.53 35.21
247.04 32.10
245.03 29.17
243.95 25.31
245.15 23.13
246.63 22.38
246.92 24.05
249.30 26.91
249.62 27.11
247.35 24.05
247.16 20.48
247.08 17.47
248.27 15.87
250.49 15.22
251.86 16.97
251.69 20.22
251.81 23.10
251.74 23.01
251.79 18.81
252.03 16.21
254.15 14.49
256.23 14.47
257.41 16.72
257.82 20.43
257.70 20.22
257.22 16.19
257.41 14.69
259.34 13.57
261.58 15.53
261.87 19.32
261.92 19.83
261.46 16.14
261.44 14.64
262.23 14.05
264.93 14.69
267.56 18.08
268.48 21.87
267.54 26.38
266.79 29.56
265.75 32.59
265.32 33.29
265.15 33.46
264.84 32.08
263.15 31.62
262.35 31.33
259.12 31.98
255.36 32.32
253.96 32.06
253.67 30.38
253.48 29.87
260.50 29.00
261.20 28.63
261.70 30.36
261.77 31.04
260.38 31.55
256.56 32.18
254.56 32.25
-1.00 -1.00
5 0
0 
 3
245.95 20.68
245.71 19.29
245.54 19.20
241.44 18.71
238.18 17.35
238.01 15.41
240.60 14.81
242.91 14.47
245.83 16.17
247.08 16.48
244.17 15.46
243.03 14.32
244.24 12.84
248.77 11.85
254.47 11.63
259.12 11.82
262.52 12.77
262.88 13.59
-1.00 -1.00
5 0
0 
 3
246.17 20.65
246.00 20.75
240.76 20.80
234.32 21.58
230.03 21.43
225.42 19.37
224.94 16.72
226.20 15.61
234.95 16.17
237.44 16.36
-1.00 -1.00
5 0
0 
 3
207.28 27.98
215.53 27.86
215.12 25.04
215.20 23.27
-1.00 -1.00
5 0
0 
 3
196.96 27.37
197.20 28.90
197.37 30.16
197.37 31.13
-1.00 -1.00
5 0
0 
 3
198.77 36.45
197.64 33.68
196.91 31.76
196.94 30.60
197.85 29.87
199.76 29.10
201.88 28.49
205.33 28.27
-1.00 -1.00
5 0
0 
 3
208.90 55.54
208.83 57.84
207.96 60.12
205.48 60.29
-1.00 -1.00
5 0
0 
 3
220.86 29.68
220.29 28.05
219.18 28.59
218.48 30.36
219.06 31.91
219.97 31.67
220.74 30.67
-1.00 -1.00
5 0
0 
 3
219.10 34.94
220.38 34.65
221.76 34.24
223.25 33.10
223.01 30.07
221.83 29.65
220.96 31.67
220.79 33.05
220.38 34.04
219.76 34.60
218.74 35.11
-1.00 -1.00
5 0
0 
 3
216.52 27.49
217.61 27.81
218.79 29.39
219.03 32.15
219.13 34.24
219.13 36.28
219.32 39.09
218.89 40.06
-1.00 -1.00
5 0
0 
 3
200.12 84.41
199.32 82.27
196.53 72.96
197.18 66.46
200.17 60.17
201.37 58.13
-1.00 -1.00
5 0
0 
 3
201.25 76.21
199.81 68.76
200.41 63.04
202.94 57.65
202.17 58.18
199.59 61.70
198.99 70.17
199.69 78.10
200.17 81.35
-1.00 -1.00
5 0
0 
 3
204.34 61.17
202.36 66.46
203.04 74.03
204.08 80.48
204.25 81.64
-1.00 -1.00
5 0
0 
 3
205.67 76.96
202.24 68.42
203.04 61.22
204.49 58.67
-1.00 -1.00
5 0
0 
 3
208.64 81.25
206.78 72.86
205.74 65.29
204.46 59.08
-1.00 -1.00
5 0
0 
 3
211.00 82.93
209.07 78.34
206.39 71.60
206.83 63.62
208.88 58.50
-1.00 -1.00
5 0
0 
 3
213.27 81.59
210.85 74.97
207.69 67.55
207.45 61.68
208.13 59.81
-1.00 -1.00
5 0
0 
 3
214.18 81.57
213.75 77.37
211.58 71.91
210.54 66.14
209.65 60.73
209.55 58.69
-1.00 -1.00
5 0
0 
 3
220.31 70.51
220.26 69.93
220.74 69.73
220.89 70.17
220.79 70.56
220.65 70.77
-1.00 -1.00
5 0
0 
 3
217.97 70.46
218.09 70.36
218.11 70.63
217.90 70.43
217.95 70.53
-1.00 -1.00
5 0
0 
 3
220.07 72.28
219.73 72.40
219.15 72.40
219.35 72.04
219.56 72.23
219.80 72.86
-1.00 -1.00
5 0
0 
 3
222.17 76.86
221.97 76.14
221.30 75.00
221.40 74.10
222.02 74.68
222.60 76.86
221.81 76.01
221.32 74.51
222.09 76.57
221.61 75.80
221.61 74.44
221.95 76.33
221.47 74.56
222.02 76.45
222.14 75.29
221.30 74.53
222.05 76.65
221.52 74.44
221.25 74.78
-1.00 -1.00
5 0
0 
 3
220.19 81.33
220.41 81.84
222.79 83.56
222.96 83.63
223.37 83.12
-1.00 -1.00
5 0
0 
 3
227.79 90.62
223.66 91.57
219.63 91.20
215.12 88.87
213.68 86.96
-1.00 -1.00
5 0
0 
 3
227.16 91.15
226.24 88.27
223.57 85.48
219.49 83.73
214.79 83.83
-1.00 -1.00
5 0
0 
 3
227.43 93.14
227.21 92.78
222.53 88.95
218.91 86.71
213.82 85.60
-1.00 -1.00
5 0
0 
 3
212.88 91.88
215.10 94.99
218.55 97.22
221.59 97.00
224.19 94.94
227.40 91.20
227.88 90.45
-1.00 -1.00
5 0
0 
 3
216.62 90.81
214.04 91.88
210.73 92.56
206.58 91.71
202.94 89.79
198.24 85.33
195.80 80.92
194.19 75.31
193.87 68.52
194.72 64.42
196.26 61.39
-1.00 -1.00
5 0
0 
 3
212.93 55.61
212.13 56.95
212.30 58.09
213.63 58.64
216.69 58.60
220.53 59.49
221.68 60.83
222.00 61.82
219.85 62.36
217.73 63.86
218.09 65.39
219.73 65.05
223.81 65.39
226.63 65.87
229.57 67.04
230.03 69.76
229.28 71.74
228.58 72.89
227.67 73.83
228.32 73.47
229.86 73.81
230.71 74.70
230.83 75.89
230.44 77.37
228.85 78.76
225.95 79.02
224.46 79.27
221.71 82.06
221.47 83.78
220.50 86.03
219.54 86.96
219.51 87.15
-1.00 -1.00
5 0
0 
 3
218.31 40.89
221.11 40.64
223.66 40.76
225.13 40.81
225.83 40.04
227.16 39.89
227.98 40.50
228.32 39.70
230.32 39.79
230.32 41.30
230.66 40.55
232.59 40.69
233.24 42.95
232.20 45.40
231.04 46.30
231.29 47.14
230.88 48.96
229.07 49.43
227.62 48.48
227.47 46.98
226.27 47.82
223.98 48.09
221.30 48.04
219.03 47.90
216.81 48.58
214.04 49.38
211.29 50.52
210.25 51.00
209.09 51.95
208.35 53.11
207.40 54.33
206.97 55.01
207.57 55.90
208.47 55.81
210.08 54.62
212.57 54.20
213.94 53.43
215.17 52.36
216.14 51.22
216.28 49.84
216.09 48.79
214.42 49.77
213.65 51.41
211.77 52.82
209.94 53.82
-1.00 -1.00
5 0
0 
 3
214.23 45.81
212.45 46.39
211.36 46.88
210.83 46.71
-1.00 -1.00
5 0
0 
 3
214.57 43.14
210.97 42.71
209.29 43.26
-1.00 -1.00
5 0
0 
 3
215.87 40.91
214.57 40.50
212.49 40.47
212.25 41.30
-1.00 -1.00
5 0
0 
 3
218.67 46.83
217.54 44.23
217.49 42.39
217.75 41.15
217.37 40.11
214.91 39.33
212.42 39.92
210.64 40.72
-1.00 -1.00
5 0
0 
 3
214.76 39.02
210.78 38.00
208.08 37.20
204.49 36.81
-1.00 -1.00
5 0
0 
 3
211.84 34.24
209.77 33.78
206.85 32.90
202.44 32.30
200.65 32.56
-1.00 -1.00
5 0
0 
 3
216.62 34.58
216.52 31.18
216.06 28.61
-1.00 -1.00
5 0
0 
 3
214.50 37.22
213.80 31.76
213.44 29.12
-1.00 -1.00
5 0
0 
 3
212.04 36.62
210.88 31.50
210.47 28.97
-1.00 -1.00
5 0
0 
 3
210.25 40.74
209.00 36.08
208.01 30.38
-1.00 -1.00
5 0
0 
 3
209.14 46.73
207.60 42.41
206.39 37.25
205.60 32.10
-1.00 -1.00
5 0
0 
 3
209.67 50.01
208.32 48.29
206.99 45.23
205.40 40.72
204.03 35.60
203.23 30.70
-1.00 -1.00
5 0
0 
 3
207.55 50.91
206.68 49.13
205.79 46.32
205.33 42.75
203.21 38.53
201.04 34.43
199.44 30.14
-1.00 -1.00
5 0
0 
 3
207.53 52.92
207.02 51.80
205.74 49.52
204.75 46.54
203.01 42.12
200.55 38.31
197.54 34.12
196.65 31.40
197.06 30.58
-1.00 -1.00
5 0
0 
 3
218.14 28.17
218.07 27.83
218.07 25.26
218.09 24.44
217.10 24.49
216.21 24.58
215.36 24.49
215.70 23.88
215.70 23.76
214.21 23.32
212.88 23.73
211.24 23.95
207.53 23.88
203.40 23.49
198.26 24.15
196.45 24.70
196.33 26.79
196.60 28.08
196.94 28.56
199.85 28.32
203.47 28.15
205.67 27.91
208.20 27.76
210.52 27.62
214.62 27.86
216.76 27.66
218.26 28.03
-1.00 -1.00
5 0
0 
 3
223.25 15.07
216.21 14.39
218.55 14.47
221.08 14.76
221.44 15.19
221.49 17.01
-1.00 -1.00
5 0
0 
 3
213.68 23.13
213.63 21.72
212.69 21.09
210.78 19.76
210.97 19.25
212.23 18.47
212.88 18.40
214.23 20.31
213.15 21.36
214.40 20.29
216.09 19.25
216.93 19.20
217.90 19.54
219.88 18.86
220.74 17.16
219.73 16.60
219.06 16.82
219.10 16.58
217.32 16.21
216.16 17.18
215.70 17.79
214.79 18.40
213.22 18.54
212.74 18.25
214.57 18.47
216.14 16.99
214.86 15.51
213.53 16.89
214.13 15.61
212.59 14.85
211.14 14.78
208.88 14.81
207.55 14.98
205.45 15.34
205.31 15.97
205.84 17.69
207.89 18.91
208.76 19.37
-1.00 -1.00
5 0
0 
 3
196.86 15.61
196.00 14.85
196.12 13.86
198.50 13.13
202.32 13.08
207.45 13.47
210.18 13.40
212.83 13.47
214.09 13.86
214.18 15.15
-1.00 -1.00
5 0
0 
 3
202.17 23.73
202.17 22.84
201.83 20.85
201.40 19.22
201.04 18.69
199.57 18.74
197.66 17.91
196.57 16.75
196.94 16.14
198.84 15.78
201.57 15.78
201.76 15.58
202.92 17.55
204.56 18.64
205.79 19.17
206.39 19.42
207.33 19.73
208.03 19.56
207.40 18.88
206.10 17.79
205.33 16.50
205.55 15.51
206.58 15.22
209.24 14.81
210.95 14.81
212.74 15.10
213.97 15.36
213.94 15.70
213.24 17.11
211.77 18.01
210.23 18.81
208.66 19.49
207.94 19.76
207.84 21.70
208.59 23.32
-1.00 -1.00
5 0
0 
 3
171.10 34.70
171.73 34.92
176.79 35.26
177.04 35.84
174.96 35.60
172.72 35.62
171.54 35.21
175.52 35.38
176.79 35.79
172.53 35.57
171.58 35.99
176.29 35.89
174.29 35.21
171.63 35.82
175.03 35.60
175.42 35.50
171.39 35.65
174.46 35.21
175.59 35.86
171.27 35.50
175.30 35.62
171.92 35.48
172.26 35.09
173.32 35.50
176.58 35.62
174.29 34.89
175.11 35.40
173.97 35.11
171.85 35.09
175.47 35.62
171.56 35.50
-1.00 -1.00
5 0
0 
 3
170.79 49.16
168.96 49.60
167.27 49.40
167.03 47.90
169.41 47.34
171.15 47.58
171.25 48.79
169.90 49.28
167.87 48.60
167.56 48.82
168.88 48.87
170.74 47.92
170.69 49.23
168.11 48.14
168.33 49.04
169.53 48.12
170.38 48.99
168.98 48.84
169.87 48.55
168.79 48.79
169.90 48.21
168.30 48.75
169.05 48.16
168.01 48.48
170.04 48.65
168.76 47.70
170.81 48.75
170.64 47.63
171.13 48.92
171.15 48.82
168.21 48.65
170.21 49.01
167.32 48.29
170.79 48.12
168.47 48.89
169.41 48.84
169.22 48.02
170.69 48.94
169.12 47.99
-1.00 -1.00
5 0
0 
 3
177.71 52.43
178.43 52.05
180.90 51.03
180.82 51.10
-1.00 -1.00
5 0
0 
 3
171.08 52.14
171.20 52.12
174.17 52.05
175.15 52.05
-1.00 -1.00
5 0
0 
 3
179.28 62.04
179.23 61.58
178.80 61.92
179.86 61.60
178.77 61.46
178.72 61.80
-1.00 -1.00
5 0
0 
 3
189.27 58.98
188.45 58.98
189.87 59.01
188.49 58.67
189.58 59.25
189.75 58.69
188.45 58.77
-1.00 -1.00
5 0
0 
 3
184.37 58.50
184.06 58.30
185.14 58.57
183.69 58.35
185.04 58.69
184.27 58.28
183.69 58.69
-1.00 -1.00
5 0
0 
 3
176.87 55.93
176.14 56.49
173.71 57.19
172.36 57.89
-1.00 -1.00
5 0
0 
 3
186.64 53.19
186.08 53.38
183.26 53.96
179.83 54.88
177.76 55.88
177.54 56.46
178.43 58.79
178.99 60.12
180.65 60.61
184.08 60.95
-1.00 -1.00
5 0
0 
 3
171.42 58.09
172.19 59.54
174.38 61.63
177.28 63.16
180.75 63.23
183.24 61.92
183.31 61.14
184.08 60.68
185.86 61.09
185.86 62.57
183.86 61.70
184.97 60.51
185.55 61.00
184.18 60.08
185.33 61.12
185.58 59.66
187.58 60.59
190.01 60.32
191.65 59.47
192.50 58.04
192.59 55.01
192.23 52.92
192.02 51.90
190.81 52.00
188.40 52.39
186.61 52.85
186.71 53.02
187.87 56.19
187.34 59.01
186.52 60.08
-1.00 -1.00
5 0
0 
 3
160.27 57.77
164.95 57.33
168.79 56.70
172.57 56.46
174.94 56.27
175.30 56.92
172.60 58.16
169.63 59.06
165.72 59.76
162.61 60.27
159.28 60.10
158.51 59.23
-1.00 -1.00
5 0
0 
 3
186.81 47.75
185.84 45.96
184.83 43.24
185.02 40.79
185.77 40.30
186.71 40.26
188.30 41.30
189.14 43.00
189.58 46.15
189.10 47.80
188.42 48.55
187.46 48.70
-1.00 -1.00
5 0
0 
 3
184.71 48.60
183.36 47.22
182.46 44.72
182.44 41.86
183.04 39.72
184.10 38.70
186.11 38.87
188.13 39.62
190.11 41.32
191.34 43.85
191.61 47.39
190.54 50.10
189.00 51.78
-1.00 -1.00
5 0
0 
 3
174.43 29.10
174.82 29.80
175.13 29.00
175.61 28.03
-1.00 -1.00
5 0
0 
 3
177.20 28.42
177.01 31.13
176.58 33.00
176.07 35.04
176.87 37.15
178.80 38.41
180.97 38.75
182.17 38.97
-1.00 -1.00
5 0
0 
 3
169.34 15.87
168.62 15.90
166.64 15.02
167.39 13.21
168.16 13.08
-1.00 -1.00
5 0
0 
 3
167.92 17.62
165.31 17.50
162.92 16.21
162.47 14.54
163.62 13.64
165.46 13.52
167.97 13.21
171.27 12.84
174.31 13.01
176.87 13.33
178.19 13.25
178.87 14.22
178.94 14.64
-1.00 -1.00
5 0
0 
 3
180.99 25.97
182.03 24.10
182.78 21.53
182.87 19.61
182.03 17.74
181.09 15.70
180.22 14.95
179.28 14.85
178.97 15.53
179.67 16.67
180.27 17.60
179.95 18.81
179.62 19.56
179.69 19.39
179.57 17.11
178.94 15.51
178.39 14.76
177.78 14.15
176.89 14.08
176.38 14.78
177.18 16.29
177.66 17.74
177.06 18.54
176.48 20.19
176.96 18.83
177.18 16.63
176.24 14.73
174.82 14.44
173.54 15.53
172.98 18.69
173.30 19.88
173.01 18.54
172.67 16.29
171.58 14.90
169.56 15.07
168.71 17.35
169.27 19.85
171.46 22.67
171.73 23.03
170.84 21.84
169.24 20.31
167.70 20.77
167.60 22.23
168.33 24.51
169.68 26.28
171.42 27.45
173.08 27.74
174.46 27.62
-1.00 -1.00
5 0
0 
 3
174.53 56.75
174.38 56.27
173.63 55.56
172.50 55.30
171.20 55.39
169.44 55.76
167.41 55.44
165.36 55.05
162.68 53.48
160.87 50.74
160.20 47.73
160.54 44.96
161.91 42.95
163.75 41.71
165.60 40.64
169.15 39.55
171.58 38.87
172.67 37.54
172.98 36.59
173.30 35.91
172.72 35.06
171.17 33.41
169.05 30.33
167.89 27.35
167.65 25.31
167.92 24.68
168.09 24.32
168.06 24.44
167.44 25.89
165.92 24.83
166.06 23.18
167.05 23.25
167.73 23.83
168.52 25.04
170.21 26.84
172.40 27.69
174.02 27.71
176.53 27.28
179.28 26.45
179.57 26.31
180.05 25.92
180.46 25.29
180.53 24.95
179.71 24.68
179.28 25.65
179.64 26.33
179.28 25.09
178.60 24.90
177.57 25.31
175.90 26.06
174.14 26.35
173.95 25.80
174.12 24.85
175.49 24.66
176.55 24.44
177.47 24.66
177.42 25.41
177.54 25.38
-1.00 -1.00
5 0
0 
 3
185.67 68.59
187.02 68.93
-1.00 -1.00
5 0
0 
 3
178.75 69.73
175.83 67.35
178.29 69.20
182.37 69.42
-1.00 -1.00
5 0
0 
 3
165.10 68.42
164.61 68.15
167.36 70.00
169.46 69.71
172.60 69.63
172.77 69.90
171.37 67.81
172.72 68.37
174.94 69.76
-1.00 -1.00
5 0
0 
 3
160.15 69.17
159.67 67.69
160.90 69.42
163.24 70.24
-1.00 -1.00
5 0
0 
 3
155.50 71.14
155.69 69.73
156.48 68.66
-1.00 -1.00
5 0
0 
 3
150.02 69.32
148.77 67.47
149.20 68.25
150.04 69.51
154.70 72.33
156.00 73.13
-1.00 -1.00
5 0
0 
 3
140.95 71.82
142.74 69.56
145.68 69.49
145.44 70.34
144.42 72.57
146.40 68.20
-1.00 -1.00
5 0
0 
 3
134.82 73.88
132.12 69.85
132.15 69.46
137.57 71.16
140.42 73.01
136.20 70.34
-1.00 -1.00
5 0
0 
 3
236.13 69.44
234.90 66.89
237.44 67.84
239.10 68.20
-1.00 -1.00
5 0
0 
 3
233.46 68.88
233.91 68.91
-1.00 -1.00
5 0
0 
 3
285.53 49.28
284.47 48.19
-1.00 -1.00
5 0
0 
 3
281.96 49.86
281.19 47.97
-1.00 -1.00
5 0
0 
 3
272.17 48.99
274.41 49.40
276.75 49.47
276.90 49.09
275.55 48.60
278.32 50.61
279.91 51.34
277.60 49.93
277.02 49.09
277.98 49.18
-1.00 -1.00
5 0
0 
 3
293.81 25.38
293.33 24.66
-1.00 -1.00
5 0
0 
 3
294.15 27.42
291.25 26.09
-1.00 -1.00
5 0
0 
 3
293.57 29.77
290.58 27.54
287.75 25.97
-1.00 -1.00
5 0
0 
 3
280.81 30.48
277.79 28.73
276.78 28.13
280.44 28.49
283.70 28.63
285.97 28.54
285.20 28.37
281.29 26.72
280.73 26.48
285.41 27.15
287.44 27.62
-1.00 -1.00
5 0
0 
 3
276.59 30.89
271.93 29.22
271.01 28.85
-1.00 -1.00
5 0
0 
 3
282.21 12.14
283.58 12.02
290.60 11.36
-1.00 -1.00
5 0
0 
 3
266.09 13.69
274.10 13.76
277.79 12.72
281.58 13.76
287.75 13.86
296.32 13.38
-1.00 -1.00
5 0
0 
 3
229.67 55.13
231.36 55.05
232.27 53.53
232.35 52.87
-1.00 -1.00
5 0
0 
 3
228.25 51.88
229.43 51.51
229.57 51.37
-1.00 -1.00
5 0
0 
 3
227.02 37.15
227.50 36.01
230.63 37.03
233.38 38.34
-1.00 -1.00
5 0
0 
 3
228.73 32.44
230.01 32.49
233.09 34.48
233.96 35.06
-1.00 -1.00
5 0
0 
 3
195.90 17.94
196.45 17.98
-1.00 -1.00
5 0
0 
 3
187.46 16.50
193.63 16.80
-1.00 -1.00
5 0
0 
 3
217.92 7.70
222.55 7.09
-1.00 -1.00
5 0
0 
 3
191.51 9.11
196.04 9.42
201.54 9.61
200.19 9.25
197.20 8.38
200.84 8.81
206.39 8.94
207.07 8.77
204.49 8.40
210.56 7.97
-1.00 -1.00
5 0
0 
 3
181.57 8.30
183.50 8.35
187.87 8.13
-1.00 -1.00
5 0
0 
 3
180.73 9.52
185.19 10.49
190.74 10.61
-1.00 -1.00
5 0
0 
 3
157.35 9.40
159.64 9.35
158.58 10.29
156.97 10.25
158.70 9.25
162.47 9.23
166.13 9.30
167.60 8.72
165.00 7.87
166.88 7.87
171.01 8.40
175.28 8.18
177.86 8.11
-1.00 -1.00
5 0
0 
 3
139.72 9.78
142.16 9.93
147.25 10.61
151.06 10.63
151.85 9.15
148.60 8.79
-1.00 -1.00
5 0
0 
 3
134.44 10.66
135.04 10.63
138.35 10.73
142.47 11.14
-1.00 -1.00
5 0
0 
 3
155.09 16.00
157.50 15.27
158.90 14.59
-1.00 -1.00
5 0
0 
 3
141.63 16.17
143.15 16.38
147.05 16.53
150.02 16.12
151.39 15.70
151.25 16.72
152.46 17.06
155.59 16.89
-1.00 -1.00
5 0
0 
 3
159.57 35.45
159.21 34.82
157.74 32.61
159.96 34.34
162.68 35.52
163.60 35.21
161.53 32.01
162.90 33.37
165.07 34.02
-1.00 -1.00
5 0
0 
 3
152.21 34.89
153.49 33.37
154.14 32.35
157.52 35.26
-1.00 -1.00
5 0
0 
 3
148.84 35.62
148.96 35.60
146.31 32.76
146.11 31.81
146.16 31.98
150.45 34.31
-1.00 -1.00
5 0
0 
 3
146.52 37.25
143.63 35.23
140.47 31.33
140.08 30.48
-1.00 -1.00
5 0
0 
 3
139.29 35.21
139.38 34.92
138.47 31.62
-1.00 -1.00
5 0
0 
 3
136.37 34.63
135.35 32.13
135.96 29.48
-1.00 -1.00
5 0
0 
 3
130.34 30.11
132.27 30.16
133.71 29.48
134.08 29.24
133.16 32.86
133.42 34.36
-1.00 -1.00
5 0
0 
 -1
