gremlinfile
1 124.00 4.00
3
133.43 48.29
131.73 46.01
-1.00 -1.00
5 0
0 
 3
135.81 51.00
132.07 46.45
-1.00 -1.00
5 0
0 
 3
138.95 50.56
139.59 47.21
139.67 46.20
139.89 48.32
142.31 52.51
143.56 53.52
-1.00 -1.00
5 0
0 
 3
143.67 51.51
140.45 47.43
139.31 45.87
-1.00 -1.00
5 0
0 
 3
144.33 47.62
143.78 45.95
143.20 44.67
-1.00 -1.00
5 0
0 
 3
231.72 41.12
238.18 41.99
247.45 42.54
-1.00 -1.00
5 0
0 
 3
176.20 40.76
179.42 41.09
184.86 41.40
192.08 41.37
197.88 41.20
203.35 40.76
206.96 40.62
209.12 40.76
-1.00 -1.00
5 0
0 
 3
130.82 49.83
132.15 49.66
135.67 49.19
139.31 48.21
143.50 47.12
147.97 46.01
151.97 44.83
155.49 44.25
-1.00 -1.00
5 0
0 
 3
232.35 22.67
233.41 22.83
235.96 23.42
240.65 23.67
244.51 22.95
245.01 22.42
244.29 22.36
244.51 22.75
247.62 23.70
-1.00 -1.00
5 0
0 
 3
229.02 29.76
229.00 30.60
228.44 32.38
227.83 34.00
227.52 35.15
227.27 36.79
227.89 38.58
228.19 39.89
227.86 41.32
227.39 43.05
226.44 44.72
-1.00 -1.00
5 0
0 
 3
225.86 73.31
225.50 72.36
225.47 70.96
226.19 71.19
226.69 73.31
226.55 74.48
224.92 72.53
224.97 70.63
226.39 72.05
226.44 74.37
225.47 71.86
226.47 72.16
226.44 74.40
225.50 71.19
226.97 73.03
226.00 73.39
226.08 71.13
226.64 74.20
-1.00 -1.00
5 0
0 
 3
223.86 76.46
222.61 75.60
222.22 73.56
222.06 71.33
222.53 70.54
-1.00 -1.00
5 0
0 
 3
200.63 71.24
199.41 72.95
198.30 75.77
200.18 79.81
-1.00 -1.00
5 0
0 
 3
202.88 74.51
201.82 75.96
200.90 78.86
201.93 81.99
202.15 82.55
-1.00 -1.00
5 0
0 
 3
207.12 78.19
206.84 79.65
205.46 82.77
203.93 83.58
-1.00 -1.00
5 0
0 
 3
209.98 82.13
209.12 83.30
207.93 85.09
206.65 86.04
205.65 86.23
-1.00 -1.00
5 0
0 
 3
214.09 85.09
213.48 85.34
211.01 86.60
209.15 88.30
208.20 89.11
-1.00 -1.00
5 0
0 
 3
205.76 86.40
215.14 86.82
215.39 88.02
214.92 89.11
212.84 90.03
209.34 89.42
208.20 89.17
-1.00 -1.00
5 0
0 
 3
206.46 87.32
207.21 88.50
207.23 89.17
209.09 90.51
211.37 91.62
214.34 91.71
217.48 90.67
218.97 89.72
219.47 89.39
-1.00 -1.00
5 0
0 
 3
204.18 89.14
205.23 89.86
206.87 89.53
206.90 87.63
205.85 86.21
203.93 85.03
201.74 83.33
200.93 81.96
-1.00 -1.00
5 0
0 
 3
198.66 89.14
198.49 89.67
198.52 91.20
199.54 92.21
200.71 91.57
201.52 89.98
-1.00 -1.00
5 0
0 
 3
198.05 85.82
196.49 86.26
195.63 87.77
197.18 89.39
199.71 89.28
200.96 87.97
201.52 86.60
-1.00 -1.00
5 0
0 
 3
199.41 68.00
199.16 68.14
197.49 70.43
196.52 73.28
196.94 76.69
198.21 79.09
200.46 81.74
201.35 82.88
200.68 83.08
198.60 83.47
196.91 84.17
196.80 85.31
199.07 85.93
201.38 85.68
201.52 85.54
200.90 87.02
201.15 89.08
202.51 90.14
203.82 89.50
204.35 87.43
203.57 84.89
201.71 83.39
200.13 82.91
-1.00 -1.00
5 0
0 
 3
214.20 55.22
214.56 56.78
213.87 56.78
210.09 56.64
206.59 57.26
204.57 58.74
203.62 60.89
202.99 62.84
203.10 62.87
203.65 60.58
204.24 58.04
205.07 56.33
206.43 55.92
207.87 56.31
208.82 56.87
-1.00 -1.00
5 0
0 
 3
212.92 59.96
210.65 59.18
207.82 58.62
206.07 60.47
204.71 62.76
-1.00 -1.00
5 0
0 
 3
206.37 67.92
206.59 66.11
206.96 63.96
209.20 62.25
211.79 62.70
213.28 63.20
214.23 63.43
-1.00 -1.00
5 0
0 
 3
214.98 63.15
213.23 62.53
211.15 62.59
208.87 64.57
207.65 66.89
206.29 68.14
-1.00 -1.00
5 0
0 
 3
207.37 70.24
207.93 67.67
209.51 65.94
211.45 65.10
213.67 65.46
-1.00 -1.00
5 0
0 
 3
213.84 75.21
211.54 75.15
209.62 73.81
209.59 71.30
209.93 69.12
211.54 68.40
213.59 69.15
-1.00 -1.00
5 0
0 
 3
216.31 77.02
214.09 77.72
211.98 77.66
-1.00 -1.00
5 0
0 
 3
223.92 88.13
221.75 85.96
217.67 83.11
215.70 81.60
212.15 78.70
208.84 75.46
206.65 72.67
204.07 68.48
202.74 65.72
201.52 63.31
200.85 62.14
199.32 63.15
199.18 66.97
200.10 70.21
202.85 73.81
207.51 78.05
211.70 82.27
214.62 85.12
218.61 88.52
220.72 89.56
223.39 88.86
-1.00 -1.00
5 0
0 
 3
218.59 78.89
217.31 80.90
-1.00 -1.00
5 0
0 
 3
227.58 81.60
224.69 83.50
223.25 84.59
220.89 84.53
-1.00 -1.00
5 0
0 
 3
229.55 82.44
229.41 83.19
228.13 85.15
225.05 86.63
223.33 86.65
-1.00 -1.00
5 0
0 
 3
230.88 86.07
230.69 86.54
227.36 87.16
-1.00 -1.00
5 0
0 
 3
230.77 84.73
229.27 87.71
228.00 88.97
224.39 87.71
-1.00 -1.00
5 0
0 
 3
219.11 54.91
218.67 55.86
218.50 56.67
219.56 57.68
222.83 58.21
226.44 59.15
230.66 61.75
232.24 64.24
232.94 66.86
232.27 68.56
231.91 70.38
232.55 70.15
234.46 70.77
235.32 72.75
234.57 74.51
232.85 74.87
229.74 75.63
228.33 76.13
226.72 78.28
226.61 82.13
226.83 85.03
226.83 86.12
225.78 87.41
224.78 87.71
-1.00 -1.00
5 0
0 
 3
218.61 52.34
217.73 53.46
216.70 54.07
215.23 54.41
213.59 54.35
212.54 54.46
211.65 53.91
212.23 51.20
212.92 49.33
213.84 48.35
215.23 48.16
215.70 48.32
217.06 49.58
218.59 51.25
218.70 52.20
-1.00 -1.00
5 0
0 
 3
222.36 50.81
221.25 52.48
220.14 53.29
218.73 52.65
219.39 50.42
221.25 49.41
222.81 49.30
223.03 49.77
-1.00 -1.00
5 0
0 
 3
213.28 42.80
213.92 43.66
216.70 44.02
220.09 43.77
223.42 44.61
225.16 44.50
-1.00 -1.00
5 0
0 
 3
217.20 42.15
218.53 42.04
220.81 41.57
222.39 41.43
224.28 41.87
226.30 41.29
-1.00 -1.00
5 0
0 
 3
228.63 30.68
228.63 29.59
228.30 28.64
-1.00 -1.00
5 0
0 
 3
221.08 53.57
222.69 52.98
223.39 51.81
223.50 50.05
224.72 49.10
225.16 46.23
226.28 45.34
226.69 42.60
227.80 40.53
227.44 38.91
228.69 39.00
229.30 36.49
228.77 33.67
227.66 33.39
227.27 36.01
227.33 38.13
228.22 39.78
-1.00 -1.00
5 0
0 
 3
208.70 32.55
207.79 29.93
207.71 29.31
209.45 28.75
-1.00 -1.00
5 0
0 
 3
214.59 40.81
214.87 41.59
213.95 40.95
213.20 39.56
212.34 39.75
211.70 39.92
211.62 41.48
212.17 43.94
-1.00 -1.00
5 0
0 
 3
213.45 54.21
212.17 53.88
211.67 52.57
212.62 50.53
212.87 49.33
211.56 47.12
209.93 42.60
208.87 38.94
208.23 34.87
208.76 32.86
210.45 32.80
212.62 32.66
213.42 32.44
213.03 34.95
212.62 37.46
213.20 39.70
213.81 40.42
214.56 39.56
214.95 37.91
214.70 35.51
213.81 32.44
-1.00 -1.00
5 0
0 
 3
222.03 27.78
221.70 26.07
222.56 24.98
222.67 24.29
221.61 22.44
222.31 21.35
221.78 19.37
220.83 18.09
-1.00 -1.00
5 0
0 
 3
211.73 18.95
210.51 19.26
210.45 20.96
210.43 24.34
210.15 27.11
210.34 28.70
214.45 28.81
217.67 28.81
220.81 28.67
224.28 29.12
226.75 29.42
227.94 28.45
228.33 25.63
228.47 23.50
228.66 21.80
228.52 20.57
227.50 19.93
-1.00 -1.00
5 0
0 
 3
215.56 18.28
213.90 17.53
213.03 16.13
-1.00 -1.00
5 0
0 
 3
219.95 17.86
219.50 17.56
218.06 16.86
215.92 16.25
215.31 16.80
217.70 18.17
220.03 17.98
-1.00 -1.00
5 0
0 
 3
225.11 19.26
224.08 18.42
223.55 17.78
-1.00 -1.00
5 0
0 
 3
228.91 18.84
228.44 18.34
227.64 17.53
226.00 17.03
-1.00 -1.00
5 0
0 
 3
227.83 14.77
231.91 14.91
234.74 15.97
234.27 17.75
231.24 18.59
229.19 18.76
227.33 19.01
225.16 19.37
223.33 19.07
221.89 18.51
221.08 17.81
-1.00 -1.00
5 0
0 
 3
210.68 17.50
209.81 17.17
208.15 16.80
207.82 14.91
210.09 13.34
218.95 13.12
223.47 13.71
225.97 14.35
226.64 16.11
224.69 17.59
221.72 17.92
219.75 18.03
216.31 18.26
213.37 18.20
-1.00 -1.00
5 0
0 
 3
142.64 21.33
147.05 21.72
151.94 22.44
154.52 21.66
-1.00 -1.00
5 0
0 
 3
142.59 26.99
149.50 26.55
-1.00 -1.00
5 0
0 
 3
122.88 27.69
133.70 26.99
137.59 26.77
-1.00 -1.00
5 0
0 
 3
181.59 19.85
188.05 20.77
196.71 20.80
200.99 20.57
-1.00 -1.00
5 0
0 
 3
168.48 51.09
168.04 52.29
166.12 52.40
-1.00 -1.00
5 0
0 
 3
168.23 50.84
168.51 51.42
169.04 53.32
169.23 54.24
171.43 54.46
-1.00 -1.00
5 0
0 
 3
147.94 66.27
148.11 64.74
148.72 62.53
150.64 60.55
151.66 59.77
152.91 58.85
154.74 57.87
157.21 57.45
159.74 57.79
160.60 57.76
160.85 56.98
160.71 54.88
160.74 54.72
-1.00 -1.00
5 0
0 
 3
151.72 85.17
150.80 82.47
-1.00 -1.00
5 0
0 
 3
153.11 88.38
148.25 83.19
145.64 78.17
147.44 77.02
-1.00 -1.00
5 0
0 
 3
149.94 86.26
145.67 80.76
144.75 76.85
-1.00 -1.00
5 0
0 
 3
151.36 90.90
147.30 85.03
143.67 79.98
143.89 76.58
-1.00 -1.00
5 0
0 
 3
144.33 73.76
142.47 76.91
140.70 78.89
140.28 80.23
143.25 83.39
145.97 85.48
148.69 89.92
150.91 93.77
154.08 97.68
157.05 98.49
160.54 96.93
162.24 96.06
163.49 95.87
-1.00 -1.00
5 0
0 
 3
164.43 92.57
162.60 90.92
160.54 89.67
158.24 87.46
155.55 83.78
152.99 79.84
150.39 74.65
146.44 68.76
-1.00 -1.00
5 0
0 
 3
165.32 89.70
163.24 88.22
159.96 85.59
158.10 82.52
155.33 78.53
152.44 74.09
150.75 71.08
147.58 67.17
145.75 65.16
144.47 66.83
142.81 69.09
143.97 72.11
147.22 75.79
149.19 79.45
151.13 83.08
153.55 86.82
157.07 90.23
160.02 93.02
162.35 96.09
165.60 97.29
168.09 96.26
168.98 94.33
-1.00 -1.00
5 0
0 
 3
177.98 95.61
176.39 97.01
174.76 97.71
172.76 96.84
170.95 93.49
170.68 91.87
170.32 92.15
168.82 92.29
-1.00 -1.00
5 0
0 
 3
163.82 77.64
161.96 79.03
160.10 78.86
158.49 77.27
158.19 73.67
158.93 70.94
161.35 70.52
164.04 70.85
-1.00 -1.00
5 0
0 
 3
176.56 78.61
175.70 76.94
175.20 75.29
175.37 74.23
176.73 75.07
177.87 77.83
177.78 79.81
176.53 78.67
175.51 76.10
175.62 75.07
177.25 77.92
177.20 79.56
175.59 76.27
176.64 75.68
177.78 79.45
176.12 76.55
177.78 77.50
177.06 78.78
176.59 75.88
177.39 79.26
176.62 75.77
177.01 78.86
-1.00 -1.00
5 0
0 
 3
176.37 88.19
174.84 86.85
173.95 85.31
-1.00 -1.00
5 0
0 
 3
170.26 54.32
169.34 55.83
169.18 57.23
170.87 58.40
171.87 58.68
173.42 58.96
175.56 59.60
177.37 60.10
178.37 61.00
178.84 61.95
178.12 62.78
176.92 62.92
175.89 63.20
175.95 63.93
176.73 64.71
178.45 65.02
180.03 65.05
182.39 65.58
184.08 66.83
184.89 69.18
184.92 71.94
184.53 74.09
183.20 75.46
183.89 75.21
185.58 75.96
186.83 77.94
186.50 79.90
184.83 82.02
182.28 82.24
180.23 81.80
178.95 82.02
178.17 82.94
177.62 84.48
176.45 86.65
174.59 88.58
173.20 89.70
172.56 90.00
-1.00 -1.00
5 0
0 
 3
187.33 53.07
189.05 52.93
190.75 53.54
191.08 54.72
190.72 55.75
188.86 56.00
187.19 55.41
185.03 54.10
183.75 53.10
182.36 52.57
-1.00 -1.00
5 0
0 
 3
186.94 50.86
187.58 51.90
187.36 53.12
186.00 53.52
184.47 53.15
184.03 52.34
183.81 52.06
182.92 52.01
182.22 51.67
-1.00 -1.00
5 0
0 
 3
186.80 49.13
188.77 49.58
189.39 50.86
189.25 52.20
189.05 52.54
187.69 51.78
187.61 50.50
186.97 49.86
186.28 49.36
187.94 48.55
-1.00 -1.00
5 0
0 
 3
188.30 46.73
189.91 47.99
190.05 48.96
189.27 49.66
188.14 49.02
187.72 47.65
-1.00 -1.00
5 0
0 
 3
183.11 45.39
183.39 45.17
185.05 44.83
187.03 45.89
187.72 47.12
187.19 48.80
186.17 49.97
185.17 50.64
-1.00 -1.00
5 0
0 
 3
179.20 48.60
178.48 48.07
177.28 45.36
177.39 43.13
-1.00 -1.00
5 0
0 
 3
176.48 50.08
174.48 48.52
173.87 46.48
-1.00 -1.00
5 0
0 
 3
175.06 43.52
175.42 43.27
176.67 42.43
179.53 42.10
182.25 42.77
183.72 43.55
184.28 44.39
184.00 44.41
182.72 45.14
181.83 47.40
181.72 50.25
183.06 52.18
183.94 53.04
181.03 52.29
177.95 51.31
175.01 51.34
173.59 51.53
-1.00 -1.00
5 0
0 
 3
178.34 14.54
177.56 13.48
176.09 12.28
175.15 13.34
176.12 15.38
175.17 14.10
174.12 12.76
172.84 13.23
172.95 14.46
174.17 16.02
174.76 16.16
-1.00 -1.00
5 0
0 
 3
175.23 10.47
175.78 10.55
180.31 10.94
183.56 11.58
185.08 13.34
184.14 15.21
181.42 16.22
178.53 16.36
175.12 16.22
171.87 15.63
169.34 15.13
168.12 14.79
-1.00 -1.00
5 0
0 
 3
173.42 26.44
171.51 26.18
168.71 25.96
165.87 25.77
163.26 26.18
162.15 26.35
-1.00 -1.00
5 0
0 
 3
170.54 53.49
170.43 54.44
171.37 54.74
172.54 53.32
172.62 51.23
171.93 50.25
173.15 47.99
174.37 45.22
175.31 41.04
175.73 37.13
176.73 33.53
177.73 29.31
177.89 27.61
174.84 26.74
173.56 26.41
-1.00 -1.00
5 0
0 
 3
168.90 52.20
168.65 51.28
167.96 50.00
169.45 49.97
169.84 48.32
170.62 47.29
170.26 45.39
170.95 43.19
171.65 40.28
172.01 37.41
172.65 35.73
172.56 33.41
172.84 32.33
172.31 29.37
172.81 27.30
172.76 26.32
-1.00 -1.00
5 0
0 
 3
164.65 39.61
164.79 39.70
167.84 39.92
170.84 39.58
174.28 38.33
176.62 36.85
177.09 36.23
-1.00 -1.00
5 0
0 
 3
175.48 33.61
175.81 33.64
177.42 34.00
-1.00 -1.00
5 0
0 
 3
164.35 31.85
166.68 31.57
168.40 31.29
170.82 31.52
172.95 31.29
175.67 31.74
-1.00 -1.00
5 0
0 
 3
163.18 33.22
165.04 34.89
165.82 35.34
165.15 32.69
164.99 32.38
166.82 34.31
167.48 34.84
167.46 34.08
167.68 33.11
170.04 33.64
171.70 33.67
172.81 33.36
-1.00 -1.00
5 0
0 
 3
162.49 34.45
162.63 34.50
164.96 36.23
-1.00 -1.00
5 0
0 
 3
156.55 34.14
157.63 34.67
161.60 36.79
-1.00 -1.00
5 0
0 
 3
155.71 36.51
155.44 33.61
156.05 30.15
-1.00 -1.00
5 0
0 
 3
159.93 39.70
157.82 38.83
156.96 39.33
156.49 39.47
155.16 39.22
-1.00 -1.00
5 0
0 
 3
162.52 42.68
162.40 40.53
162.15 36.35
161.88 31.99
161.52 28.98
161.18 26.41
160.43 24.93
159.32 24.65
158.88 26.52
158.77 26.24
157.60 24.31
156.24 23.56
155.71 24.48
156.08 25.85
155.44 25.57
154.72 25.96
154.77 27.58
155.46 29.51
157.88 30.57
160.32 30.85
161.60 30.87
-1.00 -1.00
5 0
0 
 3
160.41 49.63
161.96 49.27
163.46 50.56
164.04 51.31
164.85 51.39
166.24 51.48
166.90 51.95
167.18 52.82
166.46 53.88
164.68 54.44
162.85 54.44
161.49 54.83
160.32 55.53
159.46 55.55
158.07 54.66
158.41 52.34
159.32 50.42
159.91 50.05
158.93 48.02
157.24 44.75
156.08 42.26
154.74 39.22
153.47 35.42
152.80 32.66
152.83 29.45
153.19 28.08
153.30 27.78
153.77 26.77
154.08 25.65
155.05 24.43
155.27 24.01
-1.00 -1.00
5 0
0 
 3
171.43 20.80
172.95 21.66
174.53 22.92
174.40 22.36
172.29 19.15
170.59 17.08
171.70 16.89
174.56 18.26
174.48 18.17
173.65 16.52
-1.00 -1.00
5 0
0 
 3
161.46 20.94
161.10 20.27
163.21 21.33
164.38 21.88
162.85 19.20
163.15 17.89
164.24 17.78
162.74 15.69
162.46 15.41
-1.00 -1.00
5 0
0 
 3
169.15 23.25
168.96 20.01
169.21 17.25
169.57 15.55
169.48 14.12
-1.00 -1.00
5 0
0 
 3
176.81 26.74
176.42 22.92
176.48 19.99
177.34 17.17
-1.00 -1.00
5 0
0 
 3
155.10 18.59
155.69 21.47
155.71 23.17
155.74 23.95
-1.00 -1.00
5 0
0 
 3
164.90 13.34
163.65 12.59
163.57 11.72
166.07 12.34
167.07 13.68
-1.00 -1.00
5 0
0 
 3
160.71 13.26
159.43 12.45
159.71 11.92
161.93 12.09
164.18 13.12
164.49 14.07
161.90 13.90
-1.00 -1.00
5 0
0 
 3
154.52 16.05
153.72 15.88
152.74 15.55
151.61 14.35
151.25 13.06
152.05 11.30
153.97 10.63
156.74 10.02
161.27 9.71
165.43 9.57
169.26 9.60
172.76 9.91
173.81 10.75
172.29 12.17
169.70 13.57
167.62 14.40
164.85 14.43
161.88 14.04
158.05 14.12
156.27 15.24
153.86 16.08
152.30 15.46
-1.00 -1.00
5 0
0 
 3
227.19 13.82
233.16 14.57
242.99 14.40
-1.00 -1.00
5 0
0 
 3
197.49 12.53
202.71 13.34
211.45 13.17
222.64 12.92
230.58 12.45
240.76 11.47
-1.00 -1.00
5 0
0 
 3
184.39 10.72
188.66 11.58
197.74 12.00
202.93 11.00
-1.00 -1.00
5 0
0 
 3
135.45 6.98
137.17 7.28
150.41 9.49
154.83 10.10
-1.00 -1.00
5 0
0 
 3
125.60 10.10
125.46 10.10
128.04 11.28
133.73 12.06
139.73 12.48
146.61 12.09
156.63 10.36
163.96 9.46
168.90 9.35
174.34 9.74
178.45 10.44
182.28 10.66
189.47 10.77
197.21 10.44
206.84 8.82
211.06 7.59
-1.00 -1.00
5 0
0 
 -1
