gremlinfile
1 124.00 4.00
3
168.73 16.04
171.38 13.98
175.39 11.43
177.81 9.87
181.14 7.71
184.20 6.03
186.62 4.40
188.51 3.03
189.15 2.76
-1.00 -1.00
5 0
0 
 3
152.24 25.96
154.43 24.44
155.87 23.42
156.89 22.65
-1.00 -1.00
5 0
0 
 3
138.40 48.75
138.10 47.80
138.10 44.15
138.85 40.34
140.33 37.49
141.08 36.35
141.20 36.16
-1.00 -1.00
5 0
0 
 3
143.62 65.48
143.16 65.22
141.99 63.62
141.08 61.45
140.97 60.12
140.90 59.93
-1.00 -1.00
5 0
0 
 3
197.63 71.65
195.66 70.35
191.95 67.69
189.49 65.60
188.74 64.99
188.55 64.91
187.87 64.42
187.00 65.45
184.96 67.16
182.27 68.76
178.37 70.58
175.80 71.91
175.35 72.52
174.82 72.86
173.65 73.51
-1.00 -1.00
5 0
0 
 3
227.88 71.11
226.94 71.87
226.78 71.95
-1.00 -1.00
5 0
0 
 3
237.22 45.17
237.90 46.66
238.09 48.60
238.17 50.42
237.94 52.48
237.98 54.83
237.79 56.58
237.26 58.71
236.24 60.46
235.33 61.64
235.29 61.79
-1.00 -1.00
5 0
0 
 3
232.68 35.28
234.12 36.99
234.27 36.92
-1.00 -1.00
5 0
0 
 3
189.04 3.48
189.15 3.64
189.99 4.47
192.10 5.96
195.85 8.54
198.76 10.22
203.00 13.22
205.79 15.05
209.65 17.48
213.28 19.69
221.30 24.97
222.96 26.34
223.61 26.80
-1.00 -1.00
5 0
0 
 3
227.28 45.21
228.71 44.79
229.09 44.37
229.55 45.59
229.58 47.04
230.15 47.80
231.13 48.44
231.59 48.82
231.47 48.52
231.28 47.53
231.28 48.79
231.93 48.94
233.44 48.94
234.65 47.95
234.80 47.30
234.99 46.09
234.76 44.56
235.07 42.78
236.58 40.30
237.22 38.36
237.22 36.50
235.82 36.20
235.52 37.95
235.56 38.59
235.63 36.54
234.31 36.16
233.25 37.56
233.52 38.33
233.14 37.03
232.34 37.03
231.70 37.30
-1.00 -1.00
5 0
0 
 3
222.36 72.83
222.40 71.04
221.53 68.79
219.83 67.50
-1.00 -1.00
5 0
0 
 3
225.38 78.87
225.54 77.88
226.07 73.85
224.14 71.19
222.62 69.82
222.51 69.67
221.72 69.52
-1.00 -1.00
5 0
0 
 3
222.32 87.39
224.14 85.99
225.38 82.11
224.17 77.62
222.51 75.22
-1.00 -1.00
5 0
0 
 3
222.89 83.10
222.74 78.84
221.41 76.02
219.90 74.77
219.26 74.69
-1.00 -1.00
5 0
0 
 3
217.78 89.64
219.64 90.51
222.93 92.57
225.61 95.08
226.03 95.95
225.04 91.01
222.25 88.42
-1.00 -1.00
5 0
0 
 3
212.41 77.35
215.67 78.15
219.45 80.58
221.11 84.01
220.81 87.66
217.75 89.75
213.93 89.94
213.55 89.87
218.05 87.51
218.62 84.92
217.14 83.25
215.06 81.80
211.92 80.70
210.33 80.93
212.53 82.18
214.95 83.82
216.01 86.18
215.14 88.23
214.08 88.61
213.21 89.11
213.70 87.85
212.11 85.72
210.14 85.45
209.43 85.76
213.02 87.20
212.26 90.06
210.03 90.93
205.61 89.90
204.58 88.80
204.39 87.96
-1.00 -1.00
5 0
0 
 3
202.50 77.54
200.65 82.64
201.60 86.02
205.15 88.15
208.71 87.01
209.54 85.99
209.84 85.53
207.46 85.11
204.77 81.92
204.55 78.65
206.13 77.09
207.08 76.71
208.25 76.71
209.50 76.63
209.39 76.74
207.84 80.74
208.48 83.89
210.79 85.68
211.51 86.02
210.98 85.45
210.07 82.11
210.56 78.00
212.37 76.44
214.11 76.32
214.95 76.55
215.25 76.55
-1.00 -1.00
5 0
0 
 3
199.25 85.76
198.08 81.69
199.48 78.57
200.76 77.12
201.82 76.71
-1.00 -1.00
5 0
0 
 3
197.85 71.72
196.83 73.40
197.32 74.69
198.65 74.38
196.91 76.10
196.98 77.81
196.38 79.10
196.60 82.18
-1.00 -1.00
5 0
0 
 3
198.38 65.18
197.63 66.97
198.91 66.89
200.20 66.59
201.14 67.73
199.48 66.59
196.98 68.18
196.83 71.38
199.25 71.38
200.08 70.47
-1.00 -1.00
5 0
0 
 3
208.48 65.07
209.73 65.22
210.33 65.48
210.71 65.86
-1.00 -1.00
5 0
0 
 3
205.83 68.15
206.25 68.34
206.66 68.38
207.65 68.49
208.21 68.34
208.74 67.88
208.86 67.69
209.05 68.03
209.54 68.41
210.18 68.41
210.90 68.26
211.88 68.79
212.00 69.25
-1.00 -1.00
5 0
0 
 3
207.31 69.67
205.98 68.18
204.96 67.42
-1.00 -1.00
5 0
0 
 3
212.03 69.67
212.56 68.95
213.47 68.03
213.47 67.80
-1.00 -1.00
5 0
0 
 3
209.27 69.67
209.88 69.74
210.45 70.09
-1.00 -1.00
5 0
0 
 3
210.56 72.14
212.30 73.36
213.70 73.21
214.00 71.80
212.49 71.68
213.28 73.36
213.74 72.25
213.28 72.94
213.13 72.25
214.19 72.71
-1.00 -1.00
5 0
0 
 3
203.37 72.60
206.25 73.81
207.16 73.32
207.08 72.37
206.51 71.95
206.40 73.05
207.08 72.60
206.17 72.98
207.00 72.41
206.63 73.13
-1.00 -1.00
5 0
0 
 3
224.06 66.24
220.92 64.00
218.69 63.28
-1.00 -1.00
5 0
0 
 3
228.15 66.93
224.29 62.94
221.19 61.07
220.47 60.88
-1.00 -1.00
5 0
0 
 3
232.65 68.18
229.02 63.43
225.16 60.24
222.36 59.17
-1.00 -1.00
5 0
0 
 3
231.55 59.78
227.84 58.90
225.80 59.36
-1.00 -1.00
5 0
0 
 3
241.99 68.64
240.85 65.60
237.18 63.35
232.46 62.10
230.23 62.67
-1.00 -1.00
5 0
0 
 3
243.99 72.10
242.86 69.40
239.30 67.39
235.33 66.21
233.10 66.21
-1.00 -1.00
5 0
0 
 3
217.22 61.45
221.15 63.92
224.82 66.82
226.14 70.09
226.07 70.96
228.07 70.96
233.06 71.84
237.56 73.62
242.97 76.25
243.99 76.86
244.26 76.25
242.71 73.47
237.11 70.58
232.72 69.44
232.42 69.52
-1.00 -1.00
5 0
0 
 3
202.69 74.65
201.33 71.84
201.90 68.26
202.69 65.64
204.32 64.19
205.49 63.32
206.89 63.39
207.12 63.58
207.34 63.05
208.78 61.68
210.48 61.91
211.09 62.94
211.09 64.04
211.62 63.35
213.74 63.16
216.08 64.08
218.88 67.50
219.67 71.30
219.26 72.75
218.88 73.70
218.35 74.65
216.27 74.73
215.25 75.03
214.23 75.75
213.43 74.80
211.88 75.30
210.90 75.91
208.56 75.49
206.93 76.13
205.53 75.60
204.21 75.37
202.54 75.53
-1.00 -1.00
5 0
0 
 3
202.01 59.66
203.56 59.78
205.30 60.54
206.29 61.91
-1.00 -1.00
5 0
0 
 3
199.25 58.30
199.36 58.45
198.19 56.43
199.48 58.33
200.84 57.08
201.97 57.46
202.66 58.45
201.75 59.66
199.44 61.15
198.15 62.48
196.11 62.71
195.09 62.67
192.63 62.18
191.23 61.19
190.48 58.75
190.51 58.56
191.91 59.59
193.05 60.16
192.71 59.55
192.63 57.46
193.46 57.88
195.32 59.85
195.51 59.82
194.83 57.91
195.17 57.12
197.10 59.36
197.40 59.40
196.34 57.27
197.55 56.39
199.33 57.99
199.48 58.30
200.84 57.65
-1.00 -1.00
5 0
0 
 3
205.83 59.85
205.30 58.30
205.11 56.93
-1.00 -1.00
5 0
0 
 3
207.31 58.45
206.55 56.09
-1.00 -1.00
5 0
0 
 3
213.62 46.69
210.98 43.96
-1.00 -1.00
5 0
0 
 3
228.11 37.72
227.54 35.66
-1.00 -1.00
5 0
0 
 3
225.84 38.29
224.70 35.89
-1.00 -1.00
5 0
0 
 3
224.59 39.09
222.32 37.03
-1.00 -1.00
5 0
0 
 3
214.91 45.89
213.47 42.02
212.45 37.60
212.94 34.83
215.74 33.11
219.56 31.59
222.51 29.88
225.31 27.45
225.54 26.38
224.70 24.75
223.95 23.07
224.44 21.67
226.29 22.58
226.60 25.58
226.52 25.16
227.92 23.68
229.66 23.53
228.68 26.12
228.56 27.37
229.36 24.48
231.85 23.83
231.59 24.78
231.25 28.47
231.32 26.80
232.53 25.16
233.71 25.93
233.21 31.14
232.65 34.56
233.06 36.80
231.97 37.83
229.47 37.03
228.41 36.84
226.75 37.64
224.86 39.20
223.72 40.34
223.00 42.02
224.82 42.51
228.41 45.40
228.41 49.36
227.16 53.08
223.57 56.77
220.13 59.28
219.03 60.77
217.67 62.59
217.14 63.47
217.06 64.15
-1.00 -1.00
5 0
0 
 3
210.56 44.91
212.19 43.23
213.43 43.08
-1.00 -1.00
5 0
0 
 3
210.79 48.25
209.24 49.93
-1.00 -1.00
5 0
0 
 3
213.59 49.85
211.05 51.30
-1.00 -1.00
5 0
0 
 3
215.44 51.41
213.28 52.59
212.60 53.24
-1.00 -1.00
5 0
0 
 3
216.65 52.82
214.72 54.30
214.61 54.72
-1.00 -1.00
5 0
0 
 3
209.95 56.51
206.36 54.64
205.83 54.38
205.91 56.70
203.75 56.43
203.68 54.72
203.64 54.23
200.92 53.24
201.37 51.41
202.66 51.87
201.03 50.23
202.39 49.77
203.18 50.12
202.92 49.93
201.94 49.20
201.37 47.38
203.53 47.49
204.43 47.95
202.47 45.78
202.47 44.03
205.11 44.49
207.95 45.82
211.66 47.87
215.67 50.61
217.56 52.25
218.77 54.04
218.84 54.23
-1.00 -1.00
5 0
0 
 3
174.59 39.28
174.93 36.23
175.20 30.64
175.61 26.46
175.88 25.85
176.90 23.26
178.64 20.87
182.23 18.55
185.71 17.41
189.08 17.37
193.12 17.86
196.98 19.99
199.71 22.50
200.58 25.32
201.29 30.22
201.79 35.59
202.47 39.73
202.16 42.93
202.28 43.96
-1.00 -1.00
5 0
0 
 3
173.04 47.15
173.12 46.58
-1.00 -1.00
5 0
0 
 3
191.01 60.58
188.25 61.00
187.26 61.19
-1.00 -1.00
5 0
0 
 3
203.03 54.61
202.05 55.75
200.84 57.04
-1.00 -1.00
5 0
0 
 3
174.86 56.62
173.65 55.82
172.63 54.61
171.83 52.48
171.68 50.08
172.29 48.14
173.84 46.50
175.42 45.25
177.92 44.30
180.83 43.42
183.63 42.66
187.60 42.59
191.84 43.35
193.65 44.03
195.73 44.79
197.55 45.63
199.67 46.09
201.03 47.34
201.67 48.14
-1.00 -1.00
5 0
0 
 3
202.01 52.13
201.52 50.84
200.35 49.20
197.81 47.15
194.41 45.63
190.14 44.49
186.66 44.37
185.07 44.56
181.59 45.17
180.08 45.74
177.73 46.73
175.88 47.72
174.90 49.28
174.25 50.88
174.48 52.55
175.20 54.26
178.56 56.39
181.29 57.42
183.22 57.91
-1.00 -1.00
5 0
0 
 3
175.01 54.19
177.28 55.56
180.23 57.15
184.69 58.07
189.38 58.75
192.14 58.30
195.73 57.08
198.23 55.94
199.82 54.45
200.23 53.58
-1.00 -1.00
5 0
0 
 3
176.79 58.14
175.12 57.53
174.06 57.53
174.52 59.17
176.48 59.82
177.01 59.89
177.28 61.41
179.40 62.82
182.54 63.39
184.58 63.20
185.45 62.02
185.79 60.84
185.26 59.97
183.93 60.46
183.71 61.30
184.24 59.93
183.03 59.36
181.82 60.35
181.74 60.88
182.27 59.06
180.53 58.79
179.85 60.12
180.61 58.71
179.77 58.07
178.79 58.45
177.69 58.83
175.80 58.49
174.90 57.95
-1.00 -1.00
5 0
0 
 3
159.46 64.76
159.01 63.05
158.94 62.78
159.28 63.32
159.84 63.47
160.07 63.58
160.64 63.32
161.20 63.01
161.89 63.16
162.26 63.92
162.76 64.34
163.40 64.50
164.42 64.15
164.65 64.19
165.55 64.84
164.68 65.71
165.67 64.76
165.93 64.53
165.29 64.99
165.10 65.10
164.34 64.23
163.51 64.27
162.76 64.23
161.89 63.54
161.24 63.85
160.49 63.89
159.24 63.16
159.46 64.53
159.50 64.80
159.05 63.01
158.82 62.40
-1.00 -1.00
5 0
0 
 3
168.69 72.03
169.45 71.11
170.74 69.44
171.23 66.97
170.66 64.57
169.71 63.05
168.20 61.19
166.88 60.12
165.89 60.46
-1.00 -1.00
5 0
0 
 3
175.46 77.16
175.27 73.28
173.42 70.28
171.98 69.63
170.21 69.55
-1.00 -1.00
5 0
0 
 3
169.07 74.99
171.42 78.99
172.97 79.44
174.56 77.54
172.89 73.81
169.94 71.65
168.43 71.23
-1.00 -1.00
5 0
0 
 3
147.51 87.20
146.15 90.66
145.77 91.50
145.40 90.78
145.28 85.64
-1.00 -1.00
5 0
0 
 3
153.15 87.96
150.96 87.51
150.16 85.99
-1.00 -1.00
5 0
0 
 3
157.91 86.52
161.62 87.77
164.65 85.49
165.02 83.55
-1.00 -1.00
5 0
0 
 3
164.04 87.36
163.47 89.41
161.17 90.25
157.99 89.90
154.93 88.46
154.40 86.14
-1.00 -1.00
5 0
0 
 3
172.06 82.22
171.42 86.14
167.10 88.00
164.84 87.74
-1.00 -1.00
5 0
0 
 3
171.45 79.22
169.71 83.74
167.03 84.24
165.44 83.55
-1.00 -1.00
5 0
0 
 3
166.39 71.91
169.26 75.64
168.54 80.20
165.89 82.49
163.25 82.75
162.57 82.30
-1.00 -1.00
5 0
0 
 3
161.43 72.83
164.57 74.12
165.63 77.05
163.59 80.20
-1.00 -1.00
5 0
0 
 3
162.34 73.66
163.21 76.17
162.38 78.68
160.52 80.89
-1.00 -1.00
5 0
0 
 3
160.26 73.21
160.83 77.16
159.84 80.20
157.54 82.72
155.53 83.55
-1.00 -1.00
5 0
0 
 3
157.84 71.23
160.60 73.51
160.86 77.77
158.75 81.73
155.95 83.82
153.72 84.43
-1.00 -1.00
5 0
0 
 3
144.26 81.80
146.04 83.36
151.30 84.27
155.53 82.18
157.50 79.71
158.52 75.98
158.22 72.56
156.70 70.66
154.25 69.90
-1.00 -1.00
5 0
0 
 3
147.89 81.12
146.49 81.88
143.09 81.16
140.67 78.07
139.91 74.69
141.58 71.57
143.77 70.05
144.75 69.59
-1.00 -1.00
5 0
0 
 3
145.32 69.78
145.93 72.71
148.72 73.13
150.50 70.54
149.44 66.44
146.87 64.34
143.47 64.91
142.18 67.23
143.47 69.55
145.58 69.59
145.09 69.74
142.98 72.03
142.60 74.77
145.13 77.58
148.65 77.66
151.71 75.03
152.51 71.72
150.96 67.69
149.63 66.44
149.48 66.36
151.45 68.03
154.09 69.71
155.34 71.61
155.34 76.32
151.67 78.26
148.08 79.71
145.51 79.06
143.69 77.62
-1.00 -1.00
5 0
0 
 3
141.46 56.66
144.30 54.68
147.40 54.00
150.39 53.92
-1.00 -1.00
5 0
0 
 3
150.99 55.40
150.69 57.72
150.20 59.85
150.16 60.46
151.64 60.01
152.47 58.68
152.51 57.50
151.22 55.71
150.99 55.29
150.31 53.84
149.75 52.21
148.23 50.27
147.40 49.93
144.83 49.74
142.14 50.08
140.10 50.04
141.39 50.35
143.05 51.60
143.24 51.98
141.50 51.11
139.31 50.95
136.55 50.57
132.92 51.49
133.29 51.37
137.42 52.51
138.06 53.31
137.83 53.31
133.75 52.67
130.49 53.24
127.24 55.29
126.07 56.51
130.49 54.95
134.50 55.40
136.70 56.55
136.13 56.32
131.29 56.20
126.79 56.81
123.16 59.06
122.17 60.27
125.65 59.63
130.91 59.06
137.30 59.25
141.46 59.40
145.32 59.97
148.01 60.77
151.03 60.24
151.41 59.70
-1.00 -1.00
5 0
0 
 3
163.13 61.30
163.70 61.72
163.97 61.95
-1.00 -1.00
5 0
0 
 3
158.60 62.40
159.09 63.32
159.28 63.47
160.33 64.08
160.86 64.00
161.62 63.58
161.92 63.43
162.34 64.31
162.76 64.61
163.21 64.46
163.97 64.23
164.31 64.19
164.68 64.46
164.87 64.80
164.46 65.75
164.38 66.09
164.99 65.22
165.82 64.53
-1.00 -1.00
5 0
0 
 3
160.79 65.60
162.38 66.21
-1.00 -1.00
5 0
0 
 3
161.66 67.73
162.45 68.95
164.27 70.05
165.52 69.14
164.15 68.45
164.57 69.40
164.61 68.87
165.18 68.64
165.33 69.02
-1.00 -1.00
5 0
0 
 3
155.15 67.12
156.25 68.03
157.46 68.64
158.07 68.26
158.41 67.50
158.37 67.27
157.65 68.03
158.29 68.18
158.37 67.12
157.84 68.15
159.05 67.58
158.29 68.38
157.91 67.35
159.35 67.73
158.52 68.34
157.95 67.39
158.86 67.35
-1.00 -1.00
5 0
0 
 3
166.88 40.91
167.18 41.25
-1.00 -1.00
5 0
0 
 3
166.08 43.61
166.58 44.34
-1.00 -1.00
5 0
0 
 3
162.64 43.76
164.31 45.25
-1.00 -1.00
5 0
0 
 3
160.49 45.21
160.56 45.40
163.25 47.61
-1.00 -1.00
5 0
0 
 3
158.25 47.04
160.33 48.18
-1.00 -1.00
5 0
0 
 3
156.55 49.05
156.74 49.09
159.62 50.84
-1.00 -1.00
5 0
0 
 3
174.18 44.37
171.98 45.10
170.85 45.86
172.74 45.06
173.91 43.84
172.06 42.97
170.36 43.73
171.98 43.08
173.38 41.90
173.19 41.10
170.77 41.71
172.06 41.14
172.89 39.05
171.57 38.63
169.37 39.43
167.97 40.04
165.33 41.79
163.06 43.61
160.18 45.40
157.61 47.61
155.61 48.71
-1.00 -1.00
5 0
0 
 3
158.33 41.94
159.43 37.98
161.70 33.84
164.31 29.50
166.39 26.76
168.73 23.76
170.24 21.78
170.74 20.11
169.60 19.42
167.60 20.64
168.50 19.27
168.13 18.17
166.50 19.31
166.23 20.07
166.92 18.17
165.78 17.79
164.31 18.93
165.02 17.52
163.59 15.92
161.85 17.56
159.77 21.06
158.75 23.38
158.25 24.78
156.21 28.28
155.15 30.30
153.34 32.66
151.22 34.52
149.22 36.08
147.51 37.53
145.21 39.89
144.03 43.96
145.02 47.49
147.51 49.47
150.88 53.62
152.66 56.81
153.00 58.68
153.15 58.87
154.28 58.30
156.14 57.72
158.90 57.46
160.86 58.60
163.17 57.46
165.44 58.87
165.86 60.43
165.86 60.69
166.42 60.46
168.31 60.04
170.77 59.89
173.95 59.97
175.61 60.39
175.20 60.27
173.27 58.83
173.08 57.23
173.16 56.62
172.51 56.28
171.45 54.68
171.23 52.89
171.38 52.21
171.11 51.45
169.98 51.56
170.96 55.14
170.70 54.87
169.56 52.51
167.26 52.86
168.35 55.90
168.81 56.62
167.22 53.27
166.39 54.49
165.82 57.04
166.39 54.57
166.76 51.87
166.39 50.84
163.10 51.87
160.26 54.34
160.41 54.04
165.55 50.31
168.13 49.13
170.74 47.83
172.82 46.77
-1.00 -1.00
5 0
0 
 3
162.72 39.31
161.70 40.91
-1.00 -1.00
5 0
0 
 3
163.97 40.15
162.94 38.55
161.85 37.26
161.32 36.88
-1.00 -1.00
5 0
0 
 3
141.84 26.27
140.55 24.48
139.72 23.15
138.10 20.30
136.85 19.46
135.75 19.99
135.37 20.87
136.24 23.45
137.11 24.71
135.75 22.39
134.31 21.78
133.94 22.08
132.27 23.57
133.86 24.02
135.56 26.04
135.18 25.43
132.80 23.61
131.63 24.06
130.80 24.86
130.68 25.24
133.03 26.04
133.97 27.56
131.59 25.13
130.68 25.24
129.85 26.91
130.76 28.78
132.84 31.25
136.36 36.61
138.02 36.96
141.46 36.35
144.49 35.47
146.76 34.67
149.06 34.64
149.86 34.94
150.84 34.60
152.24 32.77
153.83 30.15
155.00 29.12
155.34 28.74
155.42 28.40
153.53 26.42
151.22 26.31
149.37 28.47
149.86 27.10
147.44 26.15
146.49 27.87
146.91 26.95
145.09 26.31
143.69 27.60
143.39 28.21
143.73 27.37
142.79 26.34
140.55 24.82
139.27 22.65
138.89 21.59
137.79 20.07
-1.00 -1.00
5 0
0 
 -1
