gremlinfile
0 44.00 46.00
3
49.73 51.03
48.82 135.97
59.55 145.75
149.63 146.14
150.79 60.17
141.74 52.19
49.60 51.16
-1.00 -1.00
5 0
0 
 3
48.82 136.10
140.45 136.62
141.74 52.19
-1.00 -1.00
5 0
0 
 3
140.45 136.49
149.50 146.27
-1.00 -1.00
5 0
0 
 3
94.70 136.10
95.74 51.54
-1.00 -1.00
5 0
0 
 3
97.16 51.42
96.12 136.10
-1.00 -1.00
5 0
0 
 3
49.08 129.79
94.96 130.05
-1.00 -1.00
5 0
0 
 3
95.22 103.54
49.34 103.67
-1.00 -1.00
5 0
0 
 3
49.47 86.94
95.22 86.16
-1.00 -1.00
5 0
0 
 3
96.51 91.70
141.23 91.70
-1.00 -1.00
5 0
0 
 3
141.23 90.15
96.90 90.15
-1.00 -1.00
5 0
0 
 3
102.33 91.70
101.55 135.97
-1.00 -1.00
5 0
0 
 3
114.22 136.10
114.60 91.57
-1.00 -1.00
5 0
0 
 3
111.89 119.37
112.02 112.16
112.79 112.16
112.66 119.50
112.02 119.24
-1.00 -1.00
5 0
0 
 3
52.70 100.32
68.98 99.94
-1.00 -1.00
5 0
0 
 3
75.83 100.06
90.95 100.19
-1.00 -1.00
5 0
0 
 3
90.70 98.39
75.96 98.26
-1.00 -1.00
5 0
0 
 3
68.86 98.26
52.18 98.01
-1.00 -1.00
5 0
0 
 3
51.93 96.33
69.11 96.20
-1.00 -1.00
5 0
0 
 3
76.22 96.33
90.82 96.20
-1.00 -1.00
5 0
0 
 3
91.08 94.02
75.96 93.89
-1.00 -1.00
5 0
0 
 3
68.98 94.14
52.44 94.40
-1.00 -1.00
5 0
0 
 3
52.31 92.34
69.50 91.96
-1.00 -1.00
5 0
0 
 3
75.83 91.96
91.21 91.96
-1.00 -1.00
5 0
0 
 3
91.34 88.87
75.96 89.25
-1.00 -1.00
5 0
0 
 3
69.11 89.51
52.31 89.64
-1.00 -1.00
5 0
0 
 3
53.48 82.69
53.61 72.27
91.86 71.88
91.21 82.05
-1.00 -1.00
6 0
0 
 3
91.34 82.05
53.35 82.69
-1.00 -1.00
6 0
0 
 3
53.48 69.18
53.48 65.96
91.47 65.57
91.34 68.53
53.61 69.18
-1.00 -1.00
6 0
0 
 3
53.61 62.74
53.35 54.63
91.60 54.12
91.47 62.23
53.61 62.87
-1.00 -1.00
6 0
0 
 3
54.77 108.30
54.51 105.34
-1.00 -1.00
5 0
0 
 3
56.71 105.47
56.58 108.56
-1.00 -1.00
5 0
0 
 3
81.26 107.66
81.00 105.08
-1.00 -1.00
5 0
0 
 3
82.55 105.21
82.68 107.92
-1.00 -1.00
5 0
0 
 3
89.40 107.79
89.27 104.95
-1.00 -1.00
5 0
0 
 3
60.07 115.64
60.33 111.52
-1.00 -1.00
5 0
0 
 3
62.13 111.39
62.01 115.89
-1.00 -1.00
5 0
0 
 3
63.94 115.64
63.69 111.52
-1.00 -1.00
5 0
0 
 3
65.75 111.52
65.75 115.77
-1.00 -1.00
5 0
0 
 3
67.69 115.64
67.56 111.52
-1.00 -1.00
5 0
0 
 3
69.50 111.52
69.37 115.89
-1.00 -1.00
5 0
0 
 3
71.44 115.64
71.44 112.03
-1.00 -1.00
5 0
0 
 3
73.12 111.90
72.99 115.89
-1.00 -1.00
5 0
0 
 3
74.80 116.02
74.67 111.65
-1.00 -1.00
5 0
0 
 3
76.22 111.52
76.09 115.77
-1.00 -1.00
5 0
0 
 3
77.51 111.52
77.51 115.77
-1.00 -1.00
5 0
0 
 3
79.06 115.77
79.06 111.65
-1.00 -1.00
5 0
0 
 3
80.49 111.78
80.36 115.77
-1.00 -1.00
5 0
0 
 3
81.39 116.02
81.65 111.78
-1.00 -1.00
5 0
0 
 3
82.68 111.65
82.68 115.89
-1.00 -1.00
5 0
0 
 3
84.10 115.89
84.10 111.90
-1.00 -1.00
5 0
0 
 3
85.53 111.65
85.53 116.02
-1.00 -1.00
5 0
0 
 3
86.82 116.02
86.69 111.52
-1.00 -1.00
5 0
0 
 3
116.93 113.58
116.93 107.66
119.00 107.66
119.26 113.84
117.06 113.84
-1.00 -1.00
5 0
0 
 3
53.61 82.05
91.47 81.53
-1.00 -1.00
6 0
0 
 3
91.60 81.02
53.73 81.53
-1.00 -1.00
6 0
0 
 3
53.61 80.89
90.95 80.24
-1.00 -1.00
6 0
0 
 3
90.95 79.86
53.22 80.24
-1.00 -1.00
6 0
0 
 3
53.22 79.73
90.95 79.34
-1.00 -1.00
6 0
0 
 3
91.34 78.83
53.09 79.34
-1.00 -1.00
6 0
0 
 3
53.35 78.70
90.95 78.19
-1.00 -1.00
6 0
0 
 3
91.21 77.67
53.09 78.19
-1.00 -1.00
6 0
0 
 3
53.35 77.54
91.21 76.90
-1.00 -1.00
6 0
0 
 3
91.60 76.51
53.73 77.03
-1.00 -1.00
6 0
0 
 3
53.86 76.38
91.60 75.87
-1.00 -1.00
6 0
0 
 3
91.47 75.23
53.61 76.00
-1.00 -1.00
6 0
0 
 3
53.61 75.35
91.34 74.71
-1.00 -1.00
6 0
0 
 3
91.21 74.20
53.73 74.71
-1.00 -1.00
6 0
0 
 3
53.73 74.20
91.60 73.81
-1.00 -1.00
6 0
0 
 3
91.34 73.17
53.48 73.55
-1.00 -1.00
6 0
0 
 3
53.61 73.17
91.34 72.52
-1.00 -1.00
6 0
0 
 3
91.47 72.14
53.73 72.52
-1.00 -1.00
6 0
0 
 3
91.21 68.28
53.61 68.92
-1.00 -1.00
6 0
0 
 3
53.22 68.40
91.34 67.76
-1.00 -1.00
6 0
0 
 3
91.34 67.25
53.61 67.76
-1.00 -1.00
6 0
0 
 3
53.73 67.25
91.60 66.60
-1.00 -1.00
6 0
0 
 3
90.95 66.09
53.99 66.47
-1.00 -1.00
6 0
0 
 3
53.73 62.36
91.34 61.45
-1.00 -1.00
6 0
0 
 3
91.34 60.94
53.99 61.58
-1.00 -1.00
6 0
0 
 3
53.86 61.20
91.86 60.42
-1.00 -1.00
6 0
0 
 3
91.34 59.78
53.61 60.68
-1.00 -1.00
6 0
0 
 3
53.61 59.91
91.47 59.27
-1.00 -1.00
6 0
0 
 3
91.60 58.62
53.61 59.40
-1.00 -1.00
6 0
0 
 3
53.73 58.88
91.34 58.11
-1.00 -1.00
6 0
0 
 3
91.34 57.46
53.73 58.37
-1.00 -1.00
6 0
0 
 3
53.61 57.72
91.08 57.08
-1.00 -1.00
6 0
0 
 3
91.47 56.44
53.35 57.34
-1.00 -1.00
6 0
0 
 3
53.86 56.82
91.47 55.79
-1.00 -1.00
6 0
0 
 3
91.34 55.28
53.73 56.18
-1.00 -1.00
6 0
0 
 3
53.86 55.53
90.70 54.76
-1.00 -1.00
6 0
0 
 3
91.47 54.12
53.61 55.02
-1.00 -1.00
6 0
0 
 3
53.61 113.84
53.99 113.71
54.25 113.45
54.64 113.32
54.90 113.06
55.03 112.68
55.16 112.29
55.16 111.65
55.16 111.13
54.90 111.00
54.38 110.49
53.99 110.23
53.35 110.10
52.96 110.10
52.44 110.10
52.05 110.23
51.80 110.36
51.54 110.62
51.15 111.13
51.02 111.52
51.02 111.90
51.15 112.68
51.54 113.19
52.18 113.71
52.57 113.84
52.83 113.84
53.48 113.84
53.61 113.84
-1.00 -1.00
5 0
0 
 3
51.93 112.93
51.80 112.55
51.67 112.29
51.54 111.52
51.54 111.13
51.67 111.52
51.93 112.16
52.05 112.68
52.44 113.19
52.83 113.58
52.83 113.19
52.57 112.42
52.44 112.03
52.31 111.13
52.31 110.75
52.31 110.36
52.57 110.62
52.57 111.52
52.83 112.29
53.09 112.93
53.22 113.45
53.48 113.84
53.73 113.71
53.73 112.93
53.61 112.29
53.48 111.90
53.35 111.26
53.35 110.62
53.35 110.36
53.48 110.36
53.61 110.88
53.61 111.52
53.86 112.55
54.25 112.93
54.51 113.06
54.64 112.29
54.38 111.65
54.25 111.13
54.25 110.62
54.38 111.00
54.51 111.52
54.77 111.90
55.03 112.16
55.03 111.65
55.03 111.39
-1.00 -1.00
5 0
0 
 3
119.00 119.88
119.00 120.79
119.00 121.17
119.00 121.69
119.00 122.07
119.13 122.97
119.26 123.36
119.51 124.13
119.90 124.90
120.29 125.80
121.06 126.71
121.84 127.35
122.87 128.12
123.78 128.64
124.30 128.89
126.23 129.54
127.66 129.67
128.95 129.79
129.72 129.79
130.37 129.79
130.63 129.79
130.89 129.79
132.18 129.67
132.31 129.67
132.95 129.15
133.47 128.64
134.12 128.25
134.63 127.86
135.02 127.48
135.67 126.83
136.31 125.93
136.57 125.42
136.96 124.65
137.09 124.00
137.22 123.23
137.35 121.94
137.35 121.17
137.35 120.01
137.35 119.50
137.09 118.47
136.57 117.44
135.93 116.28
135.15 115.51
134.76 115.12
133.99 114.48
133.47 113.96
132.70 113.58
131.92 113.06
130.89 112.42
129.98 112.16
129.34 112.03
128.30 111.90
127.40 111.90
126.75 112.03
125.98 112.16
125.33 112.42
124.30 112.81
123.39 113.06
122.62 113.58
122.10 114.22
121.45 114.48
121.19 114.74
120.81 115.12
120.55 115.51
120.16 115.89
119.90 116.41
119.90 116.92
119.77 117.44
119.64 117.70
119.51 118.08
119.38 118.73
119.26 119.50
119.00 120.14
119.00 120.79
119.00 121.43
119.00 122.07
-1.00 -1.00
5 0
0 
 3
120.81 105.98
120.42 105.47
120.29 104.95
119.90 104.18
119.77 103.93
119.64 102.90
119.38 102.12
119.38 101.48
119.26 100.97
119.26 100.19
119.26 98.78
119.64 97.75
120.03 96.85
120.55 96.07
121.19 95.56
121.97 94.92
123.00 94.02
123.65 93.76
124.55 93.50
125.59 93.24
126.36 93.11
127.40 93.11
128.17 93.11
128.95 93.11
129.08 92.99
129.72 92.99
130.63 92.99
131.15 92.99
132.18 93.24
132.95 93.63
133.47 94.14
134.38 94.79
135.02 95.56
135.67 96.20
136.31 96.72
136.96 97.49
137.74 98.91
137.87 100.06
137.99 100.97
137.99 102.38
138.12 103.41
138.12 105.47
137.99 105.47
137.61 105.98
137.09 106.63
136.44 107.27
135.67 108.04
134.76 108.69
133.21 109.20
131.79 109.59
130.37 109.85
129.72 109.85
129.34 109.85
128.30 109.85
126.75 109.85
125.98 109.72
124.68 109.33
123.65 108.69
123.00 108.17
122.10 107.27
121.58 106.50
120.81 105.86
120.42 105.47
120.03 104.57
-1.00 -1.00
5 0
0 
 3
120.16 125.55
120.29 125.29
120.81 124.90
121.19 124.77
121.71 124.26
121.97 124.00
123.00 123.62
123.65 123.23
123.78 123.49
124.04 124.00
124.55 124.52
125.07 124.90
125.59 125.16
126.10 125.55
126.49 125.80
127.01 125.80
127.91 125.93
128.56 125.93
129.59 125.93
130.63 125.55
131.27 125.29
131.79 124.65
132.18 124.26
132.44 123.49
132.82 123.10
132.95 122.46
132.95 121.81
132.95 120.79
132.70 120.40
132.31 119.63
132.18 119.37
129.85 117.83
129.72 117.83
129.21 117.57
128.43 117.18
128.04 117.18
126.49 117.18
125.98 117.31
124.94 117.70
124.17 117.95
123.78 118.21
123.65 118.21
123.39 118.85
123.26 119.24
123.13 119.63
123.13 120.40
123.13 121.17
123.13 121.56
123.26 122.33
123.65 123.23
123.78 123.49
-1.00 -1.00
5 0
0 
 3
123.39 118.60
123.13 118.08
122.49 117.57
121.58 116.80
120.94 116.15
120.55 115.77
-1.00 -1.00
5 0
0 
 3
127.53 116.80
127.53 116.41
127.27 115.25
127.14 114.35
127.14 113.71
127.14 113.19
127.14 112.81
-1.00 -1.00
5 0
0 
 3
132.95 118.98
133.47 118.73
134.63 118.34
135.93 117.95
136.31 117.83
-1.00 -1.00
5 0
0 
 3
134.76 127.09
135.02 127.09
134.63 126.71
133.99 126.32
132.95 125.29
132.57 124.90
131.66 126.06
-1.00 -1.00
5 0
0 
 3
127.27 130.05
127.14 129.02
126.88 127.86
126.88 127.22
126.88 126.71
126.88 126.32
-1.00 -1.00
5 0
0 
 3
125.33 103.93
125.72 104.31
126.23 104.70
126.62 104.95
127.40 105.21
128.17 105.21
129.34 105.21
130.11 105.21
130.89 105.08
131.53 104.57
132.05 104.18
132.44 104.05
132.82 103.67
132.95 103.02
133.08 102.51
133.08 101.74
133.08 101.48
133.08 100.84
133.08 100.45
132.82 99.94
132.31 99.42
131.92 99.16
131.53 98.78
131.02 98.52
130.37 98.26
129.72 98.01
128.82 97.75
128.56 97.62
127.79 97.62
127.14 97.75
126.36 97.88
125.98 98.13
125.46 99.03
125.20 99.55
124.94 100.32
124.94 100.84
124.94 101.48
124.94 102.12
124.94 102.77
125.33 103.54
126.23 104.31
-1.00 -1.00
5 0
0 
 3
127.91 109.72
127.91 108.94
127.91 107.53
128.04 106.24
128.04 105.34
-1.00 -1.00
5 0
0 
 3
134.89 106.76
133.99 105.98
133.34 105.21
132.70 104.57
132.44 104.18
-1.00 -1.00
5 0
0 
 3
133.21 100.32
133.60 100.06
135.02 99.42
136.19 98.91
137.22 98.65
137.35 98.52
-1.00 -1.00
5 0
0 
 3
127.79 97.62
127.79 95.95
127.79 94.14
127.79 92.99
-1.00 -1.00
5 0
0 
 3
125.46 99.16
124.30 98.01
122.10 96.20
121.32 95.43
121.19 95.43
-1.00 -1.00
5 0
0 
 3
120.55 105.47
122.36 104.70
123.65 104.05
124.81 103.54
125.07 103.41
-1.00 -1.00
5 0
0 
 3
116.93 125.55
116.54 125.55
116.28 125.16
116.15 124.65
116.15 124.00
116.93 123.75
117.58 123.75
117.58 124.13
117.83 124.39
117.83 124.77
117.96 125.16
117.96 125.42
117.58 125.80
117.32 125.80
116.80 125.80
116.54 125.80
-1.00 -1.00
5 0
0 
 3
117.19 98.91
116.93 98.91
116.67 98.52
116.54 98.01
116.54 97.49
116.80 96.98
117.32 96.98
118.09 97.10
118.09 97.62
118.09 98.01
117.96 98.52
117.45 98.91
117.06 98.91
-1.00 -1.00
5 0
0 
 3
127.27 125.93
116.80 125.93
-1.00 -1.00
5 0
0 
 3
116.02 124.65
116.67 98.01
-1.00 -1.00
5 0
0 
 3
117.32 96.98
128.95 97.75
-1.00 -1.00
5 0
0 
 3
60.20 117.70
59.81 117.57
59.42 117.83
59.55 118.34
59.94 118.47
60.58 118.47
60.71 118.21
60.45 117.70
59.81 117.57
59.94 118.21
60.07 118.21
-1.00 -1.00
5 0
0 
 3
61.88 118.34
62.01 118.34
62.52 118.34
62.91 118.34
62.91 117.83
62.65 117.31
61.62 117.31
61.49 117.57
61.62 118.34
62.26 118.34
62.52 117.95
62.26 117.83
62.39 117.95
62.39 117.70
62.26 117.95
-1.00 -1.00
5 0
0 
 3
63.69 117.70
63.69 118.21
64.33 118.34
64.59 118.34
64.85 117.83
64.59 117.44
63.94 117.44
63.81 118.21
64.46 118.34
64.20 117.83
64.46 117.83
64.33 117.95
-1.00 -1.00
5 0
0 
 3
65.62 118.34
66.40 118.34
66.53 117.95
66.40 117.44
65.75 117.31
65.37 117.44
65.24 118.34
65.88 118.47
66.27 117.70
66.01 117.95
-1.00 -1.00
5 0
0 
 3
67.56 117.70
67.30 117.95
67.30 118.34
67.69 118.73
68.34 118.60
68.34 117.95
67.56 117.44
67.43 117.95
67.43 118.21
67.69 118.34
-1.00 -1.00
5 0
0 
 3
68.86 117.57
68.73 118.08
69.50 118.47
69.63 117.83
68.86 118.08
69.24 117.95
69.37 117.95
-1.00 -1.00
5 0
0 
 3
70.66 117.57
70.66 118.08
71.05 118.47
71.57 118.60
71.83 117.83
71.05 117.44
70.92 118.08
71.44 117.95
-1.00 -1.00
5 0
0 
 3
72.86 117.44
72.73 118.08
73.12 118.47
73.77 118.34
73.64 117.70
72.73 117.70
72.99 118.47
73.12 117.95
73.25 118.08
-1.00 -1.00
5 0
0 
 3
74.41 117.83
74.41 118.47
75.32 118.60
75.45 117.83
74.41 117.57
75.06 118.21
74.80 117.83
-1.00 -1.00
5 0
0 
 3
76.48 117.44
76.09 118.08
76.61 118.34
77.13 117.95
76.35 117.44
76.22 117.95
76.48 117.95
-1.00 -1.00
5 0
0 
 3
77.90 117.70
77.77 118.08
78.68 118.34
78.81 117.70
77.38 117.57
78.16 118.21
77.77 117.70
78.16 117.83
-1.00 -1.00
5 0
0 
 3
79.71 117.70
79.71 118.21
79.97 118.60
80.62 118.60
80.74 118.08
80.74 117.83
79.97 117.57
79.97 118.21
80.49 117.95
-1.00 -1.00
5 0
0 
 3
81.65 117.44
81.52 118.08
81.65 118.85
82.30 118.73
82.42 118.08
81.91 117.70
81.78 118.21
82.04 118.21
-1.00 -1.00
5 0
0 
 3
83.46 117.57
83.33 118.34
84.10 118.60
84.36 117.95
83.46 117.31
83.46 118.08
83.72 117.95
83.85 117.95
-1.00 -1.00
5 0
0 
 3
86.56 118.47
85.78 117.57
85.53 117.57
85.40 118.21
85.66 118.60
86.30 118.60
86.56 118.08
85.66 117.70
85.91 118.21
86.17 117.95
86.04 117.95
-1.00 -1.00
5 0
0 
 3
90.95 134.17
91.60 134.17
91.99 134.17
92.38 134.17
92.50 133.78
92.63 133.27
92.76 132.63
92.76 132.37
91.99 131.60
91.47 131.60
90.82 131.60
90.31 131.85
90.05 132.75
90.05 133.27
90.44 133.78
91.08 134.04
92.12 134.17
-1.00 -1.00
5 0
0 
 -1
