gremlinfile
0 16.00 64.00
3
32.96 91.89
32.71 90.14
24.11 90.27
28.30 66.29
63.26 65.68
156.39 100.33
-1.00 -1.00
5 0
0 
 3
160.16 100.21
106.56 101.54
-1.00 -1.00
5 0
0 
 3
160.43 104.06
106.35 105.61
-1.00 -1.00
5 0
0 
 3
161.33 105.43
173.68 105.12
-1.00 -1.00
5 0
0 
 3
162.61 105.53
152.67 110.21
-1.00 -1.00
5 0
0 
 3
147.83 116.09
152.78 110.06
-1.00 -1.00
5 0
0 
 3
147.85 116.07
148.72 122.58
-1.00 -1.00
5 0
0 
 3
150.37 122.64
145.05 122.87
-1.00 -1.00
5 0
0 
 3
148.61 122.27
126.78 125.72
-1.00 -1.00
5 0
0 
 3
151.19 125.84
124.35 127.21
-1.00 -1.00
5 0
0 
 3
152.78 109.86
133.44 115.29
127.94 124.30
147.75 116.02
-1.00 -1.00
5 0
0 
 3
133.62 115.23
60.25 115.20
-1.00 -1.00
5 0
0 
 3
133.50 115.23
109.15 127.56
54.07 127.54
-1.00 -1.00
5 0
0 
 3
109.17 127.58
109.15 132.25
127.94 124.47
-1.00 -1.00
5 0
0 
 3
109.05 132.29
58.77 132.25
54.19 127.54
48.44 119.43
-1.00 -1.00
5 0
0 
 3
44.96 119.28
59.06 119.24
55.72 112.48
53.63 96.84
38.93 96.70
35.08 77.91
52.31 77.87
53.53 96.89
-1.00 -1.00
5 0
0 
 3
52.21 77.87
56.31 94.26
-1.00 -1.00
5 0
0 
 3
38.91 96.86
41.00 113.18
56.09 113.32
-1.00 -1.00
5 0
0 
 3
41.12 113.11
44.93 119.36
-1.00 -1.00
5 0
0 
 3
59.35 119.47
60.27 115.21
60.05 112.32
59.20 109.63
-1.00 -1.00
5 0
0 
 3
91.59 114.69
97.86 114.65
99.28 110.55
91.69 110.51
91.77 97.68
99.46 97.60
99.09 86.68
91.42 86.84
91.86 97.56
-1.00 -1.00
5 0
0 
 3
99.65 97.56
99.26 110.45
-1.00 -1.00
5 0
0 
 3
91.77 110.37
91.61 114.75
-1.00 -1.00
5 0
0 
 3
130.80 117.62
110.47 127.71
110.49 130.80
127.21 123.77
130.88 117.75
-1.00 -1.00
5 0
0 
 3
126.94 125.76
122.66 126.70
-1.00 -1.00
5 0
0 
 3
124.18 127.17
120.45 127.36
-1.00 -1.00
5 0
0 
 3
128.68 116.35
90.72 116.37
90.66 126.27
108.62 126.41
128.55 116.25
-1.00 -1.00
5 0
0 
 3
89.26 116.39
83.47 116.33
83.40 126.25
89.38 126.27
89.18 116.37
-1.00 -1.00
5 0
0 
 3
81.92 116.23
68.23 116.31
69.51 126.27
81.96 126.35
81.96 116.35
-1.00 -1.00
5 0
0 
 3
66.25 115.23
67.72 127.54
71.69 132.17
-1.00 -1.00
5 0
0 
 3
107.69 128.65
107.71 131.23
102.02 131.37
102.14 128.54
107.61 128.57
-1.00 -1.00
5 0
0 
 3
44.67 119.04
31.39 118.96
31.27 119.57
44.73 119.71
50.50 126.27
53.78 126.86
-1.00 -1.00
5 0
0 
 3
54.25 127.70
50.44 127.52
-1.00 -1.00
5 0
0 
 3
44.89 119.94
31.49 119.84
31.49 120.49
45.28 120.51
-1.00 -1.00
5 0
0 
 3
99.24 107.30
99.90 107.23
100.37 107.17
101.09 106.93
102.06 106.68
102.64 106.62
103.61 106.50
104.27 106.41
104.84 106.31
105.38 106.19
105.83 106.17
106.08 105.68
106.23 105.29
106.27 104.80
106.31 104.22
106.37 103.38
106.43 102.75
106.37 101.86
106.31 101.27
106.18 100.76
106.02 100.33
105.86 99.96
105.36 99.73
104.70 99.59
104.08 99.53
103.42 99.51
102.70 99.49
101.90 99.36
101.28 99.28
100.64 99.22
99.96 99.12
99.50 99.08
-1.00 -1.00
5 0
0 
 3
107.75 106.04
108.00 105.64
108.18 105.10
108.33 104.49
108.35 104.04
108.37 103.61
108.27 103.07
108.14 102.64
107.98 102.03
107.90 101.58
107.77 101.09
107.88 100.64
108.21 100.96
108.35 101.46
108.47 101.89
108.56 102.54
108.62 102.95
108.64 103.44
108.64 103.98
108.68 104.65
108.68 105.08
108.56 105.61
108.35 106.00
107.94 106.02
-1.00 -1.00
5 0
0 
 3
160.22 103.96
160.67 103.67
160.86 103.22
160.86 102.75
160.84 102.19
160.82 101.64
160.74 101.21
160.57 100.80
160.38 100.39
160.01 100.20
-1.00 -1.00
5 0
0 
 3
161.17 105.39
160.78 105.27
160.32 105.14
159.99 104.90
159.83 104.51
159.70 104.12
-1.00 -1.00
5 0
0 
 3
160.90 105.33
161.33 105.21
161.50 104.82
161.68 104.32
161.77 103.89
161.77 103.22
161.74 102.44
161.77 102.01
161.77 101.27
161.56 100.02
161.39 99.45
161.04 99.16
160.57 99.08
160.38 99.55
160.18 100.06
160.14 100.45
-1.00 -1.00
5 0
0 
 3
161.02 98.89
161.40 98.81
161.95 98.81
162.61 98.75
163.06 98.71
163.85 98.67
164.36 98.71
165.62 98.71
167.15 98.65
168.78 98.59
170.07 98.46
171.27 98.34
171.91 98.40
172.55 98.42
173.21 98.54
173.97 99.10
174.24 99.59
174.44 100.21
174.55 100.63
174.69 101.09
174.79 101.60
174.80 102.19
174.77 102.68
174.75 103.11
174.77 103.55
174.59 103.96
174.44 104.36
174.12 104.73
173.87 105.06
-1.00 -1.00
5 0
0 
 3
174.44 104.20
175.08 103.89
175.56 103.48
175.74 102.73
175.76 102.30
175.62 101.66
175.39 100.96
175.12 100.61
174.67 100.59
-1.00 -1.00
5 0
0 
 3
164.03 98.71
164.41 99.51
164.51 100.14
164.53 100.74
165.21 100.96
166.43 100.84
167.81 101.07
169.08 101.15
170.65 101.05
171.66 101.05
172.28 101.05
172.53 100.33
172.55 99.75
172.45 99.28
172.36 98.73
-1.00 -1.00
5 0
0 
 3
171.85 100.96
171.89 100.33
171.85 99.61
171.89 98.96
171.79 98.50
-1.00 -1.00
5 0
0 
 3
171.27 100.68
171.29 99.86
171.19 98.87
171.04 98.14
170.84 97.71
170.84 99.41
170.78 100.41
170.71 99.80
170.49 98.48
170.18 97.79
170.07 100.31
170.05 101.00
169.81 98.77
169.43 97.73
169.46 100.02
169.39 100.76
169.10 98.42
168.73 97.70
168.94 99.73
168.75 100.86
168.57 99.12
168.03 97.85
168.10 98.79
167.97 100.61
167.81 99.75
167.37 97.81
167.33 98.55
167.17 100.72
167.09 99.73
166.75 98.05
166.88 99.00
166.73 100.68
166.42 99.24
165.99 98.03
166.12 99.92
165.99 100.63
165.81 98.67
165.60 97.85
165.79 100.12
165.64 101.02
165.58 99.53
165.19 98.18
165.23 99.80
165.17 101.39
164.98 99.82
164.51 97.85
164.84 99.16
165.04 101.15
164.63 99.92
164.24 98.52
164.12 98.09
-1.00 -1.00
5 0
0 
 3
137.09 115.66
136.82 116.05
136.53 116.82
136.22 117.40
135.98 117.83
135.69 118.34
135.36 118.79
135.03 119.20
134.63 119.75
134.16 120.55
136.20 120.23
136.68 119.98
137.25 119.73
137.65 119.53
138.00 119.32
138.16 118.71
138.86 117.48
139.27 116.88
139.89 116.09
140.37 115.53
140.72 114.98
140.98 114.55
140.45 114.65
139.81 114.80
139.21 114.98
138.41 115.20
137.81 115.37
137.32 115.55
136.96 115.82
137.73 115.86
138.65 115.57
139.29 115.45
-1.00 -1.00
5 0
0 
 3
139.81 114.80
139.44 115.23
139.19 115.57
138.82 116.00
138.59 116.39
138.35 116.82
138.04 117.34
137.85 117.89
137.67 118.28
137.46 118.71
137.67 119.06
137.40 118.73
136.86 119.10
136.20 119.39
135.56 119.59
135.01 119.71
134.49 119.88
-1.00 -1.00
5 0
0 
 3
134.86 118.93
135.34 118.77
136.61 118.30
137.40 118.07
-1.00 -1.00
5 0
0 
 3
137.89 117.42
137.46 117.60
136.43 117.89
135.73 118.16
-1.00 -1.00
5 0
0 
 3
136.10 117.34
136.80 117.25
137.42 117.03
137.93 116.91
138.32 116.78
-1.00 -1.00
5 0
0 
 3
138.90 115.96
137.97 116.17
137.52 116.33
136.96 116.54
136.47 116.70
-1.00 -1.00
5 0
0 
 3
91.46 125.08
92.08 125.06
93.03 124.90
93.77 124.82
95.15 124.80
95.69 124.80
96.19 124.84
96.54 125.55
96.43 125.94
-1.00 -1.00
5 0
0 
 3
96.47 125.43
96.49 124.63
96.56 124.04
96.80 122.70
96.80 121.66
96.93 121.02
96.85 120.41
95.61 120.12
94.82 120.06
93.96 120.08
93.05 120.04
91.98 120.14
91.44 120.29
91.05 120.57
-1.00 -1.00
5 0
0 
 3
90.97 119.20
91.49 119.18
91.88 119.12
92.52 119.00
93.05 118.91
93.92 118.89
95.01 118.87
95.46 118.89
96.27 118.91
96.87 118.85
97.36 118.30
97.44 117.70
97.42 118.26
97.42 118.93
97.57 119.49
97.79 120.00
-1.00 -1.00
5 0
0 
 3
97.34 116.48
97.32 116.97
97.30 117.71
97.26 118.16
-1.00 -1.00
5 0
0 
 3
106.47 116.48
106.33 117.11
106.21 117.58
105.88 118.16
105.52 118.40
105.03 118.71
103.98 119.04
103.22 119.24
102.56 119.30
102.00 119.26
101.28 119.22
100.56 119.12
99.94 118.93
99.36 118.59
99.07 118.26
98.72 117.87
98.49 117.50
98.35 117.05
98.29 116.66
-1.00 -1.00
5 0
0 
 3
99.22 126.37
99.03 125.35
98.99 124.51
98.99 123.44
99.32 122.50
99.84 121.95
100.43 121.54
101.20 121.33
101.88 121.35
102.66 121.58
103.01 121.78
103.42 121.33
104.14 121.31
104.97 121.54
105.53 122.05
105.92 122.71
105.98 123.38
106.02 123.81
105.77 124.53
104.85 124.84
104.49 124.69
103.96 124.30
103.51 123.85
103.17 123.42
102.97 122.85
102.89 122.29
-1.00 -1.00
5 0
0 
 3
105.85 124.61
106.37 124.86
107.05 125.33
107.46 125.80
107.36 126.21
-1.00 -1.00
5 0
0 
 3
99.75 121.27
99.09 121.15
98.52 121.00
98.02 120.72
97.55 120.41
97.30 120.06
96.62 118.75
-1.00 -1.00
5 0
0 
 3
100.14 120.80
99.90 120.45
99.79 119.96
99.94 119.43
100.52 118.93
-1.00 -1.00
5 0
0 
 3
100.14 120.94
99.81 121.78
100.19 120.96
100.54 120.45
102.08 119.82
102.93 119.55
104.14 119.55
104.84 119.79
105.55 120.51
106.06 121.19
106.37 121.74
106.66 122.56
106.87 123.30
106.93 123.73
106.97 124.43
106.91 124.86
-1.00 -1.00
5 0
0 
 3
116.80 120.59
116.45 120.37
116.84 120.02
117.52 119.98
117.71 120.35
117.34 120.82
116.91 120.84
-1.00 -1.00
5 0
0 
 3
117.05 121.62
116.64 121.45
116.29 121.05
116.20 120.43
116.25 119.82
116.22 119.43
115.98 118.96
115.57 118.65
115.22 118.48
114.80 117.99
114.18 117.46
113.79 117.17
113.26 116.76
112.89 116.48
-1.00 -1.00
5 0
0 
 3
118.27 120.82
118.62 120.59
119.05 120.12
119.26 119.41
118.31 119.10
117.75 118.95
117.15 118.52
116.80 118.03
116.41 117.56
115.83 117.01
115.50 116.74
115.15 116.56
-1.00 -1.00
5 0
0 
 3
120.68 117.46
120.76 117.87
120.78 118.42
120.35 118.79
120.00 119.12
119.48 119.38
118.93 118.87
119.48 118.52
119.89 118.32
119.54 117.62
119.09 117.29
118.62 117.11
118.18 116.93
-1.00 -1.00
5 0
0 
 3
119.87 117.62
119.61 117.27
119.30 116.93
-1.00 -1.00
5 0
0 
 3
83.38 120.68
84.33 120.37
84.89 120.59
85.36 120.70
85.88 120.84
86.93 121.13
87.69 121.46
88.27 121.84
88.54 122.81
88.58 123.22
88.56 123.91
88.35 124.73
88.13 125.35
87.79 125.96
87.47 126.43
-1.00 -1.00
5 0
0 
 3
83.45 122.38
84.13 122.27
85.47 122.81
85.53 123.95
85.07 124.39
84.58 124.51
83.94 124.34
83.43 124.04
-1.00 -1.00
5 0
0 
 3
84.39 122.15
84.76 121.82
85.26 121.58
86.13 121.56
86.81 121.56
87.55 121.33
88.02 120.66
88.17 119.96
88.45 119.39
88.79 118.73
88.87 118.22
88.87 117.48
-1.00 -1.00
5 0
0 
 3
88.97 118.01
88.66 118.46
88.29 118.79
87.73 118.98
87.12 119.30
86.46 119.45
85.88 119.63
85.12 119.69
84.56 119.67
84.21 119.45
83.82 119.26
-1.00 -1.00
5 0
0 
 3
81.98 118.34
81.42 118.07
80.91 117.97
80.48 117.71
80.02 117.40
79.45 117.13
78.85 116.95
78.31 116.66
78.00 116.41
-1.00 -1.00
5 0
0 
 3
70.11 120.23
69.63 120.59
69.08 120.33
69.32 119.67
69.78 119.47
70.21 119.84
70.00 120.41
-1.00 -1.00
5 0
0 
 3
68.79 120.37
69.10 120.74
69.80 120.80
70.31 120.66
70.81 120.10
70.93 119.67
71.03 119.26
71.03 118.77
71.18 118.34
71.67 117.91
72.23 117.32
72.72 116.68
72.99 116.37
-1.00 -1.00
5 0
0 
 3
68.71 118.46
69.41 118.18
69.90 117.81
70.15 117.34
70.54 116.97
70.81 116.62
71.08 116.29
-1.00 -1.00
5 0
0 
 3
71.39 123.34
70.79 123.07
70.75 122.62
71.03 122.25
71.82 122.32
72.00 122.79
71.80 123.18
71.20 123.44
70.77 123.61
69.74 123.26
69.49 122.89
69.28 122.42
69.12 121.70
68.99 121.23
-1.00 -1.00
5 0
0 
 3
70.70 122.36
69.98 121.91
69.90 121.41
70.48 121.00
71.26 121.19
70.99 120.55
70.85 119.98
-1.00 -1.00
5 0
0 
 3
71.39 123.46
71.86 123.40
72.33 123.03
72.70 122.40
72.75 121.37
72.60 120.66
72.72 119.84
73.05 119.55
73.73 118.69
74.09 118.18
74.42 117.73
74.89 117.17
75.32 116.74
75.65 116.39
-1.00 -1.00
5 0
0 
 3
22.87 129.26
22.30 129.30
21.54 129.36
20.65 129.43
20.36 128.65
20.53 128.20
21.49 127.97
22.48 128.03
23.25 128.05
23.43 128.42
23.21 129.00
23.72 128.87
25.00 128.96
26.75 129.10
28.54 129.02
30.24 128.98
32.19 129.04
33.18 129.08
33.62 129.10
33.70 128.42
33.51 128.01
31.76 128.42
29.82 128.34
28.15 128.26
26.32 128.38
24.55 128.50
23.51 128.46
-1.00 -1.00
5 0
0 
 3
26.26 128.61
26.17 127.75
26.32 126.48
26.38 126.02
26.52 126.86
26.42 127.81
26.40 128.59
-1.00 -1.00
5 0
0 
 3
26.19 127.54
25.70 127.56
25.29 127.30
26.13 126.89
27.08 126.82
28.01 126.91
27.84 127.36
27.14 127.52
26.17 127.48
25.56 127.48
-1.00 -1.00
5 0
0 
 3
23.35 125.70
23.23 126.27
22.57 126.54
21.91 126.70
21.37 126.74
20.90 126.74
20.98 126.09
21.91 125.78
22.69 125.63
23.33 125.66
24.55 125.66
25.60 125.53
26.98 125.57
27.93 125.53
29.39 125.35
30.71 125.31
32.05 125.53
32.56 125.45
33.24 125.43
33.00 125.88
32.01 125.84
30.79 125.98
29.22 126.00
27.76 125.96
26.48 125.88
25.62 125.98
24.69 126.13
23.86 126.21
23.14 126.31
-1.00 -1.00
5 0
0 
 3
28.15 126.93
29.10 126.93
30.44 126.82
31.80 126.99
32.69 126.95
33.04 127.15
32.67 127.32
31.24 127.32
29.78 127.27
28.57 127.32
28.03 127.32
-1.00 -1.00
5 0
0 
 3
33.02 128.36
32.87 127.05
32.89 126.46
33.02 125.90
32.98 125.29
32.38 125.23
32.85 124.43
33.18 125.37
33.18 127.38
33.51 128.57
33.62 129.06
34.79 129.38
35.60 129.38
36.92 129.28
38.23 129.51
39.70 129.57
41.20 129.49
41.82 129.36
41.59 127.71
41.39 126.50
41.45 125.31
41.51 124.24
41.02 124.04
39.84 124.14
38.93 124.16
39.24 124.75
39.84 125.39
39.00 126.13
37.72 126.11
36.89 125.29
37.97 126.02
38.48 125.98
39.02 125.35
39.16 124.38
38.91 123.77
38.58 124.57
38.03 125.21
37.26 125.33
36.36 124.77
36.09 123.67
36.94 122.99
37.74 123.55
37.72 124.43
37.39 124.82
36.65 124.80
36.26 124.34
36.30 123.65
36.91 123.73
37.27 124.26
37.59 124.65
37.16 124.45
36.87 123.96
36.75 123.50
36.91 122.93
37.59 123.03
38.26 122.99
38.77 123.59
39.26 124.34
40.25 124.43
41.08 124.47
41.64 124.12
41.28 123.59
39.80 123.65
38.89 123.48
38.54 122.95
38.07 122.85
37.76 122.48
38.48 122.29
39.68 122.29
41.10 122.56
42.03 122.73
41.10 123.36
39.90 123.26
38.71 123.13
39.70 123.28
40.77 123.14
41.70 123.20
42.21 122.97
42.77 122.66
43.12 121.84
42.65 121.56
41.26 121.52
39.55 121.33
38.36 121.35
37.33 121.46
36.46 121.58
36.32 122.15
36.67 122.91
35.92 121.66
35.93 120.90
37.14 120.84
38.46 120.88
39.55 120.94
40.73 120.96
42.07 121.00
42.89 121.17
43.43 121.48
43.06 121.99
-1.00 -1.00
5 0
0 
 3
33.43 126.58
34.94 126.48
36.54 126.76
37.86 126.86
39.02 126.86
38.38 127.13
36.96 127.19
35.14 127.15
34.21 126.99
33.47 127.09
33.33 127.71
34.46 127.99
36.05 128.03
37.64 128.07
39.06 128.14
40.13 128.20
39.35 128.09
37.41 128.28
34.91 128.03
34.28 128.03
33.24 127.71
33.22 126.23
33.22 125.25
32.69 125.16
32.13 124.79
32.98 124.49
33.37 125.35
34.26 125.82
35.27 125.53
34.96 125.14
33.88 125.43
33.31 125.45
-1.00 -1.00
5 0
0 
 3
41.59 127.83
42.21 127.81
42.25 128.30
41.78 128.42
-1.00 -1.00
5 0
0 
 3
41.61 127.54
42.19 127.56
42.13 127.11
41.57 126.93
42.09 126.31
42.15 127.01
42.71 127.15
43.20 126.86
42.77 126.89
42.28 126.72
42.36 126.29
43.28 126.04
42.87 125.39
41.92 125.55
41.70 126.35
42.13 126.54
42.28 125.59
42.60 125.98
-1.00 -1.00
5 0
0 
 3
33.10 124.45
33.55 124.34
34.46 124.34
35.08 124.41
35.66 124.41
36.13 124.39
-1.00 -1.00
5 0
0 
 3
151.25 125.76
151.42 126.33
152.10 126.82
152.74 126.82
153.68 126.91
154.30 126.80
155.15 126.74
156.12 126.82
157.73 126.91
158.28 126.91
158.71 126.86
158.98 126.50
159.23 125.74
159.25 124.82
159.11 123.50
159.02 122.62
158.86 121.78
158.24 121.37
157.70 121.31
156.49 121.46
155.48 121.50
154.43 121.50
153.35 121.45
152.57 121.52
151.46 121.64
150.84 121.70
150.43 121.89
150.28 122.44
-1.00 -1.00
5 0
0 
 3
159.25 125.66
159.93 125.53
160.32 125.27
160.45 124.57
160.41 123.61
160.28 122.95
159.97 122.56
159.44 122.48
159.04 122.58
-1.00 -1.00
5 0
0 
 3
151.87 121.60
152.30 122.64
152.51 123.40
153.09 123.79
153.89 123.79
155.40 123.67
156.45 123.73
157.40 123.77
158.22 123.87
158.14 122.66
157.85 121.78
-1.00 -1.00
5 0
0 
 3
157.85 123.81
157.68 122.97
157.46 122.23
157.11 121.29
157.23 121.91
157.42 123.18
157.17 122.44
156.67 121.35
156.94 122.75
157.00 123.50
156.38 121.80
156.16 121.39
156.22 123.30
155.95 122.66
155.48 121.45
155.60 122.64
155.58 123.32
155.07 121.43
155.09 123.34
154.98 122.38
154.80 121.84
154.88 123.57
154.36 121.50
154.36 123.48
154.16 122.38
153.70 121.31
153.97 123.09
153.97 123.61
153.66 122.32
153.33 121.58
153.07 121.09
153.46 122.64
153.58 123.38
153.35 122.32
153.13 121.78
152.92 121.45
153.11 122.36
153.25 123.42
153.27 123.87
152.92 122.40
152.65 121.43
152.84 123.05
152.96 123.59
-1.00 -1.00
5 0
0 
 3
156.36 123.71
156.22 122.36
156.12 121.80
-1.00 -1.00
5 0
0 
 3
151.89 126.78
151.93 126.29
151.93 125.82
151.79 125.02
151.73 124.02
151.56 123.09
151.23 122.36
150.94 121.89
-1.00 -1.00
5 0
0 
 3
150.94 125.74
151.03 125.16
151.07 124.71
151.00 124.08
150.86 123.50
150.72 123.13
150.51 122.73
-1.00 -1.00
5 0
0 
 3
142.68 123.07
142.82 123.83
142.80 124.59
142.72 125.53
142.57 126.00
143.01 125.92
143.15 125.39
143.17 124.63
143.03 123.83
142.96 123.30
142.86 122.91
-1.00 -1.00
5 0
0 
 3
144.00 122.89
144.04 123.42
144.16 124.10
144.20 124.65
144.10 125.21
144.04 125.70
143.83 126.15
143.91 125.66
144.02 125.08
144.04 124.43
143.97 123.69
143.85 123.11
-1.00 -1.00
5 0
0 
 3
145.23 122.87
145.27 123.59
145.33 124.32
145.38 124.92
145.38 125.49
145.01 125.94
145.11 124.94
145.23 124.36
145.03 123.42
144.86 123.07
-1.00 -1.00
5 0
0 
 3
146.32 122.75
146.37 123.14
146.51 123.96
146.55 124.94
146.45 125.55
146.10 125.74
146.41 124.86
146.35 123.91
146.26 123.24
146.10 122.62
-1.00 -1.00
5 0
0 
 3
148.39 104.39
148.51 103.50
148.51 102.91
148.51 102.40
148.51 101.76
148.34 101.25
148.10 100.66
148.55 100.61
148.70 101.27
148.72 101.82
148.72 102.79
148.70 103.67
148.63 104.10
-1.00 -1.00
5 0
0 
 3
149.93 104.32
149.99 103.71
150.06 103.30
150.10 102.44
150.06 101.72
149.97 101.23
149.87 100.84
149.69 100.37
150.06 100.76
150.20 101.50
150.24 102.44
150.14 103.22
150.03 103.65
149.85 104.04
-1.00 -1.00
5 0
0 
 3
151.48 104.28
151.70 103.87
151.73 103.32
151.71 102.36
151.64 101.89
151.44 101.52
151.31 101.11
151.00 100.55
151.31 100.84
151.54 101.29
151.64 102.27
151.54 102.71
151.42 103.26
151.27 103.73
151.07 104.14
-1.00 -1.00
5 0
0 
 3
153.15 104.12
153.37 103.38
153.38 102.64
153.33 102.09
153.19 101.66
152.92 101.15
152.61 100.82
153.09 101.23
153.19 101.78
153.21 102.60
153.15 103.18
152.92 103.54
152.88 104.04
-1.00 -1.00
5 0
0 
 3
91.47 111.31
90.54 111.33
90.10 111.02
89.69 109.94
90.02 109.20
90.62 108.98
91.13 109.08
91.65 109.28
-1.00 -1.00
5 0
0 
 3
91.57 114.53
91.51 113.96
91.51 113.50
90.87 113.50
90.62 112.64
91.16 112.71
91.42 112.27
91.36 111.70
-1.00 -1.00
5 0
0 
 3
91.26 109.10
91.14 108.48
91.11 107.83
91.11 107.09
91.20 106.70
91.61 105.96
91.53 105.49
91.22 105.94
91.09 107.66
90.29 107.77
89.86 107.52
89.79 106.82
90.52 107.32
90.91 107.79
90.85 106.95
90.31 106.41
89.88 105.96
89.79 106.41
89.84 107.07
89.77 105.37
89.63 103.55
89.47 101.15
89.46 99.63
89.69 99.02
90.25 98.13
90.64 98.22
90.85 99.22
91.14 100.96
91.34 103.03
91.44 104.82
91.42 106.35
91.26 107.75
-1.00 -1.00
5 0
0 
 3
89.57 104.12
90.17 104.49
90.70 104.61
90.13 103.75
89.73 103.46
90.52 103.57
90.48 103.14
89.67 102.85
90.10 102.11
90.66 102.11
90.76 101.54
89.79 101.82
89.44 102.09
90.48 101.33
90.93 100.49
89.98 100.78
89.53 101.27
90.33 100.10
90.80 98.81
89.61 100.29
89.86 98.91
90.25 97.91
90.60 97.09
90.78 96.41
91.07 95.53
91.11 94.39
90.93 92.93
90.80 92.36
90.60 93.38
90.54 94.20
90.41 95.53
90.41 96.27
90.39 94.67
89.96 93.93
90.21 93.44
90.41 94.30
90.64 92.97
90.70 92.21
90.78 91.39
90.80 90.74
90.33 90.84
90.21 89.82
90.72 90.94
90.62 91.95
90.91 90.43
91.16 89.24
91.16 88.67
91.16 88.26
91.20 87.85
91.32 87.44
91.51 87.07
-1.00 -1.00
5 0
0 
 3
89.67 106.15
89.14 106.52
88.99 106.91
89.16 105.94
89.26 105.00
89.22 103.75
89.14 102.40
89.01 101.15
88.89 100.16
88.78 99.63
88.31 99.41
87.30 99.38
86.29 99.51
85.53 99.67
-1.00 -1.00
5 0
0 
 3
84.52 99.79
84.10 99.92
83.38 99.98
82.52 100.10
81.92 100.18
82.00 101.29
82.25 102.64
82.44 104.38
82.56 106.23
82.56 107.40
82.41 108.07
82.97 107.95
83.51 107.87
84.56 107.62
85.55 107.56
86.56 107.48
87.32 107.42
88.27 107.32
88.83 107.27
-1.00 -1.00
5 0
0 
 3
85.05 101.09
84.60 101.19
84.10 101.17
83.84 102.66
83.86 103.22
84.50 103.26
85.32 103.22
86.21 103.11
86.76 103.03
86.91 102.25
86.83 101.37
86.46 100.94
85.80 101.00
85.67 101.60
85.24 101.82
84.97 101.39
84.76 100.45
84.37 99.47
83.71 98.79
82.87 98.79
81.80 98.87
80.15 99.04
78.48 99.14
77.57 99.51
76.66 99.82
76.81 99.08
78.06 98.79
79.61 98.54
81.01 98.38
82.54 98.28
83.75 98.22
84.48 98.18
85.05 98.75
85.30 99.45
85.51 100.21
85.67 101.13
-1.00 -1.00
5 0
0 
 3
85.36 102.87
84.89 103.03
84.87 102.58
85.38 102.44
-1.00 -1.00
5 0
0 
 3
82.41 107.21
82.00 107.17
81.86 106.19
81.61 104.16
81.40 102.13
81.18 100.72
81.88 100.66
81.45 100.82
81.63 102.05
82.00 103.95
82.13 105.41
82.17 107.01
-1.00 -1.00
5 0
0 
 3
78.85 108.18
77.55 111.46
77.96 110.90
78.44 110.55
78.52 111.00
78.09 111.97
77.78 111.62
77.92 111.21
77.59 110.74
78.19 109.98
78.77 109.59
79.47 109.24
79.51 109.92
79.12 110.55
78.77 110.86
79.20 110.59
79.63 110.37
80.52 109.71
81.09 109.47
81.34 109.16
81.71 108.22
81.80 107.23
81.84 105.59
81.63 103.32
81.28 101.99
81.07 100.72
80.50 99.98
80.02 99.96
79.24 100.21
78.29 100.59
77.36 100.82
-1.00 -1.00
5 0
0 
 3
26.48 105.82
25.78 105.70
25.08 105.53
24.30 105.29
23.29 105.12
22.52 104.73
22.05 104.06
21.45 102.75
21.14 101.29
20.92 100.12
21.04 99.08
21.12 97.81
21.37 96.93
21.78 96.11
21.99 95.57
22.50 95.12
23.23 94.75
24.46 94.34
25.43 94.12
26.38 94.10
27.20 94.12
27.64 94.16
-1.00 -1.00
5 0
0 
 3
28.26 92.27
28.13 92.64
27.78 93.71
27.47 95.55
27.33 98.13
27.49 100.72
27.84 103.34
28.24 105.47
28.73 106.95
29.41 107.52
30.19 107.70
29.97 106.04
30.42 105.63
31.37 106.13
31.68 107.27
30.65 106.50
31.47 106.19
30.21 106.60
29.70 106.15
30.26 107.60
30.92 108.87
31.97 108.83
32.11 108.13
30.61 107.87
31.82 108.05
31.41 107.32
31.22 106.46
31.68 107.87
31.93 108.26
32.40 108.36
33.60 108.42
34.26 108.30
34.23 107.32
33.41 105.74
32.79 103.32
32.46 100.98
32.24 98.93
32.36 96.99
32.46 94.79
32.91 93.03
32.94 92.56
31.74 92.23
30.44 92.36
29.23 92.44
28.42 92.34
27.91 93.30
27.66 94.26
27.56 95.55
27.10 96.39
26.40 96.23
26.57 95.53
27.06 95.31
27.60 94.28
27.64 93.89
26.61 93.85
26.92 92.87
27.56 92.68
27.84 93.63
27.51 95.27
27.39 97.30
27.55 98.55
27.60 99.51
26.42 99.65
25.88 99.30
25.78 98.34
25.91 97.71
26.87 97.79
27.25 98.07
27.39 99.06
27.55 100.88
27.64 102.09
27.80 103.01
27.51 103.48
26.59 103.50
26.01 103.01
25.80 101.64
26.44 101.48
27.10 101.54
27.55 101.72
27.58 102.58
27.72 103.89
27.97 104.80
28.15 105.37
28.46 106.46
27.39 106.52
26.94 106.31
26.59 105.43
26.69 104.77
27.14 104.75
27.72 104.96
28.05 105.41
28.46 106.43
28.65 107.01
27.80 107.09
27.60 106.54
-1.00 -1.00
5 0
0 
 3
39.43 109.20
39.02 109.06
38.11 109.02
36.89 108.87
35.86 108.71
35.24 108.50
34.59 107.56
34.09 106.13
33.70 104.59
33.33 102.95
33.10 101.74
32.85 100.23
32.89 98.55
32.92 97.05
32.92 95.61
33.10 94.12
33.27 93.26
33.49 92.68
34.36 92.36
34.75 92.44
-1.00 -1.00
5 0
0 
 3
35.22 97.32
35.14 98.55
35.16 100.31
35.27 101.82
35.60 104.12
36.01 105.23
36.92 107.05
37.53 108.26
37.97 109.02
38.44 109.12
38.03 107.89
37.59 106.60
36.71 104.32
36.19 102.73
35.78 100.76
35.72 99.20
35.72 98.52
-1.00 -1.00
5 0
0 
 3
39.57 109.20
38.83 109.06
-1.00 -1.00
5 0
0 
 3
35.78 98.50
36.03 97.77
36.17 97.29
36.42 96.46
36.52 95.84
36.61 95.37
36.94 94.61
37.24 93.85
37.49 93.14
37.88 92.34
38.09 91.86
-1.00 -1.00
5 0
0 
 3
35.25 97.25
35.55 96.58
35.80 96.11
36.15 95.51
36.42 94.92
36.79 94.00
37.02 93.22
37.22 92.56
37.41 91.80
37.49 91.41
-1.00 -1.00
5 0
0 
 3
33.97 92.40
34.40 92.44
35.02 92.38
35.58 92.34
36.42 92.30
37.12 92.36
37.66 92.44
38.56 92.56
38.98 92.58
-1.00 -1.00
5 0
0 
 3
29.49 108.42
29.66 108.79
30.03 109.30
31.22 110.33
32.42 111.66
33.53 112.85
34.36 113.83
34.65 114.12
35.20 114.65
35.88 115.10
36.92 115.68
38.30 116.33
39.90 117.17
41.26 117.81
42.34 118.28
43.41 118.81
-1.00 -1.00
5 0
0 
 3
29.39 108.48
29.88 108.34
30.42 108.18
-1.00 -1.00
5 0
0 
 3
25.39 105.59
25.60 106.31
25.86 107.11
26.34 108.24
26.96 109.69
27.49 110.76
28.17 111.89
28.69 112.68
29.29 113.50
30.15 114.00
31.62 114.65
32.63 114.82
33.68 115.00
35.04 115.29
35.76 115.47
37.39 115.92
37.88 116.07
-1.00 -1.00
5 0
0 
 3
27.02 106.45
27.23 107.27
27.56 108.07
28.42 110.08
29.00 111.35
29.51 112.34
30.15 113.32
30.75 113.61
31.90 113.89
32.63 114.04
33.24 114.18
33.72 114.32
34.36 114.47
34.83 114.59
-1.00 -1.00
5 0
0 
 3
24.96 105.63
25.25 106.07
25.70 107.09
26.34 108.65
26.96 110.02
27.37 111.07
27.88 112.32
28.21 113.28
28.52 114.02
28.87 114.43
29.53 114.61
30.19 114.75
31.14 114.98
32.13 115.14
33.18 115.39
34.05 115.57
35.51 115.84
37.16 116.07
38.32 116.31
-1.00 -1.00
5 0
0 
 3
77.80 109.86
76.93 109.84
76.33 109.88
75.45 109.86
74.66 109.88
74.04 109.92
73.61 110.06
73.18 109.88
73.01 109.47
72.79 108.98
72.64 108.20
72.44 107.29
72.21 105.98
72.15 104.61
71.90 103.36
71.69 101.52
71.61 100.06
71.74 99.28
72.04 98.81
72.17 99.53
71.90 101.13
71.92 103.16
72.52 105.53
72.99 107.56
73.22 108.42
-1.00 -1.00
5 0
0 
 3
71.94 100.78
72.50 100.86
72.97 100.76
73.67 100.53
74.07 100.47
74.97 100.45
75.67 100.51
76.17 100.53
76.77 100.55
77.26 100.57
77.80 100.68
-1.00 -1.00
5 0
0 
 3
69.01 109.55
68.77 108.93
68.60 108.13
68.27 106.99
68.07 106.04
67.96 104.75
67.94 103.98
67.82 102.95
67.82 102.40
67.86 101.97
67.80 101.27
67.84 100.47
67.82 100.98
67.88 101.37
68.77 101.21
69.63 100.96
70.54 100.59
71.06 100.86
71.53 101.13
70.83 101.56
70.00 101.80
69.28 102.01
68.68 102.23
68.17 102.38
67.76 102.38
68.19 103.22
68.58 103.14
68.89 102.87
69.74 102.38
70.40 102.27
71.01 102.32
70.97 102.75
70.44 103.18
69.20 103.54
68.48 103.79
68.17 104.43
68.58 104.77
69.43 104.36
70.31 104.12
71.08 103.95
71.30 104.28
71.05 104.67
70.11 105.00
68.81 105.37
68.38 105.51
68.48 106.02
69.18 106.02
70.19 105.53
71.01 105.21
71.47 105.25
71.65 105.80
71.08 106.15
70.09 106.35
69.18 106.54
68.81 106.68
69.36 107.54
70.13 107.07
70.95 106.72
71.78 106.93
70.97 107.62
69.92 107.77
69.12 107.99
69.30 108.50
70.04 108.57
70.87 108.22
71.65 107.91
72.21 107.73
72.83 107.56
73.36 107.68
73.49 108.42
72.75 109.28
71.92 109.65
71.01 109.51
70.07 109.14
69.47 109.00
69.05 109.02
68.64 109.22
69.86 109.28
70.66 108.98
71.10 108.85
71.69 108.79
72.48 108.75
-1.00 -1.00
5 0
0 
 3
68.83 109.79
68.71 110.18
68.52 110.70
68.17 111.02
67.65 110.84
67.10 109.59
66.85 107.75
66.58 105.76
66.48 104.63
66.56 103.28
66.56 101.52
66.56 100.39
66.60 99.67
66.66 99.26
66.79 98.79
67.39 98.50
67.92 99.10
68.05 99.67
68.19 100.57
68.27 101.37
68.21 101.80
-1.00 -1.00
5 0
0 
 3
66.50 99.65
57.06 99.61
-1.00 -1.00
5 0
0 
 3
58.25 109.69
66.97 109.53
-1.00 -1.00
5 0
0 
 3
68.23 100.10
71.65 100.27
-1.00 -1.00
5 0
0 
 3
107.42 125.55
110.14 125.45
-1.00 -1.00
5 0
0 
 3
115.50 125.41
122.78 125.49
121.40 123.50
121.25 122.52
-1.00 -1.00
5 0
0 
 3
121.42 119.79
121.23 116.35
-1.00 -1.00
5 0
0 
 3
121.34 123.28
119.96 123.28
-1.00 -1.00
5 0
0 
 3
114.60 123.20
106.78 123.18
-1.00 -1.00
5 0
0 
 3
99.09 123.18
96.83 123.26
-1.00 -1.00
5 0
0 
 3
99.03 125.37
96.49 125.37
-1.00 -1.00
5 0
0 
 3
89.26 123.32
88.54 123.30
-1.00 -1.00
5 0
0 
 3
89.30 125.23
88.48 125.20
-1.00 -1.00
5 0
0 
 3
82.02 125.27
72.79 125.21
72.58 126.19
-1.00 -1.00
5 0
0 
 3
82.06 123.24
71.78 123.30
-1.00 -1.00
5 0
0 
 3
80.37 99.79
72.19 100.08
-1.00 -1.00
5 0
0 
 3
82.17 107.89
88.41 107.93
89.32 106.60
-1.00 -1.00
5 0
0 
 3
88.46 99.36
85.28 99.43
-1.00 -1.00
5 0
0 
 3
84.04 99.30
81.94 100.04
-1.00 -1.00
5 0
0 
 3
63.28 120.90
52.81 121.11
55.80 125.61
63.70 125.45
63.28 121.07
-1.00 -1.00
5 0
0 
 3
52.50 121.11
56.56 125.00
63.63 124.92
-1.00 -1.00
5 0
0 
 3
56.64 124.90
59.39 123.18
63.43 123.14
-1.00 -1.00
5 0
0 
 3
59.43 123.20
57.57 121.05
-1.00 -1.00
5 0
0 
 3
43.12 118.79
31.35 118.77
31.39 118.32
42.15 118.18
-1.00 -1.00
5 0
0 
 3
41.49 117.85
31.60 117.95
31.64 117.46
40.28 117.32
-1.00 -1.00
5 0
0 
 3
32.87 120.72
32.96 121.19
35.92 121.41
-1.00 -1.00
5 0
0 
 3
32.85 120.84
36.15 120.68
-1.00 -1.00
5 0
0 
 3
33.97 121.50
34.40 122.03
36.21 122.15
-1.00 -1.00
5 0
0 
 3
34.94 122.21
35.62 122.70
36.44 122.77
-1.00 -1.00
5 0
0 
 3
32.34 117.42
32.57 116.74
39.06 116.86
-1.00 -1.00
5 0
0 
 3
42.58 121.17
45.96 121.37
-1.00 -1.00
5 0
0 
 3
43.08 122.19
46.62 122.13
-1.00 -1.00
5 0
0 
 3
42.75 122.62
47.35 122.71
-1.00 -1.00
5 0
0 
 3
41.90 123.38
47.70 123.26
-1.00 -1.00
5 0
0 
 3
41.41 123.87
48.05 123.77
-1.00 -1.00
5 0
0 
 3
41.68 124.38
48.50 124.36
-1.00 -1.00
5 0
0 
 3
41.74 124.98
49.12 124.92
-1.00 -1.00
5 0
0 
 3
56.42 94.41
58.03 99.51
-1.00 -1.00
5 0
0 
 3
53.65 96.74
54.81 87.99
-1.00 -1.00
5 0
0 
 3
24.59 90.41
28.65 66.72
63.03 66.19
154.74 100.29
-1.00 -1.00
5 0
0 
 3
50.31 127.36
49.92 127.11
49.45 126.89
49.04 126.60
48.77 126.23
48.50 125.84
48.32 125.45
48.19 125.08
-1.00 -1.00
5 0
0 
 3
49.72 127.09
49.31 127.01
48.87 126.99
48.38 126.99
47.64 126.93
47.18 126.89
46.75 126.86
46.30 126.68
46.01 126.35
45.76 126.02
45.53 125.66
45.18 125.16
44.83 124.90
-1.00 -1.00
5 0
0 
 3
48.97 126.54
48.36 126.50
48.67 126.21
-1.00 -1.00
5 0
0 
 3
48.23 125.59
47.82 125.61
47.86 125.21
-1.00 -1.00
5 0
0 
 3
58.56 109.51
58.21 109.04
57.82 108.28
57.59 107.62
57.35 106.97
57.16 106.33
57.00 105.53
56.85 104.86
56.67 104.16
56.56 103.65
56.40 102.99
56.31 102.42
56.38 101.78
56.42 101.23
56.52 100.47
56.75 99.79
56.93 99.38
-1.00 -1.00
5 0
0 
 3
59.16 110.18
58.52 110.21
57.98 110.00
57.65 109.67
57.41 109.12
57.22 108.67
56.87 107.87
56.62 107.15
56.48 106.41
56.36 105.59
56.23 104.61
56.07 103.65
56.01 102.77
55.96 102.21
55.96 101.72
55.92 101.33
55.98 100.92
56.44 100.37
57.02 99.90
56.25 100.37
56.44 99.80
56.81 99.43
57.32 99.32
-1.00 -1.00
5 0
0 
 3
56.19 113.13
56.58 112.64
56.81 112.25
57.10 111.72
57.53 111.11
57.86 110.66
58.13 110.31
58.54 109.98
-1.00 -1.00
5 0
0 
 3
122.82 123.36
123.01 122.56
123.58 122.71
123.94 123.11
123.83 123.73
123.17 123.57
122.80 123.38
122.45 123.16
-1.00 -1.00
5 0
0 
 3
123.21 121.56
123.87 122.01
124.27 122.25
124.88 122.52
125.34 122.68
125.65 122.25
125.61 121.72
125.65 121.23
125.71 120.84
125.77 120.37
-1.00 -1.00
5 0
0 
 3
123.28 118.16
123.48 117.56
124.00 117.71
124.41 118.05
-1.00 -1.00
5 0
0 
 3
110.97 124.88
110.97 124.39
110.99 123.93
111.38 124.00
111.90 123.96
-1.00 -1.00
5 0
0 
 3
109.75 124.86
109.15 124.77
109.30 124.28
109.94 124.12
110.33 124.30
109.94 124.82
109.34 124.73
-1.00 -1.00
5 0
0 
 3
118.70 124.45
119.07 124.22
119.46 124.36
119.30 124.80
118.90 124.80
-1.00 -1.00
5 0
0 
 3
54.83 121.78
55.20 122.27
55.49 122.71
55.94 123.26
56.34 123.73
56.83 124.22
-1.00 -1.00
5 0
0 
 3
57.72 122.93
57.28 122.97
57.61 122.73
-1.00 -1.00
5 0
0 
 3
56.58 121.80
57.18 121.72
56.95 122.11
-1.00 -1.00
5 0
0 
 3
61.92 124.53
61.88 124.10
61.32 124.12
-1.00 -1.00
5 0
0 
 3
59.84 124.36
60.62 124.43
60.29 124.18
-1.00 -1.00
5 0
0 
 3
72.15 100.72
81.03 100.78
-1.00 -1.00
5 0
0 
 3
86.68 107.40
82.56 107.30
-1.00 -1.00
5 0
0 
 3
78.91 108.11
80.50 109.57
-1.00 -1.00
5 0
0 
 3
158.18 104.10
158.47 104.43
159.31 104.38
159.77 104.28
160.30 104.12
-1.00 -1.00
5 0
0 
 3
156.84 102.54
156.65 102.19
157.66 101.91
158.76 101.84
159.40 101.86
158.53 102.32
157.42 102.32
156.98 102.40
-1.00 -1.00
5 0
0 
 3
32.75 125.25
23.47 125.76
32.98 125.96
-1.00 -1.00
5 0
0 
 3
23.33 125.61
21.12 125.45
21.10 126.50
-1.00 -1.00
5 0
0 
 3
21.12 127.99
20.94 129.28
-1.00 -1.00
5 0
0 
 3
23.12 128.98
33.41 129.14
-1.00 -1.00
5 0
0 
 3
23.66 128.24
33.57 128.20
-1.00 -1.00
5 0
0 
 3
133.46 115.16
159.50 104.61
-1.00 -1.00
5 0
0 
 -1
