gremlinfile
0 48.00 48.00
3
148.25 66.27
149.74 66.27
149.74 62.82
150.23 60.84
150.72 59.36
151.22 58.37
151.71 57.38
152.21 56.89
152.70 56.40
153.19 55.90
153.69 55.41
154.18 54.91
154.67 54.42
155.17 53.93
155.66 53.43
156.65 52.94
157.64 52.44
159.12 51.95
160.60 51.46
162.08 50.96
193.69 50.96
197.64 54.91
193.69 58.87
165.54 58.87
162.58 61.83
165.54 64.79
193.69 64.79
197.64 68.74
193.69 72.69
165.54 72.69
162.58 75.66
165.54 78.62
193.69 78.62
197.64 82.57
193.69 86.52
165.54 86.52
162.58 89.48
165.54 92.45
193.69 92.45
197.64 96.40
193.69 100.35
-1.00 -1.00
5 0
0 
 3
48.49 86.52
49.48 86.03
50.47 85.53
51.46 85.04
52.44 84.55
149.74 84.55
149.74 85.53
149.74 87.51
150.23 89.48
150.72 91.46
151.71 93.44
152.70 94.42
153.69 95.41
154.67 96.40
155.66 97.39
156.65 97.88
157.64 98.37
158.63 98.87
159.61 99.36
160.60 99.86
162.08 100.35
194.18 100.35
-1.00 -1.00
5 0
0 
 3
48.49 86.52
48.49 64.30
49.48 64.79
50.47 65.29
51.46 65.78
52.44 66.27
149.74 66.27
-1.00 -1.00
5 0
0 
 -1
