gremlinfile
1 124.00 4.00
3
205.32 38.07
205.73 37.23
205.99 36.50
206.44 35.23
207.00 33.48
207.26 31.85
207.44 30.44
207.68 28.67
207.90 26.90
208.12 24.98
208.33 23.21
208.42 21.75
208.36 20.55
208.14 19.26
207.95 18.12
207.85 17.01
207.77 16.25
-1.00 -1.00
5 0
0 
 3
180.15 63.87
180.66 64.27
182.01 65.42
183.32 66.73
184.81 67.98
186.57 69.33
-1.00 -1.00
5 0
0 
 3
192.36 32.49
192.64 31.85
192.55 29.74
192.43 28.59
192.27 27.41
192.27 25.79
-1.00 -1.00
5 0
0 
 3
198.92 28.67
208.04 28.45
-1.00 -1.00
5 0
0 
 3
173.47 60.16
173.49 61.28
173.35 62.26
173.30 63.07
172.69 63.88
171.46 64.10
170.13 64.00
169.21 63.43
168.43 62.70
167.60 61.88
166.42 60.03
166.01 59.42
165.51 58.79
164.90 57.93
-1.00 -1.00
5 0
0 
 3
173.99 78.19
174.65 77.27
175.21 76.26
-1.00 -1.00
5 0
0 
 3
164.61 77.34
164.70 76.41
164.73 75.15
164.87 74.15
164.70 73.47
163.63 71.71
162.71 69.27
161.11 64.20
160.63 62.12
160.29 59.48
160.23 57.90
160.39 56.15
160.53 55.55
-1.00 -1.00
5 0
0 
 3
142.27 54.09
142.76 54.48
144.21 55.79
147.31 57.39
150.50 58.40
153.70 59.13
156.47 60.02
159.28 61.04
160.73 61.60
-1.00 -1.00
5 0
0 
 3
192.50 32.13
192.06 32.78
191.44 33.44
191.04 34.56
191.04 35.78
191.00 37.36
191.14 38.46
192.07 38.40
192.41 37.18
192.70 35.49
192.87 34.06
192.95 32.87
192.98 32.13
-1.00 -1.00
5 0
0 
 3
195.79 15.42
195.47 16.34
195.14 17.62
-1.00 -1.00
5 0
0 
 3
178.12 11.17
177.95 11.82
178.02 12.52
-1.00 -1.00
5 0
0 
 3
176.12 3.69
176.27 4.27
176.56 5.20
176.76 6.42
177.24 7.13
177.74 7.56
178.32 7.74
-1.00 -1.00
5 0
0 
 3
174.82 49.02
174.64 50.35
174.19 51.61
173.89 53.11
173.69 54.75
173.15 55.61
172.79 56.92
173.30 58.78
173.69 60.43
-1.00 -1.00
5 0
0 
 3
190.15 40.93
188.78 40.52
187.56 39.84
186.18 38.53
184.42 37.02
182.42 35.74
181.41 34.95
180.32 34.16
179.77 34.01
179.16 34.22
178.37 34.79
177.64 36.24
176.85 38.20
176.38 40.19
175.98 42.54
175.70 43.96
175.43 44.90
174.91 46.89
174.65 47.74
174.33 48.73
-1.00 -1.00
5 0
0 
 3
194.52 38.90
194.08 40.85
193.76 41.83
193.40 42.67
192.87 43.45
191.73 44.13
190.87 43.04
189.98 42.06
189.53 41.70
190.32 40.45
190.72 39.30
191.03 38.53
-1.00 -1.00
5 0
0 
 3
195.79 39.78
195.24 39.45
194.69 38.67
194.60 38.00
194.52 36.78
194.59 35.53
194.82 34.36
195.01 33.82
-1.00 -1.00
5 0
0 
 3
195.11 34.02
195.41 33.24
195.81 31.83
196.24 30.41
196.68 28.56
196.90 26.37
197.18 24.14
197.28 21.48
197.14 18.80
196.67 16.47
195.83 13.90
194.80 12.32
194.52 11.52
195.35 11.21
196.20 12.62
196.85 14.70
197.94 17.84
198.20 20.21
198.95 25.94
198.79 28.06
197.60 34.39
197.14 37.52
197.22 39.87
197.15 42.07
196.73 43.83
196.09 44.05
194.41 43.78
193.87 43.07
-1.00 -1.00
5 0
0 
 3
168.09 53.38
167.97 52.56
167.92 51.20
168.25 49.12
169.00 46.58
169.62 45.28
170.68 44.17
171.46 43.76
172.04 42.84
172.36 40.90
172.79 38.76
173.96 29.56
174.64 25.63
174.75 23.27
175.13 21.63
176.34 21.05
177.40 21.12
178.91 22.03
180.27 24.17
181.67 26.73
183.22 29.02
184.89 31.38
186.46 33.35
187.24 33.88
188.23 33.48
189.22 32.41
190.14 30.99
190.45 29.41
190.50 27.04
189.91 24.00
190.05 22.16
191.56 22.50
192.47 24.32
193.18 25.89
193.60 23.97
192.88 20.90
192.06 16.74
192.13 14.27
192.91 14.50
193.98 16.67
194.85 20.48
195.28 24.04
195.30 27.74
195.13 30.30
194.85 32.68
194.80 34.42
194.92 35.97
194.85 37.76
195.27 39.01
195.71 39.71
-1.00 -1.00
5 0
0 
 3
152.62 50.42
153.64 50.39
156.89 50.46
158.85 50.60
160.43 50.84
161.50 51.17
162.39 51.51
163.27 52.04
-1.00 -1.00
5 0
0 
 3
164.19 55.00
164.09 55.95
164.59 57.56
165.69 58.69
-1.00 -1.00
5 0
0 
 3
136.28 54.66
140.42 54.47
140.04 53.56
139.77 52.45
139.64 51.07
140.04 49.31
140.76 48.53
142.12 48.21
144.28 48.01
146.47 47.96
148.67 48.60
150.84 49.45
152.82 50.62
156.17 52.86
157.79 53.83
158.96 54.44
160.30 55.11
163.74 57.23
164.43 57.77
166.57 58.95
168.43 59.52
169.49 59.18
170.34 58.68
170.69 57.88
170.47 56.76
168.93 54.71
168.19 53.57
167.60 52.29
167.05 50.42
166.69 48.78
166.40 46.83
165.76 43.17
165.08 41.09
162.85 36.04
161.76 33.11
160.91 30.39
160.15 27.44
160.01 25.39
160.43 23.26
161.18 22.39
162.47 21.82
164.76 21.05
167.12 20.17
169.17 19.36
171.42 18.68
173.17 17.95
175.26 16.93
177.03 15.78
178.64 14.54
181.55 11.92
181.33 11.15
180.55 11.23
179.05 12.42
177.58 13.47
175.35 14.52
170.92 16.07
166.55 17.45
167.22 16.70
168.83 15.95
170.75 15.28
173.15 14.75
174.98 13.96
176.89 12.76
178.33 11.58
179.80 10.13
181.06 8.78
182.15 7.17
182.20 6.36
181.13 6.42
179.01 7.71
176.75 9.31
175.06 10.71
173.32 12.04
172.24 13.02
170.31 14.01
167.78 14.98
165.52 15.69
164.04 16.00
163.07 16.00
164.01 14.70
165.65 13.09
166.82 12.21
169.10 10.73
171.71 8.81
173.30 7.54
175.50 5.58
176.45 3.87
176.53 2.78
175.76 2.39
174.96 2.68
173.32 3.69
169.97 6.73
168.25 8.05
166.44 9.65
164.19 11.47
161.42 13.39
158.73 14.99
156.67 16.02
151.66 17.53
150.90 17.48
148.85 17.11
147.42 17.58
146.84 18.61
147.28 19.64
149.29 20.65
151.34 21.49
153.50 22.76
154.55 23.50
155.69 24.78
156.15 26.23
156.92 27.71
157.80 29.10
157.96 31.42
158.63 34.29
158.99 35.98
158.96 38.33
159.50 44.74
159.76 47.13
160.15 48.77
161.14 49.35
162.20 49.82
162.85 50.90
163.14 52.07
163.38 53.35
164.39 55.00
165.62 56.19
166.45 56.58
-1.00 -1.00
5 0
0 
 3
169.24 73.78
168.72 72.35
166.96 69.02
166.26 66.59
165.77 64.33
165.56 62.92
165.38 61.84
-1.00 -1.00
5 0
0 
 3
175.22 62.02
174.14 63.98
172.93 65.79
171.92 67.67
171.22 67.68
169.07 65.95
167.64 65.16
166.76 64.65
-1.00 -1.00
5 0
0 
 3
182.85 68.32
182.28 68.61
181.09 68.73
179.97 68.82
179.69 67.99
179.56 67.08
179.50 66.30
179.35 65.65
-1.00 -1.00
5 0
0 
 3
194.08 72.67
193.39 73.16
193.15 73.80
191.28 73.46
190.82 74.24
189.91 74.25
188.76 73.95
187.90 74.71
186.64 76.44
185.68 78.03
184.31 78.28
182.81 77.93
181.72 77.62
180.82 77.22
-1.00 -1.00
5 0
0 
 3
194.10 74.61
193.15 74.86
191.96 75.13
191.00 75.32
189.77 75.36
188.84 76.19
186.76 78.19
185.92 78.63
-1.00 -1.00
5 0
0 
 3
184.99 81.22
185.65 80.30
186.42 79.53
187.48 78.97
188.54 78.35
189.43 77.22
190.49 76.47
191.85 75.89
193.57 75.86
194.63 75.49
195.64 74.41
197.32 73.61
197.96 74.02
197.73 74.96
197.12 76.01
196.46 77.10
196.12 78.13
-1.00 -1.00
5 0
0 
 3
192.21 82.10
192.92 81.72
193.61 81.38
194.22 81.12
195.03 81.72
195.38 82.78
195.62 84.18
195.40 85.03
194.79 85.20
193.60 84.60
192.70 83.82
192.36 82.58
-1.00 -1.00
5 0
0 
 3
193.90 83.49
193.60 82.90
194.36 82.37
-1.00 -1.00
5 0
0 
 3
190.98 81.69
191.73 81.35
192.71 80.18
193.40 79.43
194.66 79.57
195.11 80.35
195.79 80.48
196.75 81.23
197.19 82.31
197.23 83.65
196.97 85.00
196.56 86.14
195.68 86.21
194.73 86.37
193.52 85.30
192.27 84.68
191.55 84.39
191.31 82.87
191.34 81.82
192.27 81.03
-1.00 -1.00
5 0
0 
 3
192.26 82.13
192.88 81.62
193.69 81.13
194.51 81.19
195.26 81.62
195.37 82.80
195.85 83.88
195.71 84.68
195.23 85.19
193.98 84.53
192.95 83.96
192.26 83.32
192.34 82.63
192.48 82.00
-1.00 -1.00
5 0
0 
 3
187.05 86.21
186.73 85.68
185.99 85.24
-1.00 -1.00
5 0
0 
 3
189.84 88.03
189.66 88.61
189.15 88.87
188.67 89.98
187.89 90.31
187.20 89.88
185.82 89.18
184.79 88.49
183.48 87.55
182.70 87.11
182.63 83.96
182.81 83.08
184.10 82.80
186.22 82.98
187.73 82.94
189.05 84.01
190.01 84.90
190.00 85.90
189.57 87.23
189.27 87.80
-1.00 -1.00
5 0
0 
 3
187.65 88.87
186.74 89.10
-1.00 -1.00
5 0
0 
 3
189.44 87.75
188.20 87.90
188.06 87.29
188.00 86.17
187.55 84.83
186.88 84.01
186.04 83.88
184.88 84.25
184.42 85.12
184.45 86.55
185.39 87.15
186.05 87.75
186.91 87.90
-1.00 -1.00
5 0
0 
 3
177.85 80.49
176.77 79.56
175.25 78.53
173.17 78.67
-1.00 -1.00
5 0
0 
 3
185.13 79.95
183.93 79.67
183.02 79.24
181.72 79.03
179.89 79.61
178.34 80.20
176.82 80.72
175.37 81.11
-1.00 -1.00
5 0
0 
 3
179.02 51.34
179.79 51.53
180.39 52.08
-1.00 -1.00
5 0
0 
 3
175.16 50.94
175.94 50.69
176.39 51.34
-1.00 -1.00
5 0
0 
 3
178.70 61.79
177.76 61.37
177.09 60.20
176.70 58.10
176.28 55.99
175.54 52.93
175.11 50.26
174.75 49.04
173.73 51.73
174.05 55.24
175.23 61.60
176.41 63.23
178.82 64.99
181.13 67.20
182.81 69.49
183.94 70.65
186.23 71.29
194.73 72.50
200.09 73.44
201.82 73.54
203.64 73.58
205.45 73.18
206.75 72.97
207.51 73.14
-1.00 -1.00
5 0
0 
 3
182.33 51.47
181.99 50.92
181.92 50.22
181.41 49.55
180.79 49.61
180.28 50.89
180.27 52.64
180.41 54.71
180.30 56.83
180.32 59.11
180.17 61.08
180.04 62.08
180.07 62.90
179.60 57.81
178.47 49.55
178.16 48.20
177.62 47.96
176.83 48.40
176.72 50.63
177.27 53.79
177.68 56.97
178.20 59.75
178.37 62.11
178.32 63.36
178.88 64.13
-1.00 -1.00
5 0
0 
 3
209.92 16.74
210.19 18.05
210.72 19.99
210.06 24.34
209.69 27.62
209.38 33.32
209.00 34.62
207.97 34.43
-1.00 -1.00
5 0
0 
 3
210.44 33.82
210.84 33.22
211.35 31.15
211.46 27.42
212.48 19.77
212.26 17.47
211.93 16.60
-1.00 -1.00
5 0
0 
 3
212.96 34.19
213.38 32.31
213.62 28.94
214.40 25.43
214.61 21.17
214.61 18.44
214.33 16.59
-1.00 -1.00
5 0
0 
 3
216.78 33.71
216.48 31.93
216.21 28.03
216.45 23.28
216.76 19.94
216.96 17.10
217.00 15.83
-1.00 -1.00
5 0
0 
 3
219.43 32.68
219.24 29.68
218.87 26.71
219.42 20.55
219.35 17.65
219.50 16.33
-1.00 -1.00
5 0
0 
 3
221.85 32.60
221.67 30.91
221.60 28.40
221.85 23.65
221.85 19.81
221.58 16.73
-1.00 -1.00
5 0
0 
 3
225.02 16.07
224.68 16.84
224.30 18.31
223.97 20.97
223.86 23.47
224.28 26.88
225.15 30.35
226.05 32.98
226.32 33.86
-1.00 -1.00
5 0
0 
 3
227.63 34.50
227.31 33.01
226.98 31.30
226.72 29.06
226.53 26.70
226.40 19.89
226.55 18.07
226.72 17.00
-1.00 -1.00
5 0
0 
 3
230.29 37.96
229.64 36.67
229.06 35.41
228.51 33.75
227.97 31.50
227.46 29.17
227.22 26.87
227.22 24.51
227.45 21.34
227.86 19.19
228.47 16.87
229.12 16.84
229.40 16.06
228.89 15.34
228.30 14.72
227.59 14.27
225.98 13.57
223.63 13.06
218.73 12.59
216.58 12.70
214.27 13.16
211.90 13.57
209.52 13.88
207.90 14.37
207.77 15.11
208.21 15.66
209.20 15.68
210.86 15.09
212.65 14.60
214.40 14.23
219.48 13.80
221.96 14.07
223.89 14.54
225.84 15.11
226.98 15.83
228.16 16.74
-1.00 -1.00
5 0
0 
 3
220.01 37.72
220.56 38.07
-1.00 -1.00
5 0
0 
 3
217.45 37.80
218.51 38.12
219.36 38.87
220.49 38.87
221.50 38.46
222.06 37.92
223.11 37.28
224.34 37.82
224.89 38.67
225.56 38.03
-1.00 -1.00
5 0
0 
 3
215.94 38.40
215.06 37.85
-1.00 -1.00
5 0
0 
 3
212.53 37.49
211.50 38.57
213.28 39.07
215.63 39.95
216.21 39.87
216.61 39.27
217.82 39.40
218.46 39.42
218.56 38.67
-1.00 -1.00
5 0
0 
 3
207.22 39.34
206.43 39.11
206.09 38.43
206.67 37.99
208.46 37.58
210.71 37.28
219.38 36.37
221.71 36.35
223.79 36.64
225.56 36.94
227.07 37.32
228.14 37.63
228.99 37.92
-1.00 -1.00
5 0
0 
 3
204.50 38.40
204.94 39.10
205.41 39.45
206.41 39.94
207.92 40.55
209.97 41.20
211.81 41.50
214.12 41.57
215.90 41.56
217.64 41.74
219.80 41.74
222.42 41.56
224.37 41.10
228.54 39.70
229.90 38.90
230.07 38.05
229.67 37.41
228.17 36.61
227.11 36.21
225.80 35.86
224.21 35.51
222.11 35.46
220.25 35.54
218.06 35.76
215.42 35.77
213.48 35.98
209.08 36.27
207.16 36.54
205.92 37.05
205.25 37.55
204.93 38.13
-1.00 -1.00
5 0
0 
 3
233.83 23.30
233.53 24.00
233.28 24.69
232.71 26.60
232.40 28.20
232.24 30.27
231.58 36.28
230.89 39.17
230.39 42.43
230.07 49.49
230.14 53.30
230.86 57.12
231.24 60.22
231.59 62.09
231.82 63.17
-1.00 -1.00
5 0
0 
 3
219.79 70.80
210.57 79.00
221.14 71.63
-1.00 -1.00
5 0
0 
 3
222.49 71.14
223.18 70.94
224.09 70.63
224.69 70.33
225.06 69.79
-1.00 -1.00
5 0
0 
 3
219.84 70.47
220.49 71.14
220.96 71.52
221.67 71.71
222.53 71.72
223.24 71.81
224.41 71.56
225.15 71.15
227.08 70.24
227.72 69.73
-1.00 -1.00
5 0
0 
 3
218.81 69.27
219.09 69.86
219.53 70.31
220.69 70.63
221.61 70.54
222.28 70.45
223.05 70.00
-1.00 -1.00
5 0
0 
 3
182.54 62.26
182.61 63.33
182.83 64.03
183.12 64.85
183.55 65.65
183.84 66.17
184.49 66.71
185.26 67.47
185.73 67.89
187.20 68.48
188.20 68.73
188.78 68.79
-1.00 -1.00
5 0
0 
 3
189.85 42.18
190.25 57.93
217.89 57.94
217.72 41.77
-1.00 -1.00
5 0
0 
 3
227.85 19.80
233.30 22.77
-1.00 -1.00
5 0
0 
 3
198.89 21.76
208.97 21.54
-1.00 -1.00
5 0
0 
 3
183.12 19.71
187.49 19.96
187.37 21.09
192.38 21.48
-1.00 -1.00
5 0
0 
 3
181.72 25.96
181.34 19.70
183.28 19.59
183.72 27.95
-1.00 -1.00
5 0
0 
 3
182.57 36.30
182.49 61.96
-1.00 -1.00
5 0
0 
 3
229.26 66.17
226.97 64.88
185.33 64.42
183.80 37.32
-1.00 -1.00
5 0
0 
 3
229.74 69.57
229.67 66.25
234.97 63.70
-1.00 -1.00
5 0
0 
 3
188.74 68.42
229.57 69.67
235.10 67.89
235.11 63.60
232.68 63.26
226.86 64.92
-1.00 -1.00
5 0
0 
 3
191.14 88.19
192.53 88.26
194.12 88.86
195.31 89.08
196.15 88.30
196.47 87.05
196.80 85.46
197.01 83.78
197.39 81.87
197.32 80.14
196.81 78.59
196.30 77.48
196.84 78.03
198.21 77.82
199.28 76.90
200.10 76.13
201.43 74.95
203.02 74.49
205.03 74.58
207.32 74.21
209.32 73.53
211.20 72.09
211.74 70.80
211.93 69.69
-1.00 -1.00
5 0
0 
 3
170.21 81.82
171.29 82.10
173.20 82.74
175.71 83.82
178.85 85.50
180.63 86.84
182.30 88.43
185.12 90.52
187.42 91.70
189.30 91.37
190.21 90.35
190.65 88.20
191.15 86.75
191.39 86.21
-1.00 -1.00
5 0
0 
 3
141.34 55.22
141.74 56.02
143.49 57.23
146.16 58.85
148.28 59.96
150.28 61.20
152.14 63.06
154.55 65.19
159.67 72.02
161.35 74.15
163.19 75.92
164.57 77.12
164.81 77.82
165.17 80.31
166.47 81.66
168.06 82.07
169.89 81.69
171.60 80.52
173.14 78.92
174.16 77.56
-1.00 -1.00
5 0
0 
 3
170.68 23.58
169.21 22.40
168.43 22.12
168.91 21.58
169.97 21.18
170.67 20.74
171.35 20.40
171.77 21.05
172.41 22.10
-1.00 -1.00
5 0
0 
 3
168.31 24.39
166.75 23.87
165.83 23.01
165.48 22.05
165.48 21.45
-1.00 -1.00
5 0
0 
 3
171.59 28.80
170.86 27.82
170.38 26.97
170.71 26.01
171.50 25.55
172.49 25.16
172.28 24.28
-1.00 -1.00
5 0
0 
 3
163.81 21.45
163.65 22.40
163.78 23.34
165.08 24.83
168.90 27.25
170.24 28.32
170.41 28.90
170.10 29.63
168.33 30.15
165.87 30.96
163.50 31.40
161.97 31.58
-1.00 -1.00
5 0
0 
 3
175.57 20.65
174.67 20.00
173.45 19.44
171.68 18.88
170.91 18.79
-1.00 -1.00
5 0
0 
 3
162.92 35.33
163.44 35.00
164.52 34.69
166.50 34.28
168.12 33.65
171.02 31.77
172.59 30.48
173.40 29.91
174.03 29.61
-1.00 -1.00
5 0
0 
 3
132.80 22.23
131.47 21.14
131.46 19.83
131.98 18.58
133.27 18.04
-1.00 -1.00
5 0
0 
 3
133.82 21.59
133.44 20.80
133.93 19.86
135.18 19.23
136.65 19.49
138.17 20.45
138.49 21.59
-1.00 -1.00
5 0
0 
 3
138.47 23.95
136.93 23.16
135.87 23.07
135.57 22.26
135.16 21.39
-1.00 -1.00
5 0
0 
 3
132.72 24.78
133.72 24.27
135.25 24.39
136.42 24.44
137.44 24.62
138.15 25.35
-1.00 -1.00
5 0
0 
 3
156.53 34.79
155.83 34.32
154.90 34.26
153.39 34.22
151.62 33.99
149.63 33.58
147.39 33.05
145.85 32.64
141.30 30.49
139.53 29.78
137.31 29.16
135.94 28.38
134.48 27.14
134.30 26.03
134.72 25.15
-1.00 -1.00
5 0
0 
 3
151.11 37.95
150.53 37.25
150.65 36.50
149.77 35.68
148.40 35.23
142.92 33.10
136.86 30.49
134.40 29.33
133.13 28.45
132.32 27.34
132.33 26.31
132.83 25.30
133.10 24.71
131.60 24.14
130.51 22.99
129.94 21.78
129.83 20.11
130.67 18.62
131.95 17.57
134.02 16.79
136.05 17.00
138.08 17.87
139.67 19.71
140.22 21.69
140.08 23.48
139.12 24.14
137.93 25.23
137.81 26.58
138.67 28.15
140.32 29.06
143.55 30.08
149.54 32.14
151.92 32.91
153.76 33.11
156.63 33.28
157.50 33.17
158.15 33.07
-1.00 -1.00
5 0
0 
 3
136.05 44.25
136.56 43.59
137.37 42.91
139.02 42.53
141.47 42.41
143.49 42.16
145.26 41.84
147.00 41.63
148.91 41.61
150.08 41.73
150.74 41.74
151.49 41.30
152.09 40.70
152.26 39.97
151.34 39.68
150.45 39.27
150.49 38.37
150.80 37.75
151.59 37.66
155.24 38.02
156.88 38.03
157.88 38.14
158.73 38.37
158.48 39.08
157.60 39.71
157.01 40.31
156.78 41.09
157.29 41.56
158.35 41.90
159.19 41.96
159.26 42.68
158.42 42.68
156.00 42.57
150.28 41.90
149.49 41.83
-1.00 -1.00
5 0
0 
 3
133.18 66.23
133.69 65.61
134.57 63.90
135.28 61.40
135.26 60.23
-1.00 -1.00
5 0
0 
 3
139.04 67.44
139.79 65.80
140.21 63.51
140.04 62.45
139.62 61.95
-1.00 -1.00
5 0
0 
 3
145.07 68.51
146.11 66.93
146.43 65.39
146.22 64.44
145.89 63.86
-1.00 -1.00
5 0
0 
 3
149.20 71.02
150.33 69.96
151.39 67.82
151.31 66.37
150.72 65.73
-1.00 -1.00
5 0
0 
 3
149.05 80.10
150.97 80.04
152.67 79.73
153.90 79.14
154.75 77.72
155.14 75.79
154.83 73.85
154.19 72.69
153.66 71.85
154.51 71.11
155.27 69.70
156.05 67.38
-1.00 -1.00
5 0
0 
 3
144.03 80.37
145.33 80.55
146.80 80.59
147.92 80.48
148.86 79.81
149.90 78.13
150.32 76.24
150.21 74.71
149.47 74.04
-1.00 -1.00
5 0
0 
 3
135.87 79.04
136.96 79.46
138.67 79.91
141.07 80.47
142.68 80.68
143.83 80.10
144.68 78.65
145.31 76.90
145.50 75.80
145.58 74.92
-1.00 -1.00
5 0
0 
 3
127.71 75.94
128.45 77.01
129.32 77.25
130.65 77.56
132.24 78.01
133.86 78.40
134.67 78.42
135.90 78.32
136.99 77.88
137.86 77.27
138.54 76.33
139.01 74.89
139.14 73.92
139.15 73.24
-1.00 -1.00
5 0
0 
 3
135.73 44.44
135.20 45.03
135.43 46.08
135.69 47.40
135.61 48.61
135.11 49.76
134.27 51.30
133.08 53.73
130.91 57.73
129.04 61.77
127.34 66.70
126.23 70.60
126.03 74.12
127.37 75.92
128.88 76.34
130.72 76.44
132.08 75.39
132.63 73.90
132.80 72.43
-1.00 -1.00
5 0
0 
 -1
