gremlinfile
1 124.00 4.00
3
127.25 68.92
128.05 68.92
132.40 71.13
133.55 71.47
-1.00 -1.00
5 0
0 
 3
128.68 67.30
134.56 69.73
-1.00 -1.00
5 0
0 
 3
129.23 65.18
131.01 66.58
133.55 68.11
135.41 68.49
135.70 68.62
-1.00 -1.00
5 0
0 
 3
197.63 40.26
198.94 40.69
-1.00 -1.00
5 0
0 
 3
196.70 41.37
198.44 41.37
-1.00 -1.00
5 0
0 
 3
197.89 42.73
199.54 42.77
199.96 42.69
198.69 42.52
197.93 42.22
-1.00 -1.00
5 0
0 
 3
199.32 44.17
200.00 44.05
201.14 44.26
201.56 44.13
200.63 44.09
199.28 43.32
199.07 43.24
-1.00 -1.00
5 0
0 
 3
197.21 45.45
198.44 45.79
199.41 45.87
200.13 46.04
198.94 45.32
198.23 44.73
197.97 44.64
-1.00 -1.00
5 0
0 
 3
186.09 40.69
185.42 39.84
185.42 39.45
185.84 39.03
186.43 38.73
186.98 38.73
187.53 38.86
-1.00 -1.00
5 0
0 
 3
189.43 46.17
188.46 46.13
187.40 45.92
186.85 45.96
187.06 45.96
188.50 46.34
187.11 46.30
185.25 45.66
184.36 45.45
-1.00 -1.00
5 0
0 
 3
189.69 43.62
188.80 44.00
188.08 44.00
187.45 44.13
189.73 45.07
190.28 45.19
-1.00 -1.00
5 0
0 
 3
189.52 42.05
189.05 42.26
188.29 42.35
188.08 42.35
-1.00 -1.00
5 0
0 
 3
187.02 40.52
187.78 40.60
188.76 40.43
-1.00 -1.00
5 0
0 
 3
187.15 41.49
188.25 41.75
188.80 41.49
-1.00 -1.00
5 0
0 
 3
188.80 37.03
187.95 36.69
186.81 36.52
186.22 37.03
186.09 37.71
187.45 38.82
186.47 39.11
186.01 39.37
185.67 40.09
186.22 40.81
186.64 40.98
-1.00 -1.00
5 0
0 
 3
188.33 38.14
188.50 37.50
189.05 36.61
189.90 35.93
191.21 35.84
192.43 36.18
192.77 36.39
192.94 36.69
193.07 37.58
-1.00 -1.00
5 0
0 
 3
190.28 49.28
190.11 49.62
190.45 50.13
191.33 51.19
192.10 51.32
192.90 51.19
193.41 50.81
194.00 50.25
194.29 49.79
194.34 49.62
194.63 49.36
195.35 48.89
196.15 48.04
196.11 47.57
195.14 46.30
195.39 46.00
195.98 45.49
196.53 44.43
196.37 42.56
195.73 41.49
194.59 40.77
194.21 40.69
194.55 40.69
194.89 40.52
195.39 39.45
195.22 39.11
194.12 38.09
193.24 37.54
192.10 37.37
191.50 37.63
191.00 38.26
190.83 38.73
-1.00 -1.00
5 0
0 
 3
188.67 47.79
188.38 48.09
188.16 48.94
188.50 49.70
189.22 50.64
190.02 50.89
190.36 50.72
-1.00 -1.00
5 0
0 
 3
186.90 47.79
186.94 48.43
187.28 49.06
187.87 49.74
188.16 49.74
-1.00 -1.00
5 0
0 
 3
181.44 40.26
181.70 40.09
182.80 40.01
183.73 39.84
182.92 40.60
181.27 41.15
181.53 41.07
182.71 41.28
184.82 41.37
185.37 41.28
184.99 41.54
183.89 42.13
183.05 42.47
182.37 42.56
183.89 42.69
185.20 42.94
186.30 42.98
187.11 42.86
186.13 43.41
184.49 43.49
183.05 43.24
182.54 43.32
184.44 44.34
185.88 44.81
186.85 45.02
187.11 45.02
186.81 45.15
185.08 44.98
183.77 44.68
182.08 44.64
180.98 44.73
182.25 45.11
183.09 45.45
183.26 45.58
183.05 45.62
180.85 45.53
-1.00 -1.00
5 0
0 
 3
180.34 38.65
181.02 38.31
182.03 38.09
181.57 38.65
180.81 39.28
180.51 39.58
-1.00 -1.00
5 0
0 
 3
176.62 36.65
177.05 36.48
177.76 36.56
178.82 37.33
178.86 37.58
178.74 37.88
178.27 37.88
177.85 37.75
-1.00 -1.00
5 0
0 
 3
173.54 39.41
173.03 39.33
172.40 39.03
171.89 38.56
171.63 38.22
-1.00 -1.00
5 0
0 
 3
173.92 49.62
173.33 49.45
172.52 48.26
172.61 47.28
172.86 46.72
173.49 46.13
174.00 45.87
174.51 45.79
174.21 45.87
173.58 45.53
173.24 44.94
173.11 44.34
173.58 43.83
174.17 43.45
174.76 43.15
174.09 43.32
173.83 42.60
174.09 42.01
174.42 41.62
175.06 41.11
174.76 41.15
174.17 40.77
173.79 39.71
173.96 38.82
174.38 38.01
174.93 37.46
175.44 37.07
-1.00 -1.00
5 0
0 
 3
171.51 45.45
172.56 46.04
173.92 46.26
-1.00 -1.00
5 0
0 
 3
169.94 39.79
171.17 39.37
171.55 39.07
171.72 38.99
-1.00 -1.00
5 0
0 
 3
163.98 40.01
164.66 39.71
165.55 39.45
167.83 39.24
168.51 39.24
168.63 39.37
168.30 39.84
168.72 39.75
171.93 40.01
173.45 40.30
-1.00 -1.00
5 0
0 
 3
165.04 40.18
166.18 40.73
166.69 41.07
166.52 41.28
166.05 41.37
165.34 41.11
166.35 42.01
167.03 42.30
167.45 42.30
167.32 42.43
166.60 42.60
164.74 41.92
165.38 42.69
165.89 42.98
166.31 43.11
165.67 43.32
164.28 43.07
-1.00 -1.00
5 0
0 
 3
168.17 42.90
169.35 43.32
170.37 43.45
170.83 43.24
171.04 43.07
168.84 41.83
169.06 41.67
169.82 41.45
170.16 41.24
167.66 40.43
168.63 39.96
-1.00 -1.00
5 0
0 
 3
170.79 44.39
171.80 44.26
172.14 44.17
172.35 43.92
-1.00 -1.00
5 0
0 
 3
165.25 44.22
166.22 44.68
167.49 44.98
168.17 45.02
167.70 44.68
166.98 44.26
167.91 44.68
169.48 45.24
171.51 45.49
171.93 45.49
-1.00 -1.00
5 0
0 
 3
170.03 36.35
169.52 36.48
169.01 36.73
168.72 37.12
168.59 37.54
168.63 37.97
-1.00 -1.00
5 0
0 
 3
173.33 35.42
172.99 35.12
172.56 34.99
171.59 34.99
170.92 35.12
170.24 35.50
169.86 36.01
169.69 37.07
169.86 37.58
-1.00 -1.00
5 0
0 
 3
177.81 35.71
177.47 34.90
177.13 34.56
176.41 34.27
175.78 34.22
174.93 34.35
174.34 34.65
173.92 34.99
173.49 35.42
173.16 35.84
172.95 36.18
172.90 36.61
-1.00 -1.00
5 0
0 
 3
175.19 50.81
175.78 51.95
176.41 52.17
176.92 52.08
178.10 51.66
178.53 51.36
178.99 50.76
179.16 50.34
178.95 49.32
178.74 48.68
178.61 48.43
178.91 48.26
179.29 48.09
179.62 47.70
180.01 47.15
180.17 46.47
180.26 45.53
180.13 44.68
179.96 44.26
179.58 43.88
179.33 43.75
179.50 43.54
179.88 43.15
180.22 42.64
180.34 41.71
180.01 40.47
179.46 39.67
178.95 39.33
178.65 39.24
178.86 39.03
178.99 38.86
179.41 38.48
179.67 38.09
179.58 37.37
178.48 36.35
177.81 35.84
177.13 35.50
176.62 35.42
175.99 35.67
-1.00 -1.00
5 0
0 
 3
172.95 50.30
172.95 51.53
173.33 52.34
173.83 52.76
174.30 52.93
174.72 53.02
175.19 52.93
175.82 52.63
-1.00 -1.00
5 0
0 
 3
171.55 48.68
171.42 49.96
171.68 50.47
172.23 51.32
172.65 51.83
172.95 51.83
-1.00 -1.00
5 0
0 
 3
171.38 46.89
170.75 47.40
170.41 48.00
170.37 48.60
170.45 49.36
170.62 49.87
170.87 50.30
-1.00 -1.00
5 0
0 
 3
168.97 48.04
169.35 47.70
170.45 47.11
-1.00 -1.00
5 0
0 
 3
169.06 46.72
168.89 46.94
168.76 47.28
168.84 47.79
169.23 48.30
169.77 48.77
170.03 48.94
170.24 48.94
-1.00 -1.00
5 0
0 
 3
158.91 10.54
159.25 10.58
159.80 10.71
160.43 11.01
160.31 11.61
160.14 12.07
160.09 12.41
159.97 12.75
159.92 13.14
159.92 13.43
159.84 13.77
-1.00 -1.00
5 0
0 
 3
147.96 9.82
147.62 9.27
147.03 8.67
145.68 8.37
138.87 7.74
137.98 7.57
136.80 7.48
136.12 7.69
135.11 8.54
-1.00 -1.00
5 0
0 
 3
158.53 11.69
158.53 11.18
158.87 9.90
154.89 9.01
152.74 8.84
152.36 8.88
152.02 9.14
151.55 9.69
151.30 9.82
151.17 9.99
151.01 10.12
-1.00 -1.00
5 0
0 
 3
139.42 12.71
138.83 12.41
138.15 12.16
137.10 11.22
135.70 9.35
135.41 8.84
135.15 8.29
135.28 8.12
138.62 8.33
141.03 8.33
142.85 8.59
143.95 8.88
144.83 8.97
145.68 9.14
146.48 9.14
148.64 9.48
155.27 11.39
158.70 11.95
158.91 11.95
159.08 12.33
159.04 12.50
-1.00 -1.00
5 0
0 
 3
159.16 14.79
157.30 14.58
155.87 14.11
152.91 13.65
148.13 14.16
146.23 14.67
142.42 14.96
141.87 15.09
139.59 15.05
139.42 15.09
-1.00 -1.00
5 0
0 
 3
161.32 16.20
160.18 16.28
159.76 16.20
159.46 16.20
159.25 16.15
-1.00 -1.00
5 0
0 
 3
159.63 13.82
159.80 13.73
160.22 13.65
160.77 13.99
161.07 14.50
161.11 16.32
161.07 16.84
160.94 17.18
160.90 17.43
160.77 17.64
-1.00 -1.00
5 0
0 
 3
139.17 16.15
139.34 15.81
139.34 15.52
138.87 13.82
139.00 13.39
139.17 13.05
139.59 12.75
140.23 12.50
140.73 12.41
142.63 12.37
143.02 12.29
144.54 12.37
145.68 12.33
148.26 11.90
149.44 11.86
152.19 11.61
152.82 11.69
154.56 12.16
155.70 12.16
156.37 12.07
158.36 12.37
159.12 12.63
159.42 13.69
159.46 14.03
159.38 14.54
159.29 14.84
158.95 15.81
158.78 16.79
158.66 17.09
-1.00 -1.00
5 0
0 
 3
142.42 60.12
141.79 60.33
141.54 60.46
141.28 60.63
141.11 60.84
141.07 61.01
141.07 61.27
141.11 61.52
141.24 61.78
141.37 62.16
139.89 62.33
139.55 62.46
139.34 62.67
139.51 62.97
139.84 63.26
140.31 63.39
140.73 63.39
141.03 63.26
141.41 63.22
142.25 63.43
142.63 63.26
142.93 63.01
143.56 62.16
143.69 62.03
-1.00 -1.00
5 0
0 
 3
139.42 55.57
140.06 56.08
140.99 56.59
141.54 56.72
-1.00 -1.00
5 0
0 
 3
138.37 68.54
137.65 69.22
136.97 70.66
136.51 71.43
136.00 71.94
135.62 72.49
134.69 73.60
134.48 73.77
134.18 73.94
133.76 73.94
131.81 73.26
128.90 72.66
128.30 72.40
127.54 72.19
126.74 71.85
125.26 71.60
124.37 71.09
126.32 68.07
127.42 65.94
127.88 65.26
128.68 63.82
128.85 63.26
130.59 58.97
130.97 58.29
-1.00 -1.00
5 0
0 
 3
140.61 63.69
140.44 63.82
139.63 65.73
139.42 65.98
139.21 66.45
139.08 66.62
-1.00 -1.00
5 0
0 
 3
124.63 70.36
124.50 70.24
123.87 69.73
123.53 69.60
123.36 69.51
123.61 68.71
123.91 68.32
126.11 66.20
126.87 65.26
127.46 64.33
128.05 63.56
128.30 62.84
130.50 58.80
130.71 58.50
130.88 58.20
131.09 58.03
-1.00 -1.00
5 0
0 
 3
130.21 58.08
130.38 57.99
130.12 58.29
129.78 58.93
128.73 60.12
128.35 60.67
127.88 61.18
126.44 63.90
125.51 65.13
125.01 65.64
124.50 66.32
123.44 67.47
123.32 67.64
123.19 67.77
123.40 67.90
123.61 68.15
123.82 68.32
124.08 68.45
-1.00 -1.00
5 0
0 
 3
147.33 72.45
147.50 72.36
147.79 72.28
148.05 72.28
148.34 72.32
148.93 72.57
150.08 72.57
150.12 72.40
149.82 71.38
149.82 71.17
148.81 69.47
148.68 69.30
148.43 69.05
148.26 69.51
148.05 69.94
147.79 70.28
147.45 70.49
147.20 70.53
146.61 70.32
147.24 70.75
147.58 71.30
147.62 71.72
147.75 71.85
148.00 71.38
148.05 70.79
148.21 70.24
148.38 69.98
148.51 69.85
148.47 70.19
148.13 71.72
148.30 72.15
148.55 71.77
148.76 71.13
148.81 70.41
148.93 70.28
148.98 71.89
148.93 72.19
149.15 71.98
149.31 71.38
149.48 71.04
149.61 70.87
149.61 71.89
149.65 72.06
149.78 72.23
-1.00 -1.00
5 0
0 
 3
144.07 72.11
144.33 71.85
144.66 71.68
145.17 71.85
145.42 71.98
145.64 72.15
145.34 72.40
144.92 72.49
144.62 72.40
145.00 72.11
145.26 72.11
145.51 72.40
145.00 71.89
-1.00 -1.00
5 0
0 
 3
146.06 70.53
146.35 70.53
146.95 71.17
147.12 71.64
147.12 71.98
146.99 72.36
146.82 72.62
146.52 72.53
146.40 71.68
-1.00 -1.00
5 0
0 
 3
150.33 76.15
144.71 75.55
143.69 75.30
142.97 75.17
142.42 75.17
141.62 75.25
141.41 75.21
141.16 75.21
-1.00 -1.00
5 0
0 
 3
141.03 74.11
141.54 74.15
142.42 74.36
143.35 74.36
143.69 74.40
143.95 74.36
145.26 74.53
145.68 74.70
146.06 74.74
146.35 74.70
149.78 74.87
150.03 74.79
150.29 74.74
-1.00 -1.00
5 0
0 
 3
150.29 70.92
150.46 71.85
150.46 72.11
150.50 72.32
150.41 72.49
150.41 72.74
150.71 72.83
151.01 72.87
151.34 72.96
151.85 73.21
152.70 73.85
152.53 74.23
152.36 74.49
152.06 74.74
151.85 74.87
151.09 75.13
150.88 75.17
150.58 75.85
150.58 76.66
150.50 77.12
150.08 78.02
149.57 78.40
148.76 78.82
147.07 79.04
145.93 79.04
144.49 78.82
144.33 78.78
143.44 78.40
142.76 77.93
142.00 77.51
141.54 77.08
141.37 76.66
141.20 76.44
141.03 76.15
141.03 75.89
140.94 75.42
140.94 75.17
141.03 74.36
141.03 74.11
140.31 73.81
139.80 73.72
139.55 73.64
139.17 73.43
139.04 73.30
139.08 73.04
139.25 72.57
139.51 72.40
139.84 72.32
140.35 72.36
141.75 72.57
142.42 72.62
142.80 72.57
144.96 72.70
145.51 72.66
145.97 72.74
147.79 72.74
148.26 72.70
148.68 72.74
149.15 72.92
149.48 72.96
149.91 72.96
150.29 73.04
-1.00 -1.00
5 0
0 
 3
141.20 71.64
141.37 71.55
143.23 71.85
143.56 71.85
143.73 71.89
144.24 71.89
-1.00 -1.00
5 0
0 
 3
140.44 72.15
140.48 71.98
140.48 71.81
140.18 70.70
140.18 69.94
140.27 69.51
140.44 69.05
140.61 68.83
140.65 68.66
140.65 68.83
140.86 69.85
140.86 70.15
140.94 70.36
140.94 70.62
140.86 71.09
140.86 71.30
140.77 71.55
140.56 71.72
-1.00 -1.00
5 0
0 
 3
140.69 67.52
140.86 67.30
141.03 67.22
141.58 67.56
141.87 67.90
142.13 68.28
142.17 68.58
141.96 68.66
141.58 68.32
141.07 67.39
141.11 67.22
141.24 67.09
141.54 67.18
141.92 67.52
142.17 68.03
142.17 68.24
141.75 68.24
141.41 67.90
141.58 67.60
141.87 67.52
142.00 67.69
142.34 68.32
-1.00 -1.00
5 0
0 
 3
141.03 67.77
140.73 67.60
139.59 67.30
139.38 67.18
139.17 67.09
138.53 66.96
138.37 67.05
138.28 67.30
138.24 67.56
138.37 68.37
139.04 69.98
139.51 70.49
139.76 70.62
-1.00 -1.00
5 0
0 
 3
145.34 63.82
145.00 63.99
143.82 64.41
143.10 64.92
142.80 65.35
142.59 65.56
142.30 65.98
141.92 66.28
141.83 66.45
141.66 66.62
-1.00 -1.00
5 0
0 
 3
132.11 54.17
131.85 54.17
131.60 54.21
131.22 54.04
131.05 53.99
130.59 54.21
130.59 54.93
130.76 55.23
130.84 55.61
130.63 55.61
130.33 55.65
130.12 55.61
129.87 55.82
129.78 56.04
129.87 56.42
130.08 56.67
130.42 56.84
130.59 56.97
130.71 57.10
130.71 57.27
131.01 57.86
131.60 58.50
131.64 58.71
131.43 59.31
131.39 59.65
131.22 60.07
131.31 61.01
131.52 61.73
131.90 61.95
132.15 61.90
132.36 61.69
132.49 61.52
132.57 61.27
132.62 60.84
132.66 60.67
132.87 60.42
133.55 59.90
133.88 59.56
133.97 59.27
134.14 58.88
134.22 58.59
134.60 57.82
-1.00 -1.00
5 0
0 
 3
132.83 52.68
132.70 53.02
132.62 53.19
132.49 53.36
132.32 53.65
132.32 53.95
133.12 55.14
133.42 55.48
133.63 55.82
134.39 56.76
134.65 56.97
134.86 57.10
135.19 57.23
135.36 57.18
135.66 57.14
136.00 57.14
136.51 57.01
-1.00 -1.00
5 0
0 
 3
143.82 61.14
144.11 61.95
144.24 62.20
145.26 63.65
147.07 66.71
147.45 67.22
148.34 68.15
149.02 68.58
149.78 69.68
150.03 70.19
150.29 70.49
150.37 70.70
-1.00 -1.00
5 0
0 
 3
140.99 55.31
140.77 55.27
140.44 55.27
139.93 55.44
138.07 55.95
137.44 56.25
137.14 56.46
136.93 56.55
136.55 56.63
136.21 56.50
135.07 55.87
133.88 54.80
133.50 54.25
133.25 53.65
133.08 53.36
132.79 52.34
132.79 51.40
132.95 51.02
133.17 50.68
133.46 50.38
134.48 49.96
135.53 49.02
136.00 48.77
136.97 48.09
137.35 47.87
138.03 47.32
139.84 45.19
140.23 44.85
141.20 44.17
142.59 43.92
143.10 44.00
143.95 44.00
144.66 44.17
145.21 44.39
145.97 44.77
146.52 45.24
146.95 45.53
147.75 46.51
148.81 48.13
148.85 48.47
148.98 49.02
149.06 49.79
149.23 50.51
149.86 51.74
150.37 52.34
150.58 52.76
150.88 53.57
151.47 55.91
151.55 56.46
151.60 56.63
-1.00 -1.00
5 0
0 
 3
151.17 69.90
151.01 69.39
150.84 69.17
150.54 68.49
149.31 66.58
149.10 66.15
148.85 65.77
148.60 65.18
148.38 64.84
148.17 64.58
148.05 64.37
147.83 63.65
147.71 63.39
147.50 63.43
147.33 63.39
146.61 63.39
146.31 63.09
146.23 62.71
146.02 62.33
145.59 62.03
145.21 61.65
144.83 61.39
143.69 60.80
143.35 60.67
142.21 59.22
141.83 58.97
141.49 58.59
141.28 58.03
141.24 57.82
141.32 57.61
141.41 57.27
141.28 56.42
141.20 56.25
140.99 55.61
-1.00 -1.00
5 0
0 
 3
134.86 17.86
134.77 18.11
134.69 18.49
134.77 20.49
134.86 21.00
134.90 21.60
135.11 22.36
135.45 24.45
135.53 26.40
135.62 26.78
135.70 27.46
135.91 28.14
135.96 28.40
135.87 31.12
136.04 33.80
136.12 34.35
136.17 35.07
136.34 35.71
136.63 38.05
136.63 38.52
137.35 40.60
138.24 41.49
138.20 41.67
138.11 41.88
138.11 42.09
138.20 42.64
138.15 42.90
138.28 43.83
138.28 44.22
138.58 45.28
138.62 45.58
138.83 46.00
-1.00 -1.00
5 0
0 
 3
163.73 17.77
163.48 17.77
161.02 17.52
159.38 16.96
158.66 16.84
157.94 16.58
157.22 16.49
156.33 16.49
155.53 16.37
154.73 16.37
153.80 16.15
153.16 16.15
152.36 15.94
151.68 15.86
150.37 15.94
149.69 15.81
148.98 15.94
147.75 15.98
146.69 15.94
146.27 15.98
145.17 15.77
144.54 15.90
143.06 15.90
141.83 16.11
140.52 16.07
139.68 16.24
138.32 16.71
137.94 16.79
136.97 16.84
136.59 16.92
135.87 17.26
134.90 17.94
134.65 18.03
-1.00 -1.00
5 0
0 
 3
165.63 37.12
165.80 37.03
165.51 37.24
165.21 37.29
164.96 37.24
164.45 37.07
163.43 36.65
162.97 36.39
162.76 36.01
162.59 34.65
162.59 34.14
163.26 30.27
163.26 29.51
164.03 23.00
163.98 21.04
163.94 20.75
163.94 20.49
163.90 20.07
163.90 19.43
163.94 19.17
163.86 18.58
163.90 18.32
163.81 17.94
-1.00 -1.00
5 0
0 
 3
163.77 37.71
164.07 37.63
164.62 37.54
165.25 37.33
165.59 37.33
166.18 37.12
-1.00 -1.00
5 0
0 
 3
163.43 37.37
163.60 37.33
163.90 37.54
164.07 37.75
164.36 37.92
-1.00 -1.00
5 0
0 
 3
163.73 38.86
163.94 38.56
164.24 38.22
164.66 38.14
165.04 38.22
165.38 38.39
-1.00 -1.00
5 0
0 
 3
161.79 38.94
162.08 38.90
163.77 38.90
163.26 38.56
162.80 37.92
162.71 37.75
162.55 37.63
-1.00 -1.00
5 0
0 
 3
161.36 38.90
162.42 38.99
-1.00 -1.00
5 0
0 
 3
161.15 44.39
160.90 44.34
160.60 44.00
160.39 43.83
160.85 43.62
161.24 43.49
161.62 43.32
162.59 43.15
162.80 43.20
162.00 43.20
160.90 42.94
160.43 42.77
160.26 42.56
160.05 42.39
161.07 42.01
161.40 41.83
161.74 41.71
162.21 41.58
161.91 41.62
160.64 41.28
160.31 40.94
159.88 40.60
160.05 40.47
160.43 40.39
161.11 40.18
161.28 40.05
161.57 39.75
161.91 39.28
-1.00 -1.00
5 0
0 
 3
150.37 70.87
150.67 70.87
150.84 70.83
151.01 70.66
151.17 69.81
151.43 69.47
151.68 69.00
153.20 67.01
153.88 65.90
154.09 65.43
154.43 64.84
155.27 63.69
155.82 62.71
156.04 62.03
156.54 61.01
157.60 59.73
157.98 58.97
158.15 58.42
158.28 57.74
158.32 56.76
159.50 51.78
159.50 51.32
159.63 50.64
159.67 48.55
159.71 48.21
160.09 47.23
160.43 46.68
160.98 46.09
161.36 45.83
162.25 45.02
162.59 44.81
163.35 44.51
163.94 44.51
163.77 44.56
163.31 44.56
162.97 44.64
162.59 44.60
162.25 44.51
161.45 44.43
160.98 44.51
160.81 44.64
160.43 44.81
160.22 44.94
160.05 45.07
-1.00 -1.00
5 0
0 
 -1
