gremlinfile
1 404.00 4.00
3
480.00 56.00
482.50 56.31
-1.00 -1.00
3 0
0 
 3
490.95 126.74
491.58 124.55
491.89 124.55
491.27 125.18
490.64 125.80
488.76 126.74
-1.00 -1.00
3 0
0 
 3
475.30 127.37
474.68 127.06
474.99 126.74
474.05 127.37
476.24 129.25
475.30 128.62
475.30 126.12
474.36 128.62
-1.00 -1.00
3 0
0 
 3
463.72 43.16
462.15 40.03
461.22 33.77
461.22 30.96
465.60 27.83
471.86 27.20
476.87 28.14
480.94 28.76
487.20 30.64
490.33 32.21
491.27 35.03
490.64 39.72
490.01 42.54
489.39 44.10
-1.00 -1.00
5 0
0 
 3
453.39 66.02
455.27 65.08
-1.00 -1.00
3 0
0 
 3
456.83 72.59
451.82 66.33
453.39 66.33
-1.00 -1.00
3 0
0 
 3
500.03 50.05
495.02 43.16
491.58 51.30
492.52 53.18
490.64 48.49
488.45 41.91
485.94 38.78
482.81 42.23
477.81 48.17
473.11 45.04
468.10 41.29
465.28 40.97
462.78 47.23
459.02 45.67
457.46 45.67
454.33 47.23
450.57 47.23
447.75 47.55
-1.00 -1.00
3 0
0 
 3
482.19 56.00
484.07 59.44
482.81 61.63
480.31 61.95
486.26 67.27
488.76 69.77
482.19 68.83
482.81 70.40
490.01 74.15
492.52 76.03
496.27 78.54
-1.00 -1.00
3 0
0 
 3
475.30 39.41
480.00 40.03
482.19 37.53
480.31 35.03
477.81 34.71
475.30 35.96
474.99 36.90
474.36 37.84
-1.00 -1.00
3 0
0 
 3
451.82 55.37
444.31 46.29
445.25 43.79
452.76 46.29
453.70 46.29
449.01 41.91
443.37 36.90
439.62 32.21
439.62 31.58
444.62 33.77
448.69 34.40
447.44 32.21
443.69 27.83
442.43 24.07
444.62 22.19
449.95 24.70
449.63 23.13
448.38 20.63
445.56 18.43
436.49 16.87
435.23 16.87
428.35 19.37
-1.00 -1.00
3 0
0 
 3
442.43 53.81
439.30 55.37
438.68 60.69
437.11 66.33
434.29 67.58
432.42 64.45
431.16 60.38
430.23 55.69
431.48 52.56
433.36 49.43
434.61 48.17
437.74 46.29
440.24 45.98
445.25 46.61
448.69 47.86
-1.00 -1.00
3 0
0 
 3
444.62 50.68
444.62 50.68
441.81 48.80
441.81 48.80
-1.00 -1.00
6 0
0 
 3
452.45 55.06
463.41 57.88
474.68 57.56
480.00 56.00
-1.00 -1.00
3 0
0 
 3
449.01 58.82
452.45 56.62
-1.00 -1.00
6 0
0 
 3
449.95 84.80
453.70 84.48
454.33 84.48
456.21 84.48
460.28 85.11
462.78 85.11
466.85 84.80
471.55 84.17
472.48 83.86
474.05 83.23
475.93 81.67
475.93 81.04
474.99 77.91
474.99 77.60
474.68 75.72
473.42 74.47
471.86 72.59
469.67 70.09
467.16 67.89
465.28 66.64
464.35 66.02
463.41 65.08
462.15 64.14
460.59 62.57
458.71 61.32
456.83 60.07
455.58 59.44
453.08 57.56
451.20 55.69
449.32 53.81
447.44 52.87
444.94 51.62
444.62 50.99
-1.00 -1.00
6 0
0 
 3
444.31 52.24
448.38 53.18
-1.00 -1.00
6 0
0 
 3
447.75 58.82
446.19 59.13
-1.00 -1.00
6 0
0 
 3
443.06 62.57
445.88 62.89
446.82 61.95
447.44 60.69
447.44 59.13
-1.00 -1.00
3 0
0 
 3
437.74 64.76
441.81 66.64
442.43 63.51
442.75 62.26
443.06 59.44
444.00 57.25
-1.00 -1.00
3 0
0 
 3
491.58 127.06
488.76 126.43
490.33 125.49
490.64 125.49
491.58 126.12
-1.00 -1.00
3 0
0 
 3
489.39 134.26
490.33 136.45
490.64 135.82
491.58 136.76
492.52 137.07
496.27 138.01
497.21 138.01
-1.00 -1.00
3 0
0 
 3
490.01 136.45
491.89 138.01
-1.00 -1.00
3 0
0 
 3
486.88 133.94
492.21 137.07
496.27 138.64
497.53 138.64
-1.00 -1.00
3 0
0 
 3
486.57 134.26
488.14 136.13
490.95 137.39
491.27 137.70
491.27 137.39
488.76 135.20
486.88 134.26
486.26 133.94
488.14 135.51
490.64 136.13
-1.00 -1.00
3 0
0 
 3
486.88 133.00
490.64 134.88
493.14 135.20
485.01 133.94
-1.00 -1.00
3 0
0 
 3
487.82 134.26
488.45 134.88
490.64 136.45
490.95 136.45
-1.00 -1.00
3 0
0 
 3
487.82 133.63
488.76 135.20
488.45 136.13
489.08 137.07
490.95 137.39
495.02 138.64
-1.00 -1.00
3 0
0 
 3
480.62 137.39
480.94 135.20
-1.00 -1.00
3 0
0 
 3
477.49 136.13
473.74 139.89
475.30 139.58
479.68 134.26
476.55 137.70
479.06 136.45
-1.00 -1.00
3 0
0 
 3
475.93 138.01
476.55 138.33
474.05 140.83
-1.00 -1.00
3 0
0 
 3
480.94 137.39
476.24 138.95
473.74 139.89
472.48 143.96
-1.00 -1.00
3 0
0 
 3
477.81 135.51
475.61 137.07
475.61 138.01
475.30 139.58
474.05 141.46
471.23 142.71
469.98 143.65
-1.00 -1.00
3 0
0 
 3
480.94 138.01
479.06 138.64
475.30 141.46
474.68 143.02
-1.00 -1.00
3 0
0 
 3
478.74 136.76
474.68 141.46
472.80 143.33
-1.00 -1.00
3 0
0 
 3
480.00 136.76
479.06 138.01
476.24 140.20
473.11 142.71
471.23 143.33
471.23 143.96
-1.00 -1.00
3 0
0 
 3
488.14 133.63
490.33 134.88
493.46 135.51
496.27 136.13
497.21 136.76
-1.00 -1.00
3 0
0 
 3
487.51 133.00
489.39 133.94
491.27 136.45
492.52 137.39
499.72 137.39
-1.00 -1.00
3 0
0 
 3
486.88 133.94
486.88 134.57
490.01 137.07
492.52 138.33
494.40 138.95
497.84 138.01
498.15 137.70
-1.00 -1.00
3 0
0 
 3
487.51 132.69
488.14 133.32
490.95 136.13
494.71 136.45
499.41 137.07
-1.00 -1.00
3 0
0 
 3
496.59 13.74
500.03 13.43
-1.00 -1.00
3 0
0 
 3
479.37 18.12
480.62 15.93
477.81 13.43
474.68 11.86
474.05 9.67
-1.00 -1.00
3 0
0 
 3
496.59 10.92
492.21 11.86
-1.00 -1.00
3 0
0 
 3
487.82 17.50
492.21 14.37
492.83 14.37
494.08 13.74
496.59 12.49
-1.00 -1.00
3 0
0 
 3
493.46 16.56
485.94 17.50
-1.00 -1.00
3 0
0 
 3
488.45 24.07
489.08 21.25
493.77 16.87
-1.00 -1.00
3 0
0 
 3
458.71 22.82
462.47 18.43
465.91 18.43
470.29 22.82
471.55 22.82
478.43 18.43
-1.00 -1.00
3 0
0 
 3
438.36 20.94
437.74 19.06
439.62 18.43
441.49 18.43
-1.00 -1.00
3 0
0 
 3
433.04 24.07
431.79 22.19
432.73 20.94
435.55 20.31
-1.00 -1.00
3 0
0 
 3
424.90 27.20
423.65 25.01
423.96 24.07
426.78 22.82
428.03 22.82
-1.00 -1.00
3 0
0 
 3
428.03 8.73
434.29 10.92
438.05 12.17
444.62 11.24
446.50 10.30
451.51 8.73
458.08 8.73
462.15 9.67
464.03 12.17
461.53 15.30
458.08 16.87
457.15 18.43
458.40 22.19
-1.00 -1.00
3 0
0 
 3
420.52 19.37
418.96 15.93
418.02 11.86
419.58 8.73
426.47 8.42
-1.00 -1.00
3 0
0 
 3
435.55 22.19
438.68 21.88
441.49 18.12
-1.00 -1.00
3 0
0 
 3
430.54 25.63
432.42 25.01
435.55 21.57
435.23 20.00
434.29 17.18
-1.00 -1.00
3 0
0 
 3
428.35 20.00
429.60 23.44
429.91 25.01
430.23 26.89
428.35 27.83
421.77 27.51
419.27 24.70
419.90 22.50
420.52 19.69
-1.00 -1.00
3 0
0 
 3
457.77 89.81
456.83 87.93
454.95 86.99
454.64 86.36
454.33 85.42
454.02 84.48
-1.00 -1.00
3 0
0 
 3
454.95 97.94
456.21 97.01
454.02 93.88
451.82 91.68
450.26 88.55
458.40 89.49
-1.00 -1.00
3 0
0 
 3
439.93 112.34
447.44 111.09
446.50 109.21
444.31 107.02
449.95 107.96
452.45 107.65
453.70 105.77
454.02 105.14
454.02 104.83
453.70 103.58
-1.00 -1.00
3 0
0 
 3
392.35 133.94
392.66 132.38
394.54 130.19
397.98 129.56
399.86 129.87
398.61 130.81
396.42 132.69
395.17 134.88
-1.00 -1.00
3 0
0 
 3
392.35 129.25
390.47 130.81
389.22 131.44
387.34 133.63
386.71 135.51
-1.00 -1.00
3 0
0 
 3
383.90 133.32
384.52 130.81
388.59 128.00
390.16 128.31
392.04 128.62
-1.00 -1.00
3 0
0 
 3
493.14 158.99
488.45 158.36
484.69 154.60
491.89 154.29
487.82 152.41
480.62 152.73
475.30 154.60
466.22 151.79
465.91 150.53
472.80 151.47
476.55 150.22
479.37 148.03
469.35 147.40
466.85 145.84
463.41 143.33
464.03 140.52
469.35 141.77
470.61 139.58
465.28 136.76
459.65 133.94
458.71 132.38
464.03 132.38
469.35 131.44
462.47 128.94
459.65 127.37
454.95 124.55
452.14 121.42
463.09 122.36
461.84 120.80
459.34 117.67
461.22 114.85
-1.00 -1.00
3 0
0 
 3
396.10 135.51
396.42 130.19
398.30 127.37
399.86 124.87
401.11 128.00
401.43 130.50
402.68 130.19
406.75 126.12
408.31 123.93
408.94 122.05
411.76 118.29
413.32 119.54
416.45 123.30
-1.00 -1.00
3 0
0 
 3
383.27 126.74
382.33 128.62
381.39 131.44
381.08 133.00
-1.00 -1.00
3 0
0 
 3
379.20 132.69
379.20 130.50
380.77 128.00
382.64 126.74
-1.00 -1.00
3 0
0 
 3
464.97 140.83
459.02 144.90
459.02 142.71
458.40 140.20
451.82 142.40
449.63 145.53
444.00 147.72
443.69 146.46
445.88 143.02
445.88 140.20
440.87 143.02
435.23 146.78
430.23 148.97
422.40 151.47
423.96 150.22
426.78 148.34
428.35 145.21
423.03 146.78
419.27 149.60
414.57 152.10
409.25 154.29
407.37 153.66
407.37 149.91
408.94 147.09
411.76 144.90
408.94 144.59
399.86 150.85
394.85 151.16
388.59 152.73
384.52 152.41
380.77 151.16
377.95 149.91
376.07 147.72
376.38 143.65
376.07 140.52
376.07 137.07
376.07 135.51
376.07 133.94
379.83 132.69
381.08 132.69
384.84 134.26
385.46 134.57
386.40 136.13
387.34 134.57
392.97 133.94
394.54 135.20
396.10 135.82
397.36 139.58
397.36 142.40
396.42 144.27
393.91 146.15
393.60 146.46
-1.00 -1.00
3 0
0 
 3
418.02 109.21
416.76 108.27
416.76 106.40
416.76 105.77
-1.00 -1.00
6 0
0 
 3
426.47 83.86
428.03 81.67
429.29 81.04
431.48 79.16
-1.00 -1.00
6 0
0 
 3
419.90 84.17
420.52 82.92
421.15 81.98
423.34 82.61
424.28 83.23
425.53 84.48
428.03 85.42
430.85 85.74
-1.00 -1.00
6 0
0 
 3
430.85 85.11
433.04 85.11
434.92 84.48
437.42 82.92
438.99 82.61
-1.00 -1.00
6 0
0 
 3
402.99 84.17
407.06 83.55
407.69 82.29
409.88 81.04
410.82 80.73
412.38 80.42
413.01 80.10
413.95 80.10
416.76 79.79
417.08 79.79
418.64 80.10
420.52 81.35
422.40 81.67
424.59 81.67
427.41 81.35
430.23 80.10
433.98 79.16
437.11 79.79
439.30 80.42
439.93 81.35
440.24 84.80
442.75 86.36
444.94 90.43
444.62 91.06
-1.00 -1.00
6 0
0 
 3
419.58 85.11
417.08 86.36
415.20 87.30
411.76 86.05
409.88 85.42
405.81 85.74
404.24 86.36
400.49 87.61
397.04 88.87
396.10 89.49
394.54 90.12
394.54 89.81
393.29 88.55
-1.00 -1.00
6 0
0 
 3
456.52 115.47
455.58 116.10
453.70 117.35
452.76 117.98
450.89 118.29
449.32 118.61
447.44 118.92
445.88 119.23
441.49 119.54
440.24 118.61
438.68 117.98
436.17 117.35
434.29 116.73
431.48 117.04
429.91 117.35
428.97 118.61
427.41 120.80
426.16 122.05
-1.00 -1.00
6 0
0 
 3
428.97 128.00
430.54 127.37
432.10 124.87
433.04 123.61
433.36 122.36
434.29 121.42
435.55 120.48
438.05 120.17
438.99 120.17
439.93 120.48
445.56 121.42
446.50 121.42
448.69 121.11
452.45 120.17
455.27 118.61
456.83 116.73
456.83 116.10
-1.00 -1.00
6 0
0 
 3
426.47 70.09
425.84 67.89
425.84 66.02
425.84 63.82
425.22 61.95
424.90 60.38
424.59 58.19
424.28 56.31
423.96 55.06
423.65 53.18
423.34 51.93
423.34 50.36
422.71 47.23
422.40 46.29
422.09 45.36
421.77 44.73
421.46 43.16
421.46 42.23
421.15 41.29
421.46 39.72
421.46 37.84
421.77 37.22
421.46 36.28
421.15 35.34
421.15 34.40
420.83 32.83
419.90 31.27
419.58 30.33
419.58 28.45
418.96 26.26
418.64 25.63
-1.00 -1.00
6 0
0 
 3
414.26 71.34
414.26 71.65
413.95 70.71
414.57 67.58
414.57 66.95
414.57 65.39
414.26 63.20
414.26 61.01
414.26 58.82
414.57 57.25
414.57 55.37
414.89 52.56
415.20 50.99
415.51 49.11
415.83 47.55
415.83 46.29
415.83 44.10
415.20 42.85
414.89 40.03
414.26 37.84
413.32 35.03
413.32 32.83
413.01 30.02
412.70 28.45
-1.00 -1.00
6 0
0 
 3
418.64 106.71
419.58 105.77
420.83 105.14
423.65 104.52
425.84 104.52
427.09 105.14
428.35 106.71
428.66 107.96
429.29 108.59
430.54 109.53
-1.00 -1.00
6 0
0 
 3
421.15 111.72
420.52 110.78
420.21 110.15
419.27 108.27
418.64 107.65
417.70 106.40
417.39 106.08
414.57 102.95
413.95 102.33
413.32 101.70
413.01 100.14
413.95 97.63
416.14 95.13
416.45 94.50
417.39 92.62
418.33 90.75
418.96 89.81
418.96 88.55
419.27 87.61
419.27 86.05
419.27 85.42
-1.00 -1.00
6 0
0 
 3
428.03 117.04
427.72 115.47
427.41 114.54
427.72 113.91
428.03 112.34
429.29 110.78
430.54 110.15
431.79 109.53
434.92 108.90
-1.00 -1.00
6 0
0 
 3
449.01 86.99
449.01 86.99
448.69 88.87
447.75 90.75
447.75 90.75
-1.00 -1.00
6 0
0 
 3
392.66 88.55
391.10 86.05
391.10 86.05
390.47 83.23
390.47 83.23
390.47 82.92
391.10 80.73
392.04 80.42
396.10 78.54
401.74 75.72
405.18 73.84
408.63 72.59
413.32 71.96
417.39 71.34
421.77 70.71
427.09 70.40
430.85 70.40
434.29 70.71
437.11 71.34
439.62 72.28
442.12 74.15
444.31 76.66
445.88 78.54
447.44 81.98
447.75 82.29
448.69 83.23
449.32 83.86
449.63 85.74
449.63 86.36
-1.00 -1.00
6 0
0 
 3
418.96 84.80
418.64 84.80
414.26 84.48
412.07 84.80
409.88 84.80
406.75 84.48
404.56 84.48
401.43 84.80
397.04 86.36
394.54 87.93
393.91 88.55
-1.00 -1.00
6 0
0 
 3
421.34 121.29
420.78 121.29
420.19 121.11
-1.00 -1.00
6 0
0 
 3
422.70 120.40
422.05 120.98
421.44 121.28
-1.00 -1.00
6 0
0 
 3
420.96 120.70
420.38 120.61
-1.00 -1.00
6 0
0 
 3
422.48 120.25
421.80 120.65
-1.00 -1.00
6 0
0 
 3
421.23 120.09
421.16 120.20
421.43 120.15
421.23 120.09
-1.00 -1.00
6 0
0 
 3
420.81 120.35
421.12 120.49
-1.00 -1.00
6 0
0 
 3
421.85 120.36
421.78 120.00
421.72 119.63
421.72 119.63
420.99 119.76
420.70 120.27
421.01 120.41
-1.00 -1.00
6 0
0 
 3
421.61 119.56
421.42 119.49
420.79 119.69
420.72 119.80
420.15 120.37
-1.00 -1.00
6 0
0 
 3
422.35 119.43
421.98 119.49
-1.00 -1.00
6 0
0 
 3
422.31 119.81
422.12 120.31
421.60 120.59
421.33 120.64
420.66 120.56
420.66 120.56
420.43 120.32
-1.00 -1.00
6 0
0 
 3
422.34 117.74
421.76 117.65
-1.00 -1.00
6 0
0 
 3
421.60 115.61
421.53 115.72
422.12 115.34
422.77 115.32
-1.00 -1.00
6 0
0 
 3
420.17 116.61
420.58 116.25
420.89 116.39
-1.00 -1.00
6 0
0 
 3
423.69 115.73
424.60 115.57
-1.00 -1.00
6 0
0 
 3
420.87 116.30
421.34 116.31
-1.00 -1.00
6 0
0 
 3
421.34 116.31
422.11 116.37
422.35 116.14
422.84 116.25
423.61 115.83
-1.00 -1.00
6 0
0 
 3
422.99 117.73
423.77 117.31
-1.00 -1.00
6 0
0 
 3
424.61 119.69
424.96 120.10
425.54 120.19
425.81 120.15
426.42 119.85
426.42 119.85
426.55 119.55
-1.00 -1.00
6 0
0 
 3
424.45 119.34
424.82 119.28
-1.00 -1.00
6 0
0 
 3
425.18 119.22
425.35 119.09
426.00 119.08
426.11 119.15
426.83 119.50
-1.00 -1.00
6 0
0 
 3
425.23 120.05
425.17 119.69
425.11 119.32
425.11 119.32
425.84 119.20
426.28 119.59
426.04 119.82
-1.00 -1.00
6 0
0 
 3
426.20 119.70
425.96 119.93
-1.00 -1.00
6 0
0 
 3
425.72 119.60
425.82 119.67
425.55 119.72
425.72 119.60
-1.00 -1.00
6 0
0 
 3
424.59 120.16
425.37 120.31
-1.00 -1.00
6 0
0 
 3
426.17 120.08
426.69 119.81
-1.00 -1.00
6 0
0 
 3
424.44 120.38
425.25 120.71
425.92 120.78
-1.00 -1.00
6 0
0 
 3
426.01 120.77
426.54 120.58
427.04 120.22
-1.00 -1.00
6 0
0 
 3
419.27 122.67
418.96 119.23
-1.00 -1.00
6 0
0 
 3
419.27 119.23
419.27 116.73
-1.00 -1.00
6 0
0 
 3
419.27 116.73
420.21 114.85
-1.00 -1.00
6 0
0 
 3
420.52 114.54
421.46 112.97
-1.00 -1.00
6 0
0 
 3
420.83 113.91
422.71 112.97
-1.00 -1.00
6 0
0 
 3
422.71 112.66
424.59 112.97
-1.00 -1.00
6 0
0 
 3
424.90 113.28
425.84 113.91
-1.00 -1.00
6 0
0 
 3
420.52 111.41
414.26 113.28
-1.00 -1.00
6 0
0 
 3
414.57 112.97
409.88 114.85
-1.00 -1.00
6 0
0 
 3
434.61 108.27
440.24 106.40
-1.00 -1.00
6 0
0 
 3
416.45 104.21
414.89 107.02
-1.00 -1.00
6 0
0 
 3
415.20 106.08
410.82 107.96
-1.00 -1.00
6 0
0 
 3
418.96 119.86
418.02 121.74
417.39 124.24
418.33 125.49
419.27 127.06
420.83 128.31
422.40 128.62
424.90 129.25
425.53 129.25
428.03 128.94
430.85 127.06
-1.00 -1.00
6 0
0 
 3
422.40 125.18
425.22 123.61
426.16 122.05
-1.00 -1.00
6 0
0 
 3
429.29 111.41
432.73 111.09
433.04 111.09
435.86 111.41
436.49 111.72
438.05 112.03
440.56 113.28
441.81 114.85
443.37 115.16
444.94 115.16
446.82 113.91
448.69 113.28
450.89 112.34
-1.00 -1.00
6 0
0 
 3
427.72 116.73
428.35 115.16
430.54 113.60
431.79 113.28
435.23 113.28
436.17 114.22
437.42 115.16
437.74 115.79
438.68 116.41
441.81 116.41
444.00 115.47
445.88 113.60
447.75 112.34
-1.00 -1.00
6 0
0 
 3
410.19 114.85
403.30 117.35
-1.00 -1.00
6 0
0 
 3
402.99 117.35
396.42 126.12
388.28 133.94
-1.00 -1.00
6 0
0 
 3
411.13 107.96
402.37 112.03
-1.00 -1.00
6 0
0 
 3
401.74 112.03
399.55 113.60
-1.00 -1.00
6 0
0 
 3
399.23 113.60
394.85 119.23
392.35 122.99
390.47 125.49
388.90 128.00
387.34 131.44
-1.00 -1.00
6 0
0 
 3
441.18 106.08
447.13 104.21
-1.00 -1.00
6 0
0 
 3
433.67 99.51
433.04 98.88
432.73 97.63
432.10 96.69
431.79 96.07
431.48 95.75
430.85 94.19
430.54 93.25
430.23 92.94
429.91 92.31
429.91 92.00
429.29 91.06
429.29 90.12
429.29 89.81
429.29 88.87
429.29 88.55
429.29 87.30
430.23 85.42
430.23 85.42
433.67 86.05
435.55 87.61
437.11 88.87
439.30 90.43
441.81 91.68
443.69 92.31
444.94 92.31
447.44 91.06
-1.00 -1.00
6 0
0 
 3
433.36 108.90
432.10 108.27
431.16 107.02
430.23 106.08
429.29 105.14
429.29 104.21
428.97 103.27
428.66 102.33
430.85 100.76
430.85 100.76
433.36 99.82
-1.00 -1.00
6 0
0 
 3
435.86 102.01
435.86 102.01
446.50 99.20
-1.00 -1.00
6 0
0 
 3
447.44 104.21
452.14 102.33
-1.00 -1.00
6 0
0 
 3
452.14 102.33
462.15 103.89
-1.00 -1.00
6 0
0 
 3
462.47 104.21
469.67 105.46
-1.00 -1.00
6 0
0 
 3
446.82 99.20
452.45 97.63
-1.00 -1.00
6 0
0 
 3
451.51 97.63
461.22 100.14
-1.00 -1.00
6 0
0 
 3
461.22 99.82
461.22 99.82
468.41 102.01
-1.00 -1.00
6 0
0 
 3
455.27 64.76
450.26 60.38
-1.00 -1.00
6 0
0 
 3
450.26 60.07
448.38 58.82
-1.00 -1.00
6 0
0 
 3
445.25 58.50
446.19 59.13
-1.00 -1.00
6 0
0 
 3
444.94 57.88
443.69 55.69
-1.00 -1.00
6 0
0 
 3
443.37 54.43
443.37 54.43
-1.00 -1.00
6 0
0 
 3
443.37 54.75
441.49 52.56
-1.00 -1.00
6 0
0 
 3
441.18 51.93
438.99 50.68
-1.00 -1.00
6 0
0 
 3
441.49 48.49
439.62 48.49
-1.00 -1.00
6 0
0 
 3
439.30 48.49
438.36 48.80
-1.00 -1.00
6 0
0 
 3
439.30 50.68
438.36 48.80
-1.00 -1.00
6 0
0 
 3
458.08 69.15
454.02 63.51
-1.00 -1.00
6 0
0 
 3
441.49 72.90
443.06 73.22
445.25 73.22
449.63 73.22
451.20 73.84
454.95 73.84
459.96 75.09
464.97 76.66
464.97 76.97
-1.00 -1.00
6 0
0 
 3
464.03 75.72
460.59 72.90
-1.00 -1.00
6 0
0 
 3
460.59 72.59
457.77 69.15
-1.00 -1.00
6 0
0 
 3
433.67 99.82
436.17 101.70
-1.00 -1.00
6 0
0 
 3
421.15 101.39
418.64 103.58
418.33 106.71
-1.00 -1.00
6 0
0 
 3
421.46 101.39
423.65 102.33
426.16 103.27
426.47 104.21
-1.00 -1.00
6 0
0 
 3
420.21 111.41
418.02 106.71
-1.00 -1.00
6 0
0 
 3
422.09 96.38
423.65 95.13
423.65 95.13
-1.00 -1.00
6 0
0 
 3
424.28 95.13
426.47 94.50
-1.00 -1.00
6 0
0 
 3
413.01 28.14
413.01 20.31
-1.00 -1.00
6 0
0 
 3
418.64 25.63
417.08 18.75
417.08 18.75
-1.00 -1.00
6 0
0 
 3
413.32 19.37
411.44 14.99
410.50 12.17
412.07 8.73
-1.00 -1.00
6 0
0 
 3
417.39 18.75
418.64 17.50
-1.00 -1.00
6 0
0 
 3
418.64 17.50
417.08 14.68
-1.00 -1.00
6 0
0 
 3
416.76 14.68
415.83 12.80
-1.00 -1.00
6 0
0 
 3
415.51 12.49
414.89 10.30
-1.00 -1.00
6 0
0 
 3
414.89 9.98
415.51 8.42
-1.00 -1.00
6 0
0 
 3
411.44 10.61
413.32 12.49
414.57 14.99
415.83 17.50
417.39 18.75
-1.00 -1.00
6 0
0 
 3
413.01 12.80
412.38 14.99
412.70 16.87
-1.00 -1.00
6 0
0 
 3
410.82 11.86
412.07 14.68
413.63 16.87
413.95 16.87
416.45 19.06
-1.00 -1.00
6 0
0 
 3
417.39 20.00
413.63 20.63
-1.00 -1.00
6 0
0 
 3
448.38 58.82
446.19 54.75
444.00 52.56
443.37 50.05
-1.00 -1.00
6 0
0 
 3
446.82 55.69
447.13 52.24
-1.00 -1.00
6 0
0 
 3
393.60 88.87
393.91 86.99
394.23 85.42
394.85 85.42
397.67 85.42
400.49 82.92
400.80 82.29
402.37 82.29
403.30 82.29
405.18 81.67
408.00 79.48
408.63 78.85
410.19 78.54
412.07 78.22
413.32 79.16
416.76 79.79
418.02 78.54
420.52 77.91
421.46 77.60
422.40 78.22
423.65 79.16
425.22 80.10
426.47 81.04
428.66 79.48
431.16 78.54
431.79 78.22
433.67 78.54
436.49 79.16
436.49 79.16
438.05 80.73
439.62 82.61
442.12 84.48
442.43 85.42
444.94 88.87
445.88 91.37
-1.00 -1.00
6 0
0 
 3
392.35 86.68
392.04 84.80
392.04 83.55
394.54 82.92
395.79 84.80
397.04 83.23
399.55 81.04
399.86 80.10
401.74 79.48
404.24 79.48
405.81 79.16
408.00 76.66
410.19 75.72
412.07 76.97
413.63 78.54
417.39 77.60
418.33 76.97
420.21 76.03
423.96 75.41
425.53 76.97
426.47 78.22
429.60 76.97
434.61 75.72
435.55 76.66
436.49 77.91
437.11 78.85
439.62 81.04
442.12 82.61
442.75 84.17
443.69 86.68
442.43 89.81
-1.00 -1.00
6 0
0 
 3
443.06 89.49
446.82 90.75
-1.00 -1.00
6 0
0 
 3
460.28 112.34
460.28 111.41
461.22 108.90
462.47 106.40
462.78 104.21
464.97 108.27
467.79 113.60
469.67 116.41
470.61 110.15
473.74 104.52
475.61 100.76
476.24 99.20
480.00 104.52
480.94 111.72
482.50 114.85
-1.00 -1.00
3 0
0 
 3
459.34 95.13
462.47 98.88
465.91 103.89
466.54 103.89
468.10 97.32
469.35 94.81
469.98 94.50
475.61 99.82
478.74 101.08
480.00 101.70
483.13 95.75
486.57 94.19
488.45 104.21
488.76 106.40
486.57 109.84
481.88 114.54
-1.00 -1.00
3 0
0 
 3
460.28 113.28
460.59 113.91
462.47 117.98
464.97 120.17
467.48 122.67
473.11 126.12
479.06 126.43
488.76 124.55
496.90 122.36
-1.00 -1.00
3 0
0 
 3
460.59 95.13
464.03 90.75
466.54 88.55
469.04 86.68
477.49 83.55
483.13 82.61
487.20 83.23
494.71 84.17
496.59 85.11
498.78 87.93
-1.00 -1.00
3 0
0 
 3
474.68 133.63
471.86 133.00
469.04 129.87
471.55 126.74
474.05 125.18
478.74 126.43
481.56 129.25
480.94 134.57
478.12 137.07
-1.00 -1.00
3 0
0 
 3
478.74 127.37
476.87 128.31
477.49 129.25
475.93 129.87
473.74 128.94
472.80 127.37
474.99 126.12
-1.00 -1.00
3 0
0 
 3
494.40 131.75
491.58 132.38
487.82 129.56
487.20 125.80
488.45 123.30
493.46 123.61
497.84 125.18
498.78 130.19
-1.00 -1.00
3 0
0 
 3
494.71 125.18
494.08 126.12
493.77 128.31
490.01 127.68
489.08 126.43
489.39 124.24
491.27 124.55
493.46 125.49
492.83 126.74
-1.00 -1.00
3 0
0 
 -1
