gremlinfile
0 12.00 52.00
3
19.84 54.78
21.10 55.64
23.61 56.85
27.87 58.34
33.29 59.76
36.21 60.03
35.47 59.97
30.87 59.31
27.15 58.25
24.37 57.17
-1.00 -1.00
5 0
0 
 3
19.55 57.40
23.34 59.02
29.08 60.44
-1.00 -1.00
5 0
0 
 3
34.82 61.09
30.96 61.54
24.77 61.09
-1.00 -1.00
5 0
0 
 3
34.75 62.24
36.45 62.40
-1.00 -1.00
5 0
0 
 3
40.17 63.96
36.92 62.58
36.63 60.96
38.43 60.06
41.41 59.90
43.67 59.85
44.91 60.03
45.11 61.50
47.60 62.85
49.43 63.75
50.06 64.57
49.77 65.29
46.07 65.04
43.90 64.57
43.02 63.78
43.56 63.01
45.11 62.31
45.80 62.63
44.88 63.35
44.12 64.12
44.57 64.27
46.79 63.89
47.08 63.06
45.67 63.06
-1.00 -1.00
5 0
0 
 3
50.55 63.98
49.84 63.93
48.72 63.39
47.75 62.97
46.61 62.45
45.89 61.86
45.60 61.18
45.40 60.35
45.85 59.61
47.57 59.00
49.25 58.91
51.74 58.66
53.98 58.70
56.43 58.79
60.06 59.06
62.03 59.54
62.53 60.24
62.53 61.05
61.23 61.88
59.90 62.83
58.36 63.48
56.34 64.05
54.12 64.16
52.26 63.80
53.90 62.56
55.04 62.31
56.85 62.42
57.46 62.67
56.38 63.75
54.41 64.02
53.78 64.16
52.26 63.80
51.68 63.64
51.29 62.97
51.81 61.70
53.29 60.94
54.41 61.16
54.25 61.79
52.71 62.99
52.26 63.75
-1.00 -1.00
5 0
0 
 3
41.41 75.43
41.50 74.69
41.86 73.13
42.19 72.21
41.92 71.06
41.36 68.17
40.89 65.22
-1.00 -1.00
5 0
0 
 3
41.34 64.45
41.47 64.54
43.22 64.66
47.62 64.88
49.73 64.77
49.81 65.92
50.13 68.35
50.42 70.47
50.42 70.70
-1.00 -1.00
5 0
0 
 3
49.70 65.17
49.73 63.57
51.34 63.39
54.25 63.42
61.63 63.35
61.34 64.68
60.60 67.72
59.57 70.61
59.97 71.98
61.50 74.40
61.58 74.94
-1.00 -1.00
5 0
0 
 3
44.52 75.84
53.51 75.68
55.22 75.39
61.16 74.58
-1.00 -1.00
5 0
0 
 3
50.35 96.13
49.32 94.51
48.07 92.80
46.77 90.77
45.40 89.01
44.08 86.78
42.37 84.86
40.60 82.47
39.48 80.35
41.95 80.76
42.95 80.98
-1.00 -1.00
5 0
0 
 3
41.12 79.31
40.38 78.39
39.55 76.94
39.57 75.75
40.44 75.05
41.05 75.21
41.32 76.76
41.23 77.24
41.25 75.48
41.77 75.10
42.35 75.28
-1.00 -1.00
5 0
0 
 3
48.36 91.47
47.15 89.23
45.98 87.02
44.77 84.97
43.60 82.24
42.62 79.79
42.17 77.82
41.99 75.61
-1.00 -1.00
5 0
0 
 3
59.23 93.22
59.48 91.06
59.77 88.85
59.97 86.46
60.35 83.21
60.60 80.08
60.91 77.62
61.07 77.01
61.29 76.94
61.92 76.58
61.23 75.21
60.26 75.34
59.81 76.63
59.72 75.59
59.07 74.96
58.15 75.59
58.27 77.01
58.18 76.22
58.09 75.37
56.83 75.05
55.94 76.58
55.64 78.73
56.99 79.47
60.13 79.83
60.78 79.83
-1.00 -1.00
5 0
0 
 3
56.27 82.51
56.47 84.75
56.65 86.51
-1.00 -1.00
5 0
0 
 3
43.69 81.25
48.51 82.15
50.98 82.31
-1.00 -1.00
5 0
0 
 3
43.96 78.43
49.41 78.73
53.13 78.37
-1.00 -1.00
5 0
0 
 3
50.80 94.53
53.54 94.06
55.17 94.26
55.87 94.24
57.50 94.24
58.72 93.95
60.08 94.37
60.02 95.70
58.67 96.94
55.62 96.94
53.16 97.37
51.29 97.13
50.44 96.02
-1.00 -1.00
5 0
0 
 3
54.14 100.10
53.51 97.94
-1.00 -1.00
5 0
0 
 3
58.69 101.18
58.54 98.59
58.92 97.17
-1.00 -1.00
5 0
0 
 3
70.80 115.25
72.73 115.79
73.83 114.55
74.12 111.92
73.24 109.86
71.40 108.56
69.99 109.01
69.92 108.78
68.06 106.21
64.72 103.26
62.46 101.70
57.91 100.82
56.41 100.82
54.07 101.14
50.85 101.77
48.34 102.65
45.67 104.32
43.94 106.01
42.51 108.58
41.61 111.38
41.03 115.10
41.16 118.66
43.54 122.24
45.76 124.99
49.12 128.53
49.81 129.10
-1.00 -1.00
5 0
0 
 3
40.78 116.79
39.88 115.50
39.05 114.06
39.46 112.75
41.30 112.03
-1.00 -1.00
5 0
0 
 3
47.15 131.35
45.22 132.64
44.10 134.71
43.56 135.30
40.51 130.61
39.41 127.56
38.63 123.87
38.92 121.93
-1.00 -1.00
5 0
0 
 3
37.13 122.11
35.06 118.37
35.29 116.11
36.27 114.69
-1.00 -1.00
5 0
0 
 3
35.00 117.51
34.17 114.35
35.02 110.63
36.95 108.58
39.03 108.31
-1.00 -1.00
5 0
0 
 3
35.67 108.24
37.66 106.39
39.48 105.78
42.06 106.28
43.34 106.64
-1.00 -1.00
5 0
0 
 3
56.14 131.06
53.51 128.96
50.67 128.62
48.27 130.18
48.45 132.91
51.20 135.25
53.58 135.59
54.93 134.85
55.82 133.56
56.34 132.16
56.09 131.17
55.46 130.83
51.94 130.95
48.63 133.88
48.92 136.22
51.16 138.52
54.32 137.96
56.05 136.47
57.10 133.90
56.36 133.04
55.31 135.95
55.53 139.29
56.59 140.69
59.12 141.79
61.63 140.51
63.45 137.17
62.73 134.94
60.62 133.61
58.29 136.13
61.09 138.70
63.87 137.62
65.98 134.87
65.67 132.48
63.85 131.17
61.58 130.81
59.46 132.41
59.79 134.26
61.27 135.21
63.38 134.87
64.68 132.73
63.85 129.68
61.07 128.53
58.20 128.96
58.04 130.83
59.25 131.20
60.26 130.14
59.30 128.69
57.26 128.60
55.62 131.01
57.95 133.77
60.26 133.92
-1.00 -1.00
5 0
0 
 3
65.82 132.53
66.85 131.44
68.36 130.41
70.13 129.53
71.81 128.99
73.53 129.53
75.13 130.32
75.15 128.29
75.31 125.72
75.28 122.92
75.78 119.85
-1.00 -1.00
5 0
0 
 3
76.27 123.60
77.19 122.51
77.52 121.09
77.70 118.70
77.52 116.04
76.31 111.26
75.53 108.31
74.68 106.23
73.74 105.72
71.45 105.99
70.91 106.30
-1.00 -1.00
5 0
0 
 3
74.32 105.11
73.18 104.39
70.89 103.73
68.78 104.34
68.02 105.22
-1.00 -1.00
5 0
0 
 3
69.79 118.30
72.93 119.09
-1.00 -1.00
5 0
0 
 3
68.51 120.94
70.26 123.21
-1.00 -1.00
5 0
0 
 3
58.20 125.60
56.45 126.05
55.42 125.67
54.05 124.59
53.72 123.26
54.37 121.12
56.14 120.39
57.35 120.46
-1.00 -1.00
5 0
0 
 3
60.62 123.64
60.26 123.53
59.61 122.49
60.31 121.66
61.52 122.29
61.70 123.62
60.35 123.66
60.28 122.27
61.20 122.76
60.53 123.17
61.11 122.54
60.69 123.15
61.20 122.90
60.58 122.20
60.60 122.56
60.49 122.87
60.53 123.08
60.85 123.37
60.96 122.45
-1.00 -1.00
5 0
0 
 3
50.98 123.62
50.89 122.65
51.61 122.15
52.55 123.44
51.27 123.71
52.33 122.69
51.50 123.21
52.21 122.96
51.00 122.51
51.90 123.64
52.28 123.19
52.03 122.65
-1.00 -1.00
5 0
0 
 3
53.13 106.78
54.16 106.69
55.78 106.44
56.74 106.14
57.93 105.40
-1.00 -1.00
5 0
0 
 3
63.42 69.73
64.90 70.50
70.55 70.97
75.24 70.79
-1.00 -1.00
5 0
0 
 3
71.23 69.19
74.74 69.66
80.64 69.30
80.93 69.19
-1.00 -1.00
5 0
0 
 3
17.78 84.43
22.22 84.72
27.60 85.17
32.19 85.26
37.08 85.94
40.87 86.14
42.39 86.35
-1.00 -1.00
5 0
0 
 3
63.06 87.81
70.01 88.44
75.22 89.37
83.56 89.73
85.42 89.84
-1.00 -1.00
5 0
0 
 3
102.72 92.23
110.44 93.04
116.96 92.57
-1.00 -1.00
5 0
0 
 3
34.19 89.89
33.99 89.66
35.33 85.54
-1.00 -1.00
5 0
0 
 3
36.03 89.66
34.12 87.20
-1.00 -1.00
5 0
0 
 3
30.89 99.72
29.50 98.66
29.44 95.39
30.89 91.62
-1.00 -1.00
5 0
0 
 3
31.66 93.74
30.80 93.09
29.30 89.30
30.02 84.90
-1.00 -1.00
5 0
0 
 3
33.43 88.62
31.72 86.26
31.43 85.15
-1.00 -1.00
5 0
0 
 3
37.44 89.82
35.09 88.08
32.87 86.14
-1.00 -1.00
5 0
0 
 3
37.10 87.02
34.32 84.99
-1.00 -1.00
5 0
0 
 3
27.15 97.73
26.21 96.20
25.96 93.56
28.02 89.55
28.76 88.92
-1.00 -1.00
5 0
0 
 3
27.55 92.25
26.77 90.34
24.88 87.79
25.54 86.91
28.90 84.95
-1.00 -1.00
5 0
0 
 3
30.80 89.64
28.52 87.72
25.74 84.61
-1.00 -1.00
5 0
0 
 3
22.60 97.55
22.73 94.78
23.94 93.13
-1.00 -1.00
5 0
0 
 3
24.19 94.96
23.29 93.72
22.22 90.65
22.78 87.54
-1.00 -1.00
5 0
0 
 3
23.74 90.54
23.25 86.91
24.23 84.59
-1.00 -1.00
5 0
0 
 3
21.43 82.92
25.51 84.30
-1.00 -1.00
5 0
0 
 3
62.75 59.92
71.14 59.63
-1.00 -1.00
5 0
0 
 3
67.93 57.82
73.56 58.70
-1.00 -1.00
5 0
0 
 3
57.19 85.02
56.97 83.71
56.88 81.93
56.56 79.18
56.52 77.55
56.34 75.95
-1.00 -1.00
5 0
0 
 3
99.56 103.55
99.09 102.20
98.64 100.57
98.53 99.36
98.80 98.82
99.47 98.46
99.36 96.40
97.70 93.97
96.40 93.47
94.65 94.44
93.71 96.13
94.79 97.51
97.10 97.85
99.25 98.68
99.72 98.05
100.48 95.82
100.89 92.53
101.22 89.93
101.74 86.28
101.96 83.51
101.78 80.35
100.55 78.82
98.96 78.95
98.40 81.16
98.20 83.71
98.26 86.03
99.52 85.96
100.24 84.90
100.37 84.41
100.41 86.82
100.62 88.47
100.75 88.67
-1.00 -1.00
5 0
0 
 3
98.98 88.20
98.22 89.46
96.40 89.32
92.01 89.32
89.29 89.21
86.72 89.39
86.25 89.39
-1.00 -1.00
5 0
0 
 3
102.79 80.12
103.08 77.73
103.60 76.31
103.69 73.86
103.55 72.59
102.25 72.14
99.83 72.59
97.03 72.91
93.82 72.75
89.72 72.16
87.34 72.44
85.44 72.75
82.50 72.64
80.53 73.22
80.84 75.48
81.49 78.52
82.64 82.22
84.05 86.19
85.62 89.39
87.17 91.85
88.08 93.02
-1.00 -1.00
5 0
0 
 3
86.38 89.53
87.25 89.08
90.60 88.42
95.57 89.46
99.14 88.87
100.46 87.11
-1.00 -1.00
5 0
0 
 3
87.39 84.77
91.09 85.47
91.92 85.81
89.88 86.41
92.46 86.93
93.89 87.27
-1.00 -1.00
5 0
0 
 3
93.13 94.44
91.40 91.53
89.97 87.90
88.02 81.61
87.55 77.55
87.32 74.96
87.28 73.00
-1.00 -1.00
5 0
0 
 3
102.99 69.44
102.97 66.55
102.81 64.23
102.45 63.73
100.98 63.82
100.50 63.15
97.95 62.67
97.52 61.70
95.77 62.00
94.38 61.30
93.60 62.22
92.57 61.41
92.43 61.66
90.42 61.77
89.21 62.36
89.65 67.88
89.83 73.22
-1.00 -1.00
5 0
0 
 3
83.31 69.48
83.29 66.21
82.91 64.48
82.39 62.72
82.35 62.51
85.19 62.51
87.01 62.33
88.76 62.63
89.99 62.69
-1.00 -1.00
5 0
0 
 3
81.20 62.85
78.76 62.38
75.98 60.46
76.13 59.99
79.83 59.72
82.46 59.76
83.56 60.01
-1.00 -1.00
5 0
0 
 3
92.46 62.99
88.56 62.54
85.04 61.54
84.05 59.56
87.50 58.79
92.52 59.61
96.49 60.55
101.18 60.73
104.14 60.89
104.94 62.06
103.35 63.39
-1.00 -1.00
5 0
0 
 3
113.64 60.15
121.96 57.62
122.92 57.28
-1.00 -1.00
5 0
0 
 3
101.18 58.32
104.74 59.20
119.43 60.69
129.83 61.21
134.45 60.28
132.59 59.76
128.35 59.90
-1.00 -1.00
5 0
0 
 3
115.21 62.40
110.93 62.15
109.97 61.45
115.75 61.25
122.54 61.27
125.03 60.51
120.52 60.21
113.78 60.46
-1.00 -1.00
5 0
0 
 3
94.65 96.76
94.36 96.90
93.55 99.06
91.72 100.15
90.12 99.76
89.21 96.40
90.17 94.10
92.77 95.23
93.98 96.90
94.25 98.14
-1.00 -1.00
5 0
0 
 3
89.41 98.18
87.17 98.57
84.90 99.61
83.22 101.32
82.43 103.24
81.07 105.20
78.71 106.19
78.00 105.94
78.56 104.09
80.53 104.25
81.61 104.14
82.52 103.26
82.97 102.11
-1.00 -1.00
5 0
0 
 3
79.30 102.83
79.72 101.52
80.87 100.87
79.88 101.41
78.53 102.40
77.10 101.97
77.12 100.33
79.57 100.01
78.96 99.83
77.66 98.93
77.66 97.31
79.72 97.40
80.51 97.96
78.56 96.40
79.23 95.01
81.43 95.52
81.69 96.63
81.69 96.38
82.37 95.05
83.89 93.43
85.39 91.89
86.27 91.08
86.81 90.72
-1.00 -1.00
5 0
0 
 3
82.88 94.83
83.91 97.42
84.30 99.27
-1.00 -1.00
5 0
0 
 3
93.64 101.63
93.98 102.76
94.03 102.96
92.39 103.35
89.50 104.16
85.30 106.12
83.06 107.84
81.76 109.71
81.09 112.44
80.62 114.98
81.96 117.87
83.89 121.39
85.55 124.30
86.58 127.47
86.25 129.84
86.00 132.10
86.76 133.56
88.80 134.49
90.77 134.74
-1.00 -1.00
5 0
0 
 3
95.06 103.57
96.96 103.55
99.52 103.60
102.10 104.02
105.32 105.51
108.51 107.50
109.99 109.08
111.42 110.47
112.27 111.51
113.31 110.29
116.35 111.42
117.23 115.34
115.23 118.12
112.77 117.91
113.44 119.36
114.43 123.33
113.96 127.70
111.27 133.00
107.86 136.29
104.02 137.89
99.85 138.48
97.30 138.05
93.94 136.18
-1.00 -1.00
5 0
0 
 3
81.00 127.50
84.88 129.98
90.64 133.81
-1.00 -1.00
5 0
0 
 3
79.63 131.60
79.70 132.44
83.42 136.52
87.43 137.46
91.78 134.46
-1.00 -1.00
5 0
0 
 3
91.31 130.43
91.38 133.81
94.81 138.21
101.49 140.69
105.19 139.20
105.39 138.68
-1.00 -1.00
5 0
0 
 3
93.24 129.93
95.68 134.53
102.81 138.82
108.01 137.98
-1.00 -1.00
5 0
0 
 3
96.02 131.04
101.54 133.56
110.03 134.10
113.78 131.71
-1.00 -1.00
5 0
0 
 3
110.66 123.37
113.55 129.46
110.35 135.34
-1.00 -1.00
5 0
0 
 3
114.54 123.55
115.95 129.23
112.48 132.59
-1.00 -1.00
5 0
0 
 3
102.25 131.62
101.45 132.30
100.46 132.21
99.72 131.96
102.25 131.65
-1.00 -1.00
5 0
0 
 3
93.38 130.16
93.62 129.53
93.44 129.86
92.12 130.34
90.80 129.32
91.45 130.20
93.49 130.07
-1.00 -1.00
5 0
0 
 3
103.76 125.81
104.61 124.27
104.45 122.90
-1.00 -1.00
5 0
0 
 3
89.59 126.46
89.07 126.39
87.93 124.99
87.70 123.57
-1.00 -1.00
5 0
0 
 3
91.45 124.84
91.11 124.23
91.22 123.26
92.68 124.00
92.34 125.51
91.27 124.66
92.37 124.14
92.32 125.02
91.85 123.80
92.03 124.27
91.58 123.84
92.68 124.75
91.83 123.73
92.46 125.15
91.78 123.78
91.96 125.26
-1.00 -1.00
5 0
0 
 3
99.81 125.22
99.25 124.50
100.28 123.62
100.57 125.36
99.27 124.16
100.77 124.27
99.97 124.30
100.93 124.48
100.08 124.07
100.77 124.16
100.33 123.96
101.00 123.64
100.35 124.16
101.20 124.09
-1.00 -1.00
5 0
0 
 3
98.20 125.85
97.55 126.82
97.01 127.11
95.64 126.66
94.45 125.54
94.29 124.99
93.98 123.66
95.24 122.90
96.78 122.81
96.87 122.83
-1.00 -1.00
5 0
0 
 3
93.40 109.01
94.09 108.94
96.04 108.71
97.77 108.40
98.20 108.51
98.28 109.32
98.22 109.82
97.03 110.18
95.08 110.50
93.82 110.45
93.11 109.62
93.40 109.23
94.94 109.35
97.07 109.23
97.41 109.44
96.85 109.77
94.83 109.39
93.73 109.55
94.50 110.09
95.73 109.57
96.60 109.73
94.52 109.30
93.76 109.71
94.99 109.86
96.13 110.00
95.30 109.57
96.47 109.80
97.66 109.21
97.48 109.71
96.02 109.66
96.38 109.91
96.45 109.84
94.85 109.41
93.85 109.35
94.18 109.93
94.16 110.11
94.50 110.07
94.81 109.98
-1.00 -1.00
5 0
0 
 3
95.17 109.39
96.27 109.57
97.41 109.62
-1.00 -1.00
5 0
0 
 3
97.55 81.25
97.41 81.84
97.19 80.73
97.28 81.36
96.89 83.64
96.76 84.61
96.92 83.78
97.03 82.90
97.43 84.02
98.44 85.69
98.42 87.63
98.20 87.86
97.72 88.13
97.63 87.70
-1.00 -1.00
5 0
0 
 3
97.12 85.94
96.74 83.26
96.69 82.29
96.27 80.80
96.45 80.58
96.76 80.78
96.92 81.93
97.46 84.68
98.06 87.99
97.63 87.50
-1.00 -1.00
5 0
0 
 3
106.38 68.92
107.84 69.03
109.23 69.05
112.66 68.80
115.30 69.12
117.30 68.40
119.85 68.60
121.04 67.84
123.91 67.88
125.17 67.09
126.42 67.50
129.04 69.10
131.82 69.93
133.17 70.25
134.60 70.95
135.14 73.70
135.01 74.87
134.18 74.67
132.21 74.37
131.62 75.12
130.97 75.48
129.96 74.53
129.36 75.34
126.85 76.16
125.82 75.77
124.16 74.60
124.02 72.71
123.93 72.68
122.39 72.59
119.43 71.62
117.52 72.03
116.06 73.09
114.79 72.32
113.28 71.85
110.64 70.88
109.97 70.14
111.76 69.21
-1.00 -1.00
5 0
0 
 3
105.46 68.90
110.12 68.92
111.60 68.74
-1.00 -1.00
5 0
0 
 3
130.08 68.76
131.17 68.58
133.48 68.69
136.51 68.90
138.62 68.99
138.73 69.75
138.84 70.07
139.98 68.69
141.85 69.39
141.58 70.52
139.96 71.62
136.80 71.51
136.58 71.42
136.35 73.18
136.42 73.63
-1.00 -1.00
5 0
0 
 3
142.99 69.35
144.11 69.23
143.21 70.90
143.62 69.95
145.57 69.32
146.46 70.11
145.43 72.41
142.45 73.52
140.70 73.65
140.23 73.68
139.58 73.63
-1.00 -1.00
5 0
0 
 3
139.81 72.05
139.22 72.91
139.33 74.10
140.81 75.28
141.60 76.54
141.31 78.95
140.81 79.67
139.60 80.82
137.90 81.82
136.71 82.51
136.08 83.53
136.80 84.11
134.69 84.72
134.31 86.08
135.97 87.38
137.92 87.34
139.31 86.78
139.49 85.45
138.73 84.54
140.05 84.34
140.97 83.30
141.20 82.38
140.39 81.32
139.00 81.00
-1.00 -1.00
5 0
0 
 3
137.27 87.99
137.07 88.26
136.87 89.08
137.41 90.45
139.47 92.35
142.99 92.98
146.89 93.74
149.47 94.67
150.30 96.04
150.68 98.43
149.96 101.70
148.35 104.34
144.11 106.98
141.31 107.77
137.85 107.36
133.62 107.93
131.53 109.71
130.25 110.47
126.62 109.59
123.28 107.86
121.42 105.11
120.26 101.93
119.18 98.57
119.07 95.07
119.63 91.62
120.95 89.41
123.48 88.51
126.31 90.18
126.76 93.09
125.97 96.63
124.72 98.68
-1.00 -1.00
5 0
0 
 3
126.02 92.12
128.46 91.53
130.99 90.90
132.68 90.11
133.30 88.40
133.55 85.17
132.81 82.67
132.00 80.12
132.07 78.61
132.52 77.71
131.89 77.37
131.42 76.25
132.27 74.08
133.44 73.97
135.14 74.44
135.72 77.28
135.21 79.20
135.16 80.80
-1.00 -1.00
5 0
0 
 3
132.59 87.86
133.64 88.49
135.57 89.28
137.18 89.50
137.47 88.33
137.61 88.15
137.07 88.13
134.81 87.75
132.99 87.11
132.47 86.78
132.38 86.96
132.18 87.70
135.12 89.01
136.73 88.92
136.37 88.49
133.95 87.61
133.68 87.38
137.03 88.51
133.86 87.47
133.19 87.29
135.46 88.17
136.67 88.56
133.19 87.61
134.04 88.20
136.58 88.99
133.95 88.38
133.91 87.75
136.49 88.47
-1.00 -1.00
5 0
0 
 3
134.33 90.90
134.65 91.22
135.64 91.89
137.72 92.35
139.87 92.53
140.75 92.73
-1.00 -1.00
5 0
0 
 3
138.73 91.47
138.21 90.27
138.35 89.82
139.20 89.75
139.92 90.83
140.07 91.87
139.24 91.94
138.37 90.79
138.62 90.18
139.65 92.16
138.68 90.45
139.83 91.92
138.71 90.29
138.91 91.71
139.74 91.35
138.89 90.32
138.08 91.19
139.69 91.80
139.42 90.72
138.33 90.25
138.46 90.79
139.56 91.58
140.07 91.80
-1.00 -1.00
5 0
0 
 3
139.56 100.44
141.02 100.12
142.16 100.15
143.35 100.53
143.32 101.05
142.23 101.86
141.28 101.91
139.67 101.54
139.09 101.21
139.07 100.39
141.08 100.44
142.45 100.94
140.84 101.36
140.41 100.73
141.82 101.43
139.87 100.78
140.39 101.59
142.25 101.25
140.28 100.73
139.56 100.91
140.75 101.54
-1.00 -1.00
5 0
0 
 3
139.85 100.78
141.60 101.34
142.14 101.66
140.68 101.82
141.85 101.48
142.02 101.21
140.50 100.96
140.07 100.73
-1.00 -1.00
5 0
0 
 3
135.64 109.82
135.99 109.30
136.67 107.27
136.42 104.97
136.06 102.42
135.59 101.43
-1.00 -1.00
5 0
0 
 3
134.42 109.48
134.20 109.84
133.46 110.02
132.18 109.55
130.97 108.31
129.27 104.97
129.29 102.06
130.19 100.39
131.73 100.30
-1.00 -1.00
5 0
0 
 3
132.72 106.46
132.29 105.06
131.89 104.23
131.55 103.15
132.32 103.21
133.51 104.90
133.53 107.02
132.90 106.57
132.14 104.70
131.64 103.78
132.86 106.23
132.21 103.80
132.79 104.97
132.90 104.61
132.99 104.32
132.90 105.81
132.21 103.66
133.71 106.26
132.18 103.26
133.08 105.90
132.12 103.64
132.65 105.96
132.09 104.59
132.70 105.38
132.36 104.14
-1.00 -1.00
5 0
0 
 3
134.72 106.26
134.49 106.01
134.09 103.82
134.07 102.94
134.87 103.64
135.59 106.10
135.07 106.53
134.96 103.84
134.76 104.07
135.03 105.04
134.49 103.30
135.30 106.32
134.58 103.28
135.03 106.41
134.72 104.09
135.19 106.05
135.03 103.91
134.31 104.81
-1.00 -1.00
5 0
0 
 3
135.50 105.24
134.85 103.57
134.81 103.37
-1.00 -1.00
5 0
0 
 3
152.81 85.56
153.19 85.45
154.33 84.63
155.48 83.66
155.74 82.87
155.23 81.77
153.86 81.16
150.95 79.76
150.48 78.28
151.08 77.24
154.06 76.65
155.27 76.58
155.92 76.27
155.79 75.01
154.74 73.49
154.29 72.35
154.56 71.24
154.96 70.72
155.23 70.61
153.79 70.68
152.79 70.29
154.80 69.80
156.01 70.11
155.83 70.02
154.09 69.05
155.12 68.58
157.11 68.87
-1.00 -1.00
5 0
0 
 3
157.09 68.40
158.59 68.17
159.44 69.08
158.55 69.93
159.69 69.26
161.71 69.80
161.66 70.52
159.62 70.86
158.21 71.17
160.68 70.79
162.58 70.59
163.35 69.48
-1.00 -1.00
5 0
0 
 3
156.19 72.75
156.55 71.69
158.14 70.90
-1.00 -1.00
5 0
0 
 3
156.08 72.19
156.15 70.56
157.83 70.32
-1.00 -1.00
5 0
0 
 3
157.67 72.57
156.82 74.04
157.63 75.59
159.83 76.49
161.60 75.89
-1.00 -1.00
5 0
0 
 3
161.57 78.18
163.43 76.88
163.50 76.74
-1.00 -1.00
5 0
0 
 3
162.04 79.88
165.05 79.47
165.25 79.36
-1.00 -1.00
5 0
0 
 3
161.87 85.29
161.22 83.01
160.90 82.33
162.83 82.94
163.79 83.03
-1.00 -1.00
5 0
0 
 3
158.55 86.05
159.13 84.05
159.58 83.48
-1.00 -1.00
5 0
0 
 3
156.28 87.02
156.37 86.17
157.36 83.98
157.45 83.35
-1.00 -1.00
5 0
0 
 3
155.68 79.70
155.74 79.36
156.13 78.75
156.60 79.18
157.16 79.97
157.99 80.03
157.90 79.18
157.36 79.04
156.87 79.63
156.91 80.08
156.06 80.03
155.79 79.36
156.62 79.27
157.00 79.99
157.90 80.10
157.99 79.27
157.56 79.11
157.36 79.72
157.00 80.06
156.24 79.61
156.57 79.22
157.16 79.81
157.81 79.54
157.70 79.52
157.83 80.10
157.83 79.58
157.56 79.76
157.87 79.63
157.58 79.54
157.00 79.94
156.62 79.49
157.00 80.03
156.26 79.54
156.96 80.03
156.15 79.38
156.71 80.17
156.42 79.52
156.26 79.94
156.73 79.79
156.80 79.63
157.65 79.81
157.58 79.56
157.92 80.15
158.14 79.47
157.61 79.13
-1.00 -1.00
5 0
0 
 3
158.91 81.23
159.40 81.05
159.69 80.89
160.16 80.48
160.16 79.99
159.83 79.18
159.78 78.97
-1.00 -1.00
5 0
0 
 3
150.48 96.49
153.05 96.90
159.80 97.28
166.17 97.31
173.30 97.03
178.88 96.38
-1.00 -1.00
5 0
0 
 3
179.55 96.97
180.90 95.91
-1.00 -1.00
5 0
0 
 3
181.59 98.43
181.68 95.98
-1.00 -1.00
5 0
0 
 3
184.02 105.87
182.94 101.79
183.93 100.12
-1.00 -1.00
5 0
0 
 3
181.33 96.16
177.13 96.31
174.33 96.07
173.81 96.07
-1.00 -1.00
5 0
0 
 3
167.58 70.52
170.23 70.38
172.51 70.09
171.80 69.66
170.61 69.21
172.31 69.12
172.25 68.40
176.21 69.01
-1.00 -1.00
5 0
0 
 3
31.54 95.32
32.55 92.89
33.56 91.62
34.39 91.17
-1.00 -1.00
5 0
0 
 3
34.57 96.07
33.22 94.83
31.12 91.98
31.07 86.89
31.68 86.10
-1.00 -1.00
5 0
0 
 3
21.63 92.75
22.73 91.60
23.02 91.06
-1.00 -1.00
5 0
0 
 3
26.45 98.05
27.13 97.08
-1.00 -1.00
5 0
0 
 -1
