gremlinfile
0 20.00 60.00
3
24.47 68.65
32.95 70.38
-1.00 -1.00
5 0
0 
 3
27.19 67.79
35.12 69.14
-1.00 -1.00
5 0
0 
 3
30.29 66.60
51.82 69.76
-1.00 -1.00
5 0
0 
 3
37.26 65.91
49.89 67.64
-1.00 -1.00
5 0
0 
 3
36.07 69.45
36.40 73.62
-1.00 -1.00
5 0
0 
 3
38.35 73.16
38.05 69.54
-1.00 -1.00
5 0
0 
 3
30.16 74.69
58.75 72.36
-1.00 -1.00
5 0
0 
 3
58.90 74.86
30.07 77.85
29.67 74.86
-1.00 -1.00
5 0
0 
 3
30.11 78.11
41.69 79.57
-1.00 -1.00
5 0
0 
 3
52.26 81.05
60.53 80.65
-1.00 -1.00
5 0
0 
 3
79.64 72.89
104.58 70.04
-1.00 -1.00
5 0
0 
 3
104.23 68.21
77.36 70.64
-1.00 -1.00
5 0
0 
 3
121.59 66.33
150.66 63.99
150.90 66.55
129.65 68.36
-1.00 -1.00
5 0
0 
 3
151.38 66.91
172.28 73.45
172.39 70.99
151.05 64.25
-1.00 -1.00
5 0
0 
 3
172.08 73.65
159.43 73.89
-1.00 -1.00
5 0
0 
 3
137.87 75.94
134.20 76.14
-1.00 -1.00
5 0
0 
 3
69.49 61.65
81.22 63.86
95.24 65.76
-1.00 -1.00
5 0
0 
 3
95.11 64.39
79.00 61.93
-1.00 -1.00
5 0
0 
 3
126.20 60.39
134.75 61.56
-1.00 -1.00
5 0
0 
 3
137.61 60.48
126.53 59.19
-1.00 -1.00
5 0
0 
 3
46.99 84.83
46.55 85.71
46.09 86.42
45.78 86.64
45.06 86.84
44.31 86.71
43.54 86.31
42.88 85.80
42.27 85.16
41.91 84.56
41.54 83.66
41.34 82.62
41.41 81.93
41.56 81.25
41.76 80.70
42.02 80.17
42.46 79.64
43.17 79.06
43.87 78.66
44.73 78.35
45.54 78.15
47.01 78.07
48.40 78.22
49.52 78.57
50.46 79.02
51.03 79.52
51.38 80.03
51.63 80.61
51.87 81.49
52.02 82.46
52.00 83.08
51.89 83.75
51.69 84.36
51.27 84.92
50.92 85.31
50.40 85.76
49.91 86.13
49.08 86.42
48.35 86.18
48.07 85.69
47.76 85.31
47.36 84.81
47.96 85.65
48.26 86.35
48.59 87.52
48.88 88.50
48.88 88.72
48.18 87.30
47.36 85.80
47.17 85.54
47.10 85.36
47.32 86.49
47.58 87.39
47.41 86.62
47.01 85.14
46.92 84.98
45.80 87.52
45.39 88.39
45.30 88.78
45.89 88.25
46.48 87.50
46.97 86.00
47.03 85.29
-1.00 -1.00
5 0
0 
 3
81.11 64.54
80.39 64.39
78.83 64.28
77.38 64.08
75.38 63.66
73.47 63.30
71.86 63.10
69.93 62.55
68.35 62.51
66.33 62.51
64.96 62.35
63.71 62.40
62.88 62.49
61.98 62.64
60.99 62.99
60.33 63.46
59.91 63.92
59.65 64.72
59.38 65.93
59.73 66.46
60.72 66.77
62.02 67.02
63.23 67.11
63.87 67.17
64.44 67.44
65.23 67.68
65.95 67.86
66.94 67.99
67.56 68.03
68.17 67.99
68.46 67.94
69.07 67.83
69.64 67.59
70.19 67.17
70.22 66.55
70.11 66.00
69.56 66.13
68.68 66.55
68.08 67.19
68.11 67.52
68.41 67.81
68.66 67.97
68.02 67.97
67.80 67.92
68.28 67.26
68.61 66.73
68.35 66.22
67.69 65.98
66.33 66.33
65.34 66.73
64.57 67.13
64.70 67.35
65.34 67.64
66.39 67.41
67.56 67.50
67.97 67.83
68.15 68.30
68.15 68.76
67.71 69.45
67.53 69.85
67.42 70.24
67.42 70.53
67.62 70.99
67.91 71.22
68.39 71.06
69.31 70.66
70.85 70.35
71.75 70.44
73.20 70.29
74.39 70.33
75.01 70.33
75.58 70.24
75.82 70.04
76.04 69.65
76.08 69.27
76.08 68.59
75.38 67.92
74.48 67.50
73.64 67.35
72.92 67.44
72.08 67.81
71.25 68.14
70.33 68.85
69.82 69.78
69.64 70.40
69.95 70.35
70.72 69.89
71.89 69.29
73.38 68.81
74.43 68.61
75.20 68.76
75.95 68.94
76.28 69.07
76.43 69.34
76.41 69.78
76.19 70.27
75.23 70.35
73.91 70.20
72.74 70.35
71.73 70.69
70.92 70.91
70.72 71.04
-1.00 -1.00
5 0
0 
 3
69.25 70.80
68.35 71.33
67.69 71.59
67.36 72.45
67.38 73.20
67.58 73.96
67.16 74.22
66.30 74.55
65.64 74.31
65.18 73.56
64.83 72.63
64.79 71.92
65.16 71.44
66.26 71.15
67.01 71.17
67.89 71.17
68.06 71.15
65.80 71.26
64.57 71.39
63.73 71.46
62.81 71.55
62.26 71.61
62.04 72.23
62.17 73.27
62.96 74.51
63.56 75.17
62.61 75.72
61.78 75.75
60.99 75.66
60.33 75.55
59.73 75.08
59.40 74.20
59.29 73.05
59.23 72.21
59.91 71.61
61.05 71.75
62.26 71.77
64.63 71.59
65.69 71.59
66.70 71.26
67.53 70.84
-1.00 -1.00
5 0
0 
 3
66.83 70.60
65.84 70.46
64.61 70.35
63.45 70.27
62.44 70.22
61.49 70.49
61.14 70.88
60.79 71.94
61.29 70.93
61.45 70.09
61.65 69.09
61.69 68.61
61.89 69.25
62.20 69.29
63.05 69.09
64.61 69.14
65.80 69.29
66.79 69.40
67.47 70.18
67.34 70.86
67.56 69.76
67.75 68.87
67.84 68.52
67.78 68.32
-1.00 -1.00
5 0
0 
 3
61.29 69.96
62.00 68.54
61.80 67.57
60.48 68.01
59.62 68.28
58.94 68.65
58.46 69.49
58.83 69.82
60.20 69.76
58.55 69.80
57.12 69.43
56.11 69.01
55.76 68.92
56.64 68.59
57.73 68.28
58.97 68.19
59.10 68.72
58.68 69.56
57.36 69.78
56.50 69.51
55.32 69.47
54.26 69.27
52.81 69.03
51.91 68.23
51.25 67.61
50.59 66.86
50.22 66.38
49.98 65.89
49.98 65.23
50.51 64.61
51.76 64.50
53.23 64.45
55.08 64.43
56.50 64.45
57.54 64.50
58.70 64.43
59.01 64.43
-1.00 -1.00
5 0
0 
 3
59.23 75.28
59.76 76.19
60.09 76.28
61.16 76.48
62.33 75.92
64.08 75.19
65.36 74.77
66.46 74.64
67.25 74.38
68.15 74.04
69.01 73.87
69.89 74.46
70.94 75.04
72.13 75.24
73.03 75.28
74.30 75.41
75.12 75.94
75.31 76.48
75.20 77.18
74.63 78.04
74.30 78.55
74.10 78.62
73.88 78.42
73.03 77.58
72.06 77.58
71.36 78.49
71.58 79.41
72.00 80.03
71.34 79.02
70.63 78.66
69.62 78.95
69.05 79.81
69.78 80.74
70.79 81.29
71.42 81.51
70.98 81.18
69.91 81.05
68.52 81.85
68.08 82.93
68.61 83.52
69.84 84.21
70.79 84.01
71.47 83.35
71.93 82.77
71.91 83.90
71.42 84.92
70.65 85.82
70.35 86.57
70.44 86.91
70.83 87.15
71.42 87.17
72.11 86.86
72.87 86.24
73.27 85.67
73.16 84.76
73.03 84.06
73.47 83.61
74.10 83.26
75.49 83.08
76.46 83.15
76.85 83.22
77.42 83.64
77.71 84.19
77.97 85.47
78.10 86.46
77.97 87.50
77.88 89.09
77.69 90.24
77.77 91.55
78.10 92.30
78.54 92.96
79.18 93.34
79.84 93.45
80.54 93.07
81.42 92.21
82.12 91.11
82.63 89.78
82.92 88.06
82.98 86.02
83.00 83.70
82.92 81.85
82.56 80.41
82.04 79.48
81.20 78.62
80.48 78.22
79.58 77.78
78.70 77.56
77.49 77.36
76.30 77.47
75.29 77.78
74.48 78.49
-1.00 -1.00
5 0
0 
 3
69.31 79.39
68.79 78.42
67.97 77.85
67.03 77.69
66.13 77.49
65.27 78.04
-1.00 -1.00
5 0
0 
 3
67.84 81.25
67.64 81.14
67.21 80.76
66.68 80.43
66.02 80.03
64.11 79.39
62.68 79.50
-1.00 -1.00
5 0
0 
 3
67.97 83.41
67.42 83.57
66.63 83.75
65.93 83.41
65.32 83.41
64.41 83.81
63.65 84.08
62.94 84.19
61.82 84.17
61.32 83.94
61.07 83.79
-1.00 -1.00
5 0
0 
 3
69.93 86.73
69.16 86.49
68.04 86.04
66.83 85.76
65.36 85.71
64.13 85.78
62.77 86.18
61.58 86.49
60.59 86.77
59.93 87.19
59.69 87.57
59.95 88.21
61.01 88.65
61.43 88.72
61.76 88.76
-1.00 -1.00
5 0
0 
 3
59.58 87.68
59.18 87.64
59.12 87.02
59.38 85.89
60.00 84.50
60.50 83.66
60.64 83.35
60.61 82.38
61.03 81.71
61.27 81.34
61.43 81.01
60.59 79.77
60.17 79.11
59.54 77.76
59.38 77.07
59.47 76.28
59.87 75.90
-1.00 -1.00
5 0
0 
 3
62.92 87.17
62.72 87.86
62.22 88.94
61.87 89.96
61.82 90.99
62.17 92.19
63.12 92.81
64.52 93.34
66.57 94.18
68.24 95.04
70.35 96.25
70.85 96.56
-1.00 -1.00
5 0
0 
 3
78.89 97.93
76.76 97.34
74.98 97.01
73.82 96.94
72.61 97.29
71.89 97.58
71.01 97.89
70.74 97.76
70.30 96.65
69.86 95.02
69.27 93.23
68.81 91.99
68.19 90.77
67.91 90.31
67.69 89.65
67.62 89.18
67.62 88.74
67.67 88.32
67.91 87.86
68.41 87.28
68.79 86.71
68.90 86.44
69.05 86.18
-1.00 -1.00
5 0
0 
 3
68.19 88.72
68.41 88.61
69.01 88.48
69.69 88.74
70.37 88.39
71.56 88.36
72.35 88.67
72.98 88.70
73.36 88.39
73.07 87.33
72.87 86.84
-1.00 -1.00
5 0
0 
 3
76.35 67.83
76.26 68.17
76.15 69.23
76.21 70.88
76.65 72.17
77.60 72.67
79.22 73.09
80.85 73.45
82.41 73.69
84.08 73.60
85.09 74.00
86.06 74.88
86.78 76.23
86.85 77.51
86.34 78.51
85.75 79.52
85.29 80.30
85.11 80.74
85.42 81.14
85.77 81.49
85.51 82.35
84.89 83.52
84.28 84.83
83.73 86.18
83.55 87.06
83.38 88.21
83.18 89.36
82.96 90.51
82.65 91.66
82.34 92.56
81.84 93.78
81.47 94.64
80.81 95.75
80.26 96.70
79.88 97.09
79.29 97.51
-1.00 -1.00
5 0
0 
 3
83.51 78.93
83.55 78.73
83.68 77.76
83.73 76.48
82.98 75.92
82.34 75.75
81.69 75.52
80.65 75.15
79.38 74.82
78.04 74.35
76.70 73.56
75.66 72.96
75.09 72.59
74.48 72.14
73.62 72.14
-1.00 -1.00
5 0
0 
 3
83.00 79.15
82.61 77.93
81.62 76.98
80.48 76.56
78.72 76.48
76.68 75.92
75.12 75.39
73.75 74.51
73.23 73.82
72.74 72.50
72.41 71.33
72.41 70.80
-1.00 -1.00
5 0
0 
 3
69.62 71.57
70.11 73.40
70.74 74.42
70.98 74.71
-1.00 -1.00
5 0
0 
 3
68.15 71.50
67.58 72.67
67.62 73.91
-1.00 -1.00
5 0
0 
 3
65.25 72.01
65.93 73.45
66.26 74.29
-1.00 -1.00
5 0
0 
 3
62.22 71.97
62.70 73.71
63.16 75.06
-1.00 -1.00
5 0
0 
 3
76.61 87.28
76.39 87.15
76.41 86.93
76.61 86.80
76.83 86.91
76.98 87.19
76.74 87.55
76.35 87.75
76.02 87.39
76.19 86.95
76.76 87.08
76.79 87.37
76.57 87.28
-1.00 -1.00
5 0
0 
 3
74.50 86.91
74.79 86.97
75.05 87.17
74.92 87.37
74.65 87.35
74.63 87.02
75.07 86.88
75.14 87.28
74.81 87.37
74.63 87.17
-1.00 -1.00
5 0
0 
 3
75.66 84.63
75.40 84.59
75.31 84.32
75.64 84.23
75.91 84.61
75.75 84.87
75.38 84.52
75.66 84.23
75.91 84.74
-1.00 -1.00
5 0
0 
 3
74.65 90.84
74.17 90.46
74.04 90.29
74.96 90.20
74.79 90.64
74.65 90.86
74.17 90.33
74.57 90.31
74.54 90.57
74.79 90.49
-1.00 -1.00
5 0
0 
 3
72.21 91.06
72.04 90.73
71.84 90.53
72.11 90.44
72.41 90.33
72.81 90.49
72.94 90.69
72.65 91.02
72.43 90.97
72.50 90.64
72.85 90.73
72.52 90.95
72.37 90.75
-1.00 -1.00
5 0
0 
 3
70.24 91.57
70.13 91.33
69.93 91.08
69.73 90.80
70.22 90.69
70.59 90.75
70.41 91.22
70.00 91.06
70.04 90.84
70.37 90.82
70.17 91.11
70.11 90.82
70.28 90.95
69.93 90.99
-1.00 -1.00
5 0
0 
 3
70.50 93.69
70.90 93.29
70.79 93.03
70.28 93.09
70.35 93.36
70.54 93.49
70.83 93.07
70.33 93.14
70.37 93.56
70.68 93.60
-1.00 -1.00
5 0
0 
 3
72.85 93.09
72.21 92.98
71.97 93.29
72.46 93.29
72.94 92.32
72.48 92.76
72.46 93.16
72.72 93.25
72.85 92.78
72.39 92.45
72.19 93.07
72.74 93.27
-1.00 -1.00
5 0
0 
 3
74.98 92.92
75.34 93.34
75.55 93.05
75.23 92.50
74.32 92.41
74.52 92.96
74.98 92.94
75.12 92.30
74.50 92.45
74.83 92.96
75.16 92.54
-1.00 -1.00
5 0
0 
 3
77.05 93.91
76.83 93.96
77.38 94.00
77.55 93.87
77.09 93.76
76.79 94.24
77.25 94.18
77.31 93.89
77.05 93.73
-1.00 -1.00
5 0
0 
 3
76.70 95.90
76.54 95.75
76.90 95.64
77.01 96.17
76.79 95.83
77.07 95.92
-1.00 -1.00
5 0
0 
 3
74.90 95.48
74.61 95.44
74.68 95.06
75.27 95.11
74.70 95.44
74.35 95.28
74.72 95.13
75.07 95.26
74.59 95.39
74.94 95.19
74.68 95.41
74.87 95.24
-1.00 -1.00
5 0
0 
 3
72.70 95.66
72.41 95.55
72.50 95.39
73.14 95.83
73.25 96.03
72.83 95.92
72.43 95.81
72.46 95.57
72.83 95.30
72.98 95.81
72.37 95.66
72.92 95.99
72.65 95.77
-1.00 -1.00
5 0
0 
 3
79.00 97.67
78.50 98.40
78.21 99.17
78.06 100.23
78.19 101.16
78.26 101.93
78.21 102.42
77.80 102.42
76.76 102.09
75.40 101.85
74.19 101.85
73.73 102.09
73.38 102.13
73.23 101.67
73.14 100.43
73.03 99.44
72.79 98.73
72.59 98.29
72.41 97.98
72.26 97.85
72.17 97.62
-1.00 -1.00
5 0
0 
 3
81.95 64.36
81.53 65.07
80.52 66.53
79.33 67.64
78.41 68.06
77.40 68.28
76.85 68.36
76.39 69.14
76.30 70.07
76.43 70.80
-1.00 -1.00
5 0
0 
 3
58.75 116.32
58.61 116.45
58.13 116.76
57.54 117.01
56.79 117.14
56.17 116.96
55.67 116.45
55.34 115.70
55.16 114.51
55.10 113.49
55.23 112.19
55.54 111.26
56.39 110.49
57.23 110.13
58.11 110.04
59.14 110.31
59.56 110.80
59.76 111.72
59.76 112.08
-1.00 -1.00
5 0
0 
 3
58.79 110.77
58.86 110.29
59.03 109.43
59.47 108.48
60.39 107.37
61.65 106.13
62.81 105.07
64.39 104.12
66.35 103.11
68.61 102.18
70.41 101.58
72.02 101.31
73.56 101.27
75.73 101.43
77.36 101.65
79.64 102.00
81.07 102.46
83.00 103.48
84.52 104.67
85.60 105.85
86.39 107.39
87.00 109.03
88.08 112.32
88.52 114.11
88.83 115.88
88.83 117.29
88.61 119.61
88.30 121.45
87.71 123.17
86.83 125.43
86.21 126.66
85.71 127.55
84.78 128.96
84.10 129.98
83.20 130.91
81.86 131.99
80.78 132.54
79.49 132.96
78.17 133.20
76.48 133.49
75.14 133.12
74.10 131.86
74.43 130.77
75.99 129.34
77.82 128.96
79.60 129.07
81.27 130.00
82.32 132.06
82.08 134.86
80.56 137.40
77.66 138.22
75.80 137.07
75.34 134.62
76.87 132.54
79.14 132.90
81.31 135.28
81.29 138.97
78.94 140.67
76.39 141.23
74.70 138.62
74.68 135.13
77.05 133.18
80.08 134.57
79.69 138.33
76.48 141.34
72.83 140.56
71.38 138.09
72.41 134.86
75.18 132.61
77.29 133.31
77.99 136.30
76.81 139.92
73.67 142.11
70.90 141.14
70.24 138.57
72.37 137.45
74.85 138.77
73.62 142.42
71.29 143.52
68.50 142.66
68.35 139.79
70.35 137.34
73.99 136.81
73.75 138.20
69.71 139.90
66.92 138.27
66.00 135.50
67.12 132.83
71.42 133.23
73.56 136.59
72.06 138.66
68.98 137.87
65.78 134.33
64.35 130.00
66.08 127.64
71.05 129.25
72.08 134.00
70.04 138.20
67.64 136.25
69.69 132.39
74.46 130.20
77.20 131.97
77.14 136.03
74.19 138.57
70.92 136.81
72.21 130.95
76.65 129.14
79.42 131.94
77.82 135.61
76.21 136.10
75.77 135.33
76.87 133.76
-1.00 -1.00
5 0
0 
 3
67.42 135.70
67.03 135.72
66.26 135.70
65.10 135.33
63.43 134.91
61.60 134.95
59.69 135.70
58.37 137.40
57.38 139.28
56.86 140.19
56.66 140.56
55.54 136.81
54.94 134.91
53.25 129.76
52.70 127.86
52.31 126.57
51.98 124.72
51.63 123.11
50.83 120.41
50.51 118.91
50.44 117.12
50.75 115.44
51.43 114.00
51.93 113.18
-1.00 -1.00
5 0
0 
 3
50.31 119.46
50.00 118.27
49.87 117.05
49.76 113.14
50.24 110.44
50.90 108.14
51.69 106.35
52.99 105.29
54.66 104.59
56.94 104.50
58.64 105.18
59.12 105.51
-1.00 -1.00
5 0
0 
 3
54.66 105.09
56.86 103.88
58.24 103.41
59.71 103.24
60.88 103.24
62.24 103.52
63.12 103.97
63.47 104.30
-1.00 -1.00
5 0
0 
 3
58.55 120.01
58.26 120.50
57.14 121.31
56.22 121.69
55.38 121.76
-1.00 -1.00
5 0
0 
 3
60.55 121.58
60.53 122.02
60.35 122.75
59.82 123.70
59.36 124.56
58.86 125.16
58.39 125.69
-1.00 -1.00
5 0
0 
 3
71.38 122.91
70.94 123.15
70.68 123.02
70.41 122.60
70.59 121.98
71.18 121.49
72.00 121.85
72.11 122.60
71.23 123.13
70.74 122.82
70.72 122.07
71.58 121.93
71.82 122.69
70.94 122.57
70.96 122.18
71.58 122.33
71.12 122.69
70.92 122.33
71.23 122.55
71.25 122.33
71.34 122.69
71.12 122.33
71.49 122.27
71.25 122.80
71.12 122.42
71.69 122.44
71.18 122.91
70.76 122.20
71.47 122.33
70.94 122.97
70.48 122.15
71.49 122.00
71.18 122.86
70.46 122.31
71.16 121.85
71.71 122.86
-1.00 -1.00
5 0
0 
 3
73.82 124.63
74.19 124.50
75.31 124.32
76.06 124.19
76.83 124.10
77.33 123.88
77.75 123.28
77.99 122.55
78.08 121.87
78.21 121.18
78.21 120.52
78.04 119.86
77.51 119.24
76.50 118.80
74.92 118.60
-1.00 -1.00
5 0
0 
 3
80.61 122.80
80.19 122.71
79.77 122.31
79.64 122.02
79.80 121.69
80.06 121.49
80.50 121.51
81.07 122.07
80.96 122.40
80.50 122.51
79.84 122.07
80.10 121.73
80.56 122.09
80.48 122.55
80.02 122.07
80.50 121.69
80.76 122.15
80.10 122.11
80.28 121.71
80.39 122.44
79.86 122.07
80.48 122.13
80.48 122.66
80.24 121.98
80.74 122.24
79.88 122.27
80.37 121.73
80.83 122.88
80.08 122.13
80.56 121.96
80.30 122.38
80.17 121.58
80.59 122.02
80.26 121.93
80.61 121.80
80.17 122.15
80.39 121.73
80.54 122.49
80.26 121.93
80.67 122.31
80.35 122.07
-1.00 -1.00
5 0
0 
 3
74.06 106.99
74.52 106.97
75.49 107.11
76.28 107.15
77.27 107.24
78.65 107.35
78.92 107.46
79.16 107.70
79.27 107.97
79.18 108.25
78.87 108.45
78.48 108.61
78.04 108.63
77.51 108.56
76.61 108.54
76.04 108.52
75.55 108.45
75.14 108.36
74.70 108.25
74.46 108.01
74.15 107.57
74.10 107.26
74.81 107.02
75.60 106.99
76.54 107.13
77.33 107.26
78.37 107.50
78.98 107.75
78.70 108.10
78.04 108.25
77.33 108.30
76.63 108.23
76.04 108.19
75.40 108.01
74.90 107.92
74.54 107.79
74.54 107.61
75.34 107.46
76.06 107.52
77.18 107.59
78.24 108.01
78.57 108.28
76.90 108.19
75.40 107.99
74.72 107.70
75.14 107.68
77.31 107.83
78.83 108.12
78.32 108.08
76.57 108.01
75.40 107.77
76.50 107.81
78.48 108.01
76.90 107.99
75.03 107.86
77.62 107.83
75.25 107.86
76.52 107.90
77.07 108.08
74.96 107.86
77.31 107.88
75.01 107.72
77.25 107.48
76.04 107.77
75.38 107.59
77.55 107.68
74.90 107.48
77.69 107.55
75.29 107.66
76.41 107.61
77.31 107.94
75.40 108.03
78.61 108.32
75.86 108.25
77.49 108.03
76.50 108.01
75.01 107.55
77.86 107.86
75.07 108.03
78.30 108.10
76.98 108.14
76.35 107.83
78.15 107.83
75.38 107.66
77.95 107.83
74.96 107.83
76.72 107.97
-1.00 -1.00
5 0
0 
 3
80.48 136.65
80.63 136.52
81.20 136.06
82.17 135.52
83.16 135.33
84.56 135.50
86.23 136.17
88.50 137.36
89.11 137.80
89.84 138.53
90.19 139.08
-1.00 -1.00
5 0
0 
 3
90.45 138.69
90.56 138.49
90.61 137.89
90.67 137.18
90.76 135.97
91.02 133.29
91.09 132.21
91.24 130.69
91.53 129.62
91.84 128.41
92.23 127.06
92.74 125.78
93.29 124.21
93.62 122.82
93.81 120.92
93.88 118.88
93.84 117.29
93.70 115.75
93.49 114.22
93.24 113.07
92.72 111.44
92.32 110.46
91.79 109.56
91.13 109.05
90.47 108.67
89.46 108.45
88.23 108.78
-1.00 -1.00
5 0
0 
 3
92.72 111.86
92.21 110.95
91.77 109.96
90.94 108.52
89.97 107.77
89.11 107.17
88.17 106.77
86.98 106.42
86.12 106.31
85.71 106.33
85.46 106.35
-1.00 -1.00
5 0
0 
 3
52.40 72.78
52.22 72.21
52.37 70.95
52.26 70.18
51.36 70.82
50.13 70.44
49.74 70.24
49.03 70.55
47.89 70.64
47.19 70.18
46.73 70.20
45.74 70.62
45.25 70.42
44.24 70.33
43.32 70.18
42.79 70.31
42.18 70.02
41.69 69.60
41.30 69.80
40.73 70.31
39.58 69.03
39.17 69.12
38.53 69.34
37.94 69.27
-1.00 -1.00
5 0
0 
 3
137.89 65.03
137.72 63.94
137.80 62.04
137.72 60.72
137.78 59.48
137.87 58.22
137.70 57.60
-1.00 -1.00
5 0
0 
 3
140.86 64.08
140.64 61.65
140.77 60.06
141.03 58.53
140.51 57.36
140.27 57.40
140.11 57.62
140.77 58.13
139.26 57.31
140.95 57.91
140.55 58.13
140.40 57.62
139.98 58.82
140.51 57.45
139.91 60.08
141.19 57.43
140.77 59.24
141.39 58.09
-1.00 -1.00
5 0
0 
 3
142.44 61.78
142.38 59.75
142.16 58.86
142.46 58.02
142.57 59.66
142.84 60.19
143.03 57.49
144.09 59.88
144.16 58.31
144.57 58.91
145.32 59.04
146.95 59.55
148.70 59.94
150.53 60.65
151.60 60.36
153.49 60.96
155.65 61.29
157.21 61.73
158.61 62.15
160.48 63.04
161.21 62.77
162.24 62.99
162.50 64.14
162.83 66.02
162.68 66.93
-1.00 -1.00
5 0
0 
 3
160.59 62.73
160.66 63.50
160.90 64.39
160.66 63.81
159.98 61.47
160.04 63.59
159.36 63.39
158.99 62.02
159.45 64.06
158.48 62.11
158.68 63.55
158.22 63.28
-1.00 -1.00
5 0
0 
 3
156.28 62.88
156.02 61.65
-1.00 -1.00
5 0
0 
 3
155.98 63.46
156.53 62.18
156.42 61.07
-1.00 -1.00
5 0
0 
 3
154.46 62.02
154.79 60.85
-1.00 -1.00
5 0
0 
 3
154.75 63.04
154.70 61.71
-1.00 -1.00
5 0
0 
 3
150.13 61.07
150.81 59.64
150.83 60.28
151.98 62.29
151.41 61.87
150.44 60.25
150.48 59.59
151.23 62.31
150.88 62.49
151.01 60.10
-1.00 -1.00
5 0
0 
 3
105.04 69.73
104.38 68.74
103.99 67.55
103.90 66.77
103.92 66.02
103.97 65.40
105.46 65.05
107.20 64.76
109.42 63.99
110.40 63.72
110.87 63.70
110.84 64.32
110.49 65.58
110.47 66.57
110.56 67.79
110.69 68.52
110.38 68.76
109.04 69.07
107.53 69.36
106.58 69.51
105.57 69.67
104.91 69.73
-1.00 -1.00
5 0
0 
 3
109.57 66.60
108.23 66.99
107.20 67.13
106.19 67.30
104.93 67.48
104.45 67.57
-1.00 -1.00
5 0
0 
 3
103.26 65.40
102.19 65.51
100.43 65.51
98.58 65.18
96.74 64.63
95.07 63.99
93.90 63.24
93.38 62.51
93.22 61.71
93.55 60.83
94.89 60.28
96.91 59.77
101.61 59.61
102.27 59.61
102.87 59.64
103.04 60.21
103.35 61.18
104.32 62.22
105.22 62.69
106.58 62.97
107.79 63.17
108.95 63.24
109.75 63.30
110.60 63.66
110.89 63.75
109.72 63.64
108.65 63.70
107.28 64.03
105.72 64.19
104.54 64.43
103.15 64.76
103.68 64.65
104.80 63.88
104.82 63.46
103.39 63.24
102.19 64.28
102.19 64.96
103.66 65.23
102.63 64.87
101.75 64.17
102.52 63.06
101.48 62.93
100.08 63.37
99.07 64.19
99.84 64.89
101.53 64.54
102.19 64.67
-1.00 -1.00
5 0
0 
 3
121.52 66.84
121.33 65.78
121.24 64.72
121.22 63.86
121.30 63.10
122.51 62.71
123.76 62.20
125.19 61.01
126.12 59.86
126.22 59.19
125.92 58.77
124.42 58.35
122.40 58.57
120.31 58.53
117.57 58.38
114.75 58.18
112.71 57.96
110.73 57.91
108.73 57.91
107.68 57.98
105.88 58.22
104.52 58.55
103.88 59.37
103.64 60.01
103.57 61.09
103.88 62.04
104.85 62.66
106.10 63.04
108.14 63.30
109.57 63.28
111.33 63.48
112.25 63.57
111.55 63.46
110.54 62.82
110.73 62.13
112.29 61.71
113.63 61.69
113.83 62.22
112.51 63.35
111.00 63.44
111.68 63.26
113.19 62.91
114.10 61.69
115.57 60.90
116.75 61.25
116.67 62.60
114.91 63.17
113.59 63.02
113.17 62.77
113.94 63.30
114.84 64.21
114.78 65.49
114.47 66.60
114.67 67.46
115.02 68.39
115.35 68.56
116.53 68.34
117.48 67.79
118.73 67.50
120.05 67.44
120.82 67.41
121.28 67.39
-1.00 -1.00
5 0
0 
 3
121.68 65.05
121.13 65.14
119.24 65.31
117.77 65.62
116.23 65.82
114.49 66.00
114.21 66.11
-1.00 -1.00
5 0
0 
 3
120.93 64.01
120.89 63.48
120.31 62.60
119.28 62.49
118.07 62.57
116.73 62.60
115.72 62.80
115.08 63.30
114.45 63.90
114.12 64.39
-1.00 -1.00
5 0
0 
 3
127.39 97.29
127.59 96.94
127.89 95.83
128.36 94.31
128.91 93.23
129.59 92.19
130.33 91.30
130.93 90.33
131.06 88.94
130.88 87.97
130.77 87.17
130.95 86.09
131.61 84.41
131.65 82.88
132.47 81.47
132.95 79.81
133.21 78.40
133.63 76.70
133.59 75.50
133.72 73.98
134.20 72.98
133.98 71.26
133.30 70.22
132.69 69.45
132.16 68.92
131.13 68.63
128.99 68.45
127.13 68.28
125.54 67.88
121.96 67.22
120.62 67.04
119.70 67.08
118.60 67.37
117.59 67.75
116.34 68.36
115.13 68.81
113.74 69.23
112.47 69.36
111.94 69.20
110.71 69.01
109.53 68.98
108.25 69.14
107.35 69.36
105.59 69.67
104.08 69.87
102.65 70.09
101.46 70.40
100.32 70.69
98.80 71.17
98.56 72.54
99.86 74.33
101.29 74.95
103.24 75.55
104.45 75.44
105.22 75.11
106.03 75.44
107.59 76.56
109.22 76.52
110.60 76.10
110.93 75.94
110.16 77.56
110.47 78.49
110.87 79.06
111.77 80.21
112.87 81.31
113.52 82.66
113.85 83.94
113.72 85.38
113.61 86.75
113.83 88.34
114.32 89.78
114.95 90.86
115.39 91.57
115.88 92.61
116.23 93.82
116.62 94.84
117.13 95.55
117.90 96.52
118.58 97.43
119.24 97.87
119.65 97.96
121.08 97.67
122.97 97.65
124.82 97.51
126.03 97.51
126.97 97.60
127.28 97.62
-1.00 -1.00
5 0
0 
 3
126.27 87.90
125.85 87.44
125.21 86.35
124.56 85.12
123.87 84.14
123.28 83.19
122.93 82.22
122.82 81.27
124.01 80.45
125.46 79.79
126.91 79.04
127.96 78.44
128.80 77.80
129.30 77.40
129.92 78.15
131.15 79.99
131.32 80.30
131.34 80.52
-1.00 -1.00
5 0
0 
 3
128.77 77.25
128.44 77.07
127.96 76.59
127.52 76.65
127.30 76.87
127.24 76.30
126.84 75.55
125.72 74.71
124.45 74.22
123.04 73.85
122.31 73.76
123.06 73.60
123.54 73.20
123.35 72.52
122.75 72.34
122.05 73.03
121.92 73.27
121.90 72.87
121.61 72.08
120.89 71.59
120.27 71.55
119.63 71.94
119.26 72.96
119.26 73.89
119.11 73.27
118.20 72.03
117.26 71.50
116.34 71.41
115.81 71.68
115.48 72.65
116.07 74.09
116.89 74.77
116.62 74.71
116.07 74.64
115.50 74.15
115.08 73.38
114.43 73.29
113.61 73.51
113.06 74.51
113.35 75.70
113.94 76.89
115.11 77.87
116.36 78.31
117.15 77.89
118.03 77.58
119.13 77.85
120.60 78.62
121.33 79.08
122.56 80.14
122.86 80.50
123.06 80.74
-1.00 -1.00
5 0
0 
 3
110.47 78.24
110.84 78.31
112.69 78.22
113.90 77.78
-1.00 -1.00
5 0
0 
 3
121.00 79.55
118.89 80.19
116.95 80.41
115.48 80.50
113.70 80.56
112.47 80.52
-1.00 -1.00
5 0
0 
 3
113.81 82.99
116.62 82.91
121.54 82.33
122.82 81.93
-1.00 -1.00
5 0
0 
 3
123.24 84.92
120.75 85.67
117.59 85.76
115.74 85.85
114.95 85.76
114.18 85.58
-1.00 -1.00
5 0
0 
 3
114.25 88.83
116.03 89.03
118.75 88.83
121.28 88.23
122.82 87.72
123.72 87.35
124.38 86.93
125.06 86.73
-1.00 -1.00
5 0
0 
 3
130.42 87.66
129.30 88.43
127.48 89.29
124.71 90.02
121.02 90.40
118.67 90.57
117.59 90.64
-1.00 -1.00
5 0
0 
 3
117.41 93.16
119.57 92.89
123.54 92.81
127.68 92.30
-1.00 -1.00
5 0
0 
 3
126.47 94.71
124.16 94.57
121.81 95.15
120.16 95.59
118.58 95.52
-1.00 -1.00
5 0
0 
 3
119.24 95.30
118.01 94.46
116.60 92.92
115.55 91.55
114.49 89.98
113.96 88.96
113.61 88.19
113.22 87.24
-1.00 -1.00
5 0
0 
 3
125.94 86.33
127.02 85.87
128.47 84.76
129.65 83.35
131.04 82.77
131.78 82.60
-1.00 -1.00
5 0
0 
 3
130.20 79.81
129.13 80.65
127.61 81.71
126.75 83.17
125.59 84.48
-1.00 -1.00
5 0
0 
 3
129.96 78.40
130.64 78.31
132.60 78.18
-1.00 -1.00
5 0
0 
 3
129.15 76.85
130.88 76.45
131.83 76.78
-1.00 -1.00
5 0
0 
 3
109.50 90.02
109.66 90.66
110.47 91.30
111.33 91.17
112.14 90.35
112.76 89.18
113.17 87.94
113.41 86.40
113.06 84.61
112.67 83.13
111.88 82.22
110.67 81.56
109.44 81.16
107.99 81.20
106.84 81.67
106.38 82.88
106.25 84.94
106.19 86.42
106.30 87.44
106.36 88.39
105.99 88.12
105.17 87.79
103.83 88.12
102.82 88.56
101.99 89.34
101.59 90.42
101.77 91.35
102.16 92.41
102.47 93.29
103.07 94.11
103.75 94.31
104.36 93.96
104.21 93.16
104.10 91.83
104.08 90.97
104.05 90.80
103.99 92.43
104.43 93.45
105.17 94.04
106.23 94.33
106.71 94.24
106.78 94.04
106.69 93.54
106.14 92.17
106.01 90.97
106.03 90.73
106.43 92.81
106.89 93.73
107.55 94.29
108.38 94.33
108.76 93.80
108.56 92.89
108.25 91.88
107.75 90.82
108.87 92.98
109.42 92.89
110.12 92.54
110.40 91.79
110.18 90.91
109.72 89.98
109.99 90.29
-1.00 -1.00
5 0
0 
 3
115.55 96.76
114.23 96.50
113.28 96.67
112.07 97.12
111.52 97.58
111.26 97.47
109.94 96.43
109.20 96.32
108.54 96.43
108.25 96.85
108.27 97.18
107.83 97.01
107.26 96.83
106.47 97.34
106.30 97.82
106.16 97.58
105.72 97.14
105.24 97.05
104.56 97.09
104.01 97.49
103.53 97.78
103.22 97.96
102.98 98.18
102.54 98.20
101.94 98.09
101.31 97.71
100.98 97.31
100.74 96.67
100.58 95.72
100.60 95.02
100.76 94.31
100.91 93.91
101.29 93.43
-1.00 -1.00
5 0
0 
 3
111.35 91.88
111.52 91.59
111.94 91.15
112.58 91.19
113.55 91.75
114.49 92.74
115.08 93.80
115.33 94.75
115.37 95.22
115.00 95.28
114.69 95.39
-1.00 -1.00
5 0
0 
 3
110.54 69.09
110.05 68.92
109.57 69.14
109.68 69.85
110.16 70.82
109.92 71.92
109.92 72.78
110.36 73.47
110.54 74.00
111.44 74.64
113.06 74.84
-1.00 -1.00
5 0
0 
 3
101.22 72.19
101.51 72.21
101.86 72.21
103.50 73.34
104.25 74.11
105.50 73.34
107.17 73.18
108.71 73.45
109.33 74.95
110.60 74.86
110.89 74.64
-1.00 -1.00
5 0
0 
 3
111.83 73.31
109.96 72.30
108.69 72.45
107.02 72.08
105.31 72.56
104.60 71.72
104.58 70.84
104.91 70.27
-1.00 -1.00
5 0
0 
 3
132.69 72.17
131.70 72.12
130.62 71.41
128.97 70.62
127.52 70.64
126.38 70.77
123.92 70.02
122.31 69.96
-1.00 -1.00
5 0
0 
 3
130.86 73.27
130.05 73.31
128.36 73.27
126.47 72.94
-1.00 -1.00
5 0
0 
 3
158.94 73.34
158.31 73.29
156.77 72.61
155.47 71.94
154.28 71.61
152.99 71.44
151.91 71.06
150.59 70.51
150.09 70.33
149.52 70.11
148.59 69.87
147.78 69.60
147.56 69.56
145.96 69.93
144.86 70.33
144.26 70.69
143.63 70.82
142.92 71.22
142.05 71.64
140.75 71.30
139.28 71.61
138.55 71.68
138.13 71.79
137.67 71.92
137.54 72.21
137.65 73.40
138.35 74.57
139.06 75.57
139.43 76.81
140.05 78.38
140.66 79.66
140.99 80.70
140.51 79.79
139.89 78.46
139.80 79.15
139.63 81.14
139.74 82.42
139.94 85.45
140.33 87.28
140.62 88.48
140.09 87.75
139.76 87.61
139.47 88.08
139.39 89.09
139.72 90.46
140.27 91.81
140.35 92.19
140.35 92.50
140.82 92.56
144.99 91.44
146.55 91.13
147.69 91.17
148.31 91.52
149.25 92.03
150.57 92.03
152.92 91.59
154.50 91.41
155.38 91.39
156.42 91.61
157.23 91.90
156.92 92.14
155.93 92.36
154.86 92.39
153.63 92.72
152.40 92.78
151.54 93.16
150.20 93.16
149.14 93.43
148.26 93.78
147.74 93.82
147.32 93.58
147.12 93.45
146.90 93.65
145.50 93.03
143.96 92.92
142.53 93.01
141.43 92.87
140.71 92.92
140.20 93.01
-1.00 -1.00
5 0
0 
 3
147.91 91.39
147.34 90.22
147.45 89.18
147.98 88.61
148.00 88.14
148.18 86.84
148.00 85.07
148.15 84.14
148.55 83.61
148.84 82.46
148.75 81.12
148.92 79.83
149.54 79.44
149.76 78.86
150.02 77.96
149.60 76.70
148.95 75.70
148.40 74.95
147.12 73.01
146.81 71.83
146.57 70.64
146.70 70.02
146.84 69.31
-1.00 -1.00
5 0
0 
 3
158.70 74.15
158.83 74.33
158.83 75.41
158.31 76.19
157.51 77.45
156.59 78.73
156.24 80.03
156.09 81.49
156.13 83.19
155.87 87.68
156.13 89.98
156.33 91.48
156.44 92.08
-1.00 -1.00
5 0
0 
 3
156.55 79.57
155.63 79.13
154.35 78.80
153.30 78.75
151.93 78.84
-1.00 -1.00
5 0
0 
 3
157.43 76.63
156.24 76.14
154.42 75.52
152.83 74.55
151.58 73.91
150.51 73.78
149.30 73.56
148.31 73.12
-1.00 -1.00
5 0
0 
 3
149.03 74.66
147.89 74.27
146.51 74.33
143.94 74.49
142.31 74.40
141.25 74.07
-1.00 -1.00
5 0
0 
 3
126.53 97.49
126.51 97.76
126.53 98.82
126.62 100.25
126.60 101.12
127.02 101.07
128.93 100.81
130.99 101.01
133.32 101.47
135.45 102.02
137.70 103.02
139.58 104.12
141.78 105.47
143.08 106.75
144.57 109.14
145.58 111.64
146.22 115.52
146.33 119.92
145.96 123.41
145.12 126.69
144.02 129.76
142.79 131.99
141.25 134.09
139.08 136.28
137.37 137.80
135.72 139.08
134.27 139.92
132.60 140.74
131.13 141.25
129.63 141.54
128.07 141.65
127.08 141.43
126.27 141.07
123.21 139.50
121.90 138.77
120.27 138.09
118.80 137.67
117.48 137.36
116.14 137.03
115.33 136.50
114.47 135.52
114.27 134.38
114.27 133.16
114.40 131.79
114.45 130.75
114.43 129.47
114.18 127.68
113.72 126.29
113.13 124.96
112.43 124.06
111.52 123.17
110.58 122.49
109.66 122.11
108.84 122.02
106.98 122.24
106.10 121.98
105.64 121.54
105.28 120.78
105.09 119.81
104.98 118.91
104.91 118.18
105.02 117.87
105.79 117.89
107.13 117.96
107.92 117.89
108.40 117.76
108.71 117.62
108.54 116.72
108.03 115.77
107.79 114.62
107.70 113.05
107.86 111.72
108.43 109.73
109.24 108.01
109.96 106.69
111.15 105.40
112.76 104.54
115.02 103.70
116.73 102.93
117.92 102.42
119.24 102.04
120.34 101.93
121.54 101.87
122.01 101.78
121.76 99.83
121.59 99.08
121.35 98.53
-1.00 -1.00
5 0
0 
 3
104.43 127.24
104.58 127.75
104.82 128.32
105.46 129.89
106.36 131.28
107.50 132.59
109.06 133.82
110.93 135.04
112.98 135.77
115.08 136.23
118.23 136.50
121.08 136.94
123.65 137.71
127.30 139.94
129.41 140.81
-1.00 -1.00
5 0
0 
 3
131.02 140.74
129.06 140.17
126.47 140.28
122.75 140.70
119.98 141.38
117.24 141.98
115.19 142.00
112.87 141.69
110.05 140.90
107.83 139.66
106.34 138.20
104.95 136.74
103.70 135.10
103.48 134.09
-1.00 -1.00
5 0
0 
 3
122.91 141.45
123.32 141.80
124.56 142.71
127.19 143.99
129.67 144.59
131.45 144.52
133.26 143.99
134.40 143.30
135.52 142.09
136.55 140.54
137.50 138.82
138.57 136.61
139.19 133.56
139.47 130.86
139.72 127.99
139.65 124.61
139.12 120.85
-1.00 -1.00
5 0
0 
 3
117.37 133.56
118.20 134.02
119.37 134.40
121.00 134.95
122.93 135.66
125.74 136.19
128.29 136.08
130.80 135.30
132.29 134.44
-1.00 -1.00
5 0
0 
 3
125.43 132.39
126.38 132.92
128.75 133.56
131.87 133.31
135.19 131.66
138.40 128.30
139.58 124.74
-1.00 -1.00
5 0
0 
 3
121.50 129.05
123.06 130.07
126.75 131.08
131.98 131.06
135.26 128.65
137.96 124.21
138.66 119.52
137.12 116.30
-1.00 -1.00
5 0
0 
 3
129.24 130.15
131.37 131.37
134.18 129.34
135.21 123.92
134.38 117.82
132.58 113.56
130.99 112.39
-1.00 -1.00
5 0
0 
 3
122.58 125.73
123.87 126.44
127.02 126.51
130.00 125.78
132.69 124.19
134.42 121.67
134.73 119.41
-1.00 -1.00
5 0
0 
 3
128.84 111.04
131.45 111.26
136.40 113.27
139.32 116.78
140.66 121.87
139.63 127.83
136.86 133.05
133.39 135.75
-1.00 -1.00
5 0
0 
 3
127.89 109.54
130.33 108.08
135.32 109.27
140.71 114.11
142.60 121.43
140.49 129.58
136.33 136.12
-1.00 -1.00
5 0
0 
 3
127.19 106.18
129.37 105.27
132.77 105.98
138.35 109.69
141.45 116.21
141.91 125.12
140.20 132.19
136.38 137.23
132.42 139.48
-1.00 -1.00
5 0
0 
 3
127.70 104.28
130.62 104.19
134.55 105.43
139.89 107.88
143.08 111.66
143.87 117.20
143.39 123.39
141.87 130.22
138.79 136.76
134.05 140.17
128.53 141.20
-1.00 -1.00
5 0
0 
 3
124.88 121.60
125.32 121.98
126.58 122.77
127.63 123.22
128.77 123.11
129.50 122.49
129.98 121.54
130.25 120.45
130.42 119.19
130.33 118.22
130.00 117.31
129.52 116.81
128.36 116.17
127.32 115.97
126.27 116.01
125.74 116.23
124.75 116.70
-1.00 -1.00
5 0
0 
 3
114.69 121.27
114.82 121.01
115.19 120.32
115.41 119.70
115.52 119.13
115.55 118.75
115.48 118.29
115.39 118.00
-1.00 -1.00
5 0
0 
 3
112.07 121.03
112.03 120.52
112.05 119.83
112.05 119.26
112.07 119.02
112.18 118.80
112.40 118.64
112.69 118.86
112.73 119.39
112.65 120.10
112.43 120.76
112.27 120.98
112.10 120.92
112.05 120.25
112.32 119.33
112.51 118.71
112.62 118.55
112.87 119.50
112.58 120.63
112.32 120.74
112.23 119.66
112.58 118.88
112.65 120.45
112.51 121.20
112.71 119.61
112.69 120.06
112.29 121.07
112.40 119.41
112.10 120.56
112.07 119.22
112.05 120.78
112.40 119.24
112.34 120.74
112.49 119.88
112.43 120.06
112.34 120.36
112.80 119.06
112.36 120.83
112.40 119.94
112.51 119.24
112.10 120.70
112.56 119.15
112.60 119.75
-1.00 -1.00
5 0
0 
 3
86.74 79.59
88.26 79.22
90.85 78.66
93.86 78.31
97.66 78.00
105.33 77.93
107.72 77.87
108.69 77.73
109.99 77.43
-1.00 -1.00
5 0
0 
 -1
