gremlinfile
0 28.00 48.00
3
30.95 67.66
42.05 69.26
42.94 69.26
-1.00 -1.00
5 0
0 
 3
92.17 68.56
92.26 68.58
98.46 68.58
100.07 68.63
-1.00 -1.00
5 0
0 
 3
97.17 68.02
94.73 67.66
100.57 67.12
-1.00 -1.00
5 0
0 
 3
34.73 59.42
35.61 60.01
36.12 60.26
38.12 61.04
39.16 61.04
39.63 60.81
40.13 62.03
41.88 63.54
43.64 64.73
45.83 65.34
48.12 65.43
49.67 65.01
50.31 63.81
50.35 63.24
49.12 63.85
47.41 64.35
45.49 64.20
44.48 63.89
44.10 64.00
-1.00 -1.00
5 0
0 
 3
40.35 62.67
39.85 63.15
38.55 62.93
-1.00 -1.00
5 0
0 
 3
44.95 60.96
46.02 60.52
46.31 60.85
47.72 62.07
50.00 62.56
52.07 62.71
52.89 63.17
51.57 62.14
50.24 61.27
49.40 60.01
49.98 60.41
52.05 61.20
53.66 61.24
54.65 61.75
55.73 60.85
58.05 60.70
60.26 61.35
60.35 62.14
61.47 62.91
62.07 62.54
63.66 62.29
65.80 62.51
66.84 62.34
67.38 62.18
69.00 62.07
70.25 62.07
70.72 62.08
70.96 62.14
70.70 63.04
69.70 63.96
68.78 65.21
68.13 66.17
67.38 66.74
67.14 67.80
66.13 68.61
65.64 68.91
65.35 70.25
64.69 70.64
64.30 71.30
64.34 71.81
62.93 71.76
61.43 72.31
60.48 72.90
59.00 72.62
56.84 73.98
54.28 75.47
51.72 76.67
49.20 76.80
47.37 76.28
47.41 75.40
49.47 74.19
51.67 73.52
52.95 72.81
55.98 71.80
58.56 71.17
60.92 70.54
62.36 70.60
62.44 70.43
63.66 70.29
64.34 70.01
65.49 70.19
-1.00 -1.00
5 0
0 
 3
47.68 75.58
47.26 75.42
46.98 74.74
46.97 72.64
47.37 70.38
47.90 68.17
47.77 66.85
47.00 65.65
45.89 64.86
-1.00 -1.00
5 0
0 
 3
49.65 72.88
50.62 72.73
51.63 71.91
53.04 71.11
55.80 70.32
58.47 69.50
61.21 68.69
64.45 67.69
65.80 67.09
64.80 67.49
61.83 68.34
59.05 68.89
56.04 69.26
52.87 69.79
50.61 70.60
49.84 71.76
53.26 70.58
55.14 70.18
-1.00 -1.00
5 0
0 
 3
49.78 69.04
50.35 68.76
52.16 68.23
54.14 67.68
56.75 67.34
59.20 66.99
61.93 67.25
60.97 67.95
58.43 67.95
55.27 67.62
52.51 68.02
55.67 67.68
58.16 67.22
61.93 66.81
65.25 66.31
66.64 65.98
62.69 66.76
58.80 66.70
56.04 66.15
53.02 65.87
49.75 66.48
50.20 66.77
52.75 65.65
54.72 65.17
56.82 65.36
59.13 64.62
63.21 64.22
66.46 62.87
65.80 63.59
61.49 64.70
57.55 64.33
55.34 64.42
53.46 64.84
53.22 64.92
56.13 64.25
58.47 64.11
57.50 63.15
54.65 63.30
54.35 63.19
-1.00 -1.00
5 0
0 
 3
71.34 61.35
72.53 61.13
74.75 60.61
78.11 60.43
79.63 60.56
80.18 60.30
83.25 59.99
87.73 60.23
90.20 60.91
90.12 62.07
87.62 62.80
84.25 63.24
81.53 63.28
80.07 63.15
79.15 63.13
77.38 63.39
75.59 63.06
72.93 62.08
70.25 61.05
73.37 62.29
78.38 64.13
81.46 65.60
83.21 66.33
83.12 66.74
82.68 68.06
82.08 69.09
81.35 69.88
79.90 71.39
79.37 72.48
78.95 73.52
-1.00 -1.00
5 0
0 
 3
90.78 62.14
91.40 62.05
93.86 62.29
93.87 63.78
91.40 64.97
87.95 65.30
86.50 65.34
85.79 67.03
84.78 68.93
83.27 70.29
82.01 71.83
80.96 74.15
79.63 74.06
77.31 73.14
75.29 72.38
72.37 71.76
70.74 71.89
69.59 71.80
67.12 72.27
64.45 72.46
62.29 72.14
61.32 72.27
-1.00 -1.00
5 0
0 
 3
86.10 65.16
85.06 64.62
84.49 64.57
83.71 64.62
82.74 64.59
82.15 64.36
82.01 64.25
-1.00 -1.00
5 0
0 
 3
64.76 95.91
66.84 95.85
68.78 96.04
70.10 95.94
71.23 95.78
72.97 95.43
74.12 93.99
74.78 91.38
74.45 90.59
74.11 90.39
75.48 88.31
76.98 86.21
77.65 85.61
78.73 84.28
79.88 83.35
81.00 80.13
81.62 78.80
81.88 74.70
81.64 74.00
80.19 73.87
79.65 73.87
78.75 73.76
-1.00 -1.00
5 0
0 
 3
79.01 78.36
78.53 80.22
78.35 81.06
77.60 80.73
77.16 81.64
76.63 84.15
76.43 85.83
-1.00 -1.00
5 0
0 
 3
64.50 95.74
64.05 95.32
63.52 94.79
63.86 93.44
65.46 92.87
66.63 92.80
67.92 92.54
68.58 92.27
69.72 91.38
71.27 90.15
72.62 89.86
73.52 90.50
-1.00 -1.00
5 0
0 
 3
64.71 93.02
64.67 92.01
64.38 90.46
63.59 88.39
63.04 86.16
62.99 84.82
62.44 83.20
61.30 81.06
60.35 78.14
60.24 75.75
60.77 73.73
60.96 72.51
61.16 72.18
-1.00 -1.00
5 0
0 
 3
62.47 81.69
62.58 80.48
62.84 78.80
62.93 77.24
63.06 75.82
64.54 74.50
66.37 74.15
67.39 74.37
68.58 75.22
69.55 76.60
69.83 79.61
69.57 82.59
69.04 83.92
68.40 84.27
67.61 83.49
67.14 81.97
66.64 80.35
66.39 81.29
66.86 82.94
67.34 83.75
66.94 80.95
66.28 80.00
64.96 78.38
65.33 80.07
66.11 83.44
-1.00 -1.00
5 0
0 
 3
66.46 81.14
66.90 80.44
66.41 83.35
66.31 86.36
66.42 86.66
66.17 83.33
67.03 82.00
67.43 84.03
67.08 81.65
66.75 83.11
68.07 83.73
67.41 83.11
67.12 81.10
-1.00 -1.00
5 0
0 
 3
71.97 95.32
72.04 93.30
72.79 90.68
73.52 90.52
73.19 93.87
72.26 93.44
73.30 90.26
73.37 92.36
72.22 93.99
73.83 91.55
73.21 94.66
72.64 93.13
73.65 91.29
72.53 94.64
73.45 91.11
72.11 94.64
73.14 90.78
72.08 94.90
-1.00 -1.00
5 0
0 
 3
72.79 91.22
72.42 93.22
-1.00 -1.00
5 0
0 
 3
72.73 94.42
73.98 91.64
74.38 92.17
73.81 94.36
74.73 91.51
72.92 94.05
73.90 91.16
72.61 94.18
74.32 91.71
72.48 92.27
72.44 95.14
72.84 91.97
-1.00 -1.00
5 0
0 
 3
70.41 96.09
70.21 96.28
69.66 97.60
69.70 98.57
71.25 98.91
72.92 98.67
74.27 98.78
74.98 98.74
76.46 98.83
77.73 99.33
79.23 100.47
79.79 101.35
79.32 101.83
78.48 102.33
78.33 102.44
79.10 102.88
80.49 103.15
81.64 102.90
82.77 102.79
83.76 103.32
84.95 105.09
85.30 106.94
85.19 109.68
84.53 111.49
84.68 111.36
86.56 110.90
87.29 112.06
86.98 114.13
85.22 114.93
82.83 115.18
80.93 117.48
80.83 120.26
81.44 123.86
80.78 125.23
78.75 125.91
77.63 125.94
-1.00 -1.00
5 0
0 
 3
77.42 125.69
77.76 125.63
79.24 125.26
81.16 124.54
82.68 122.76
83.32 121.07
83.50 120.22
-1.00 -1.00
5 0
0 
 3
80.87 127.29
80.93 127.36
82.68 127.12
84.77 125.59
85.39 123.75
85.46 122.63
-1.00 -1.00
5 0
0 
 3
52.36 111.73
54.50 113.33
57.41 115.20
61.32 118.02
65.60 120.70
70.78 123.59
75.81 125.98
79.46 127.38
80.94 127.80
80.60 128.81
78.49 130.89
76.03 131.07
70.50 128.44
63.88 124.71
57.66 121.09
51.63 117.19
50.35 115.73
50.44 113.71
51.06 111.96
51.90 111.36
-1.00 -1.00
5 0
0 
 3
51.96 118.05
51.87 119.28
51.34 121.12
51.54 125.08
52.09 126.88
54.39 128.37
55.96 128.28
56.93 128.72
57.45 129.22
58.56 129.51
60.19 130.12
62.02 131.15
62.66 132.14
63.66 132.99
64.58 133.56
65.00 133.80
65.93 134.35
67.78 134.59
69.46 134.86
71.47 135.08
72.53 134.24
73.34 133.35
74.14 132.62
74.85 131.72
75.53 130.72
75.97 130.58
-1.00 -1.00
5 0
0 
 3
72.00 119.76
70.92 120.85
69.66 121.64
67.63 121.84
64.71 120.72
61.54 118.13
59.35 115.11
58.41 111.85
58.41 108.10
59.29 105.10
61.05 104.06
62.22 104.00
-1.00 -1.00
5 0
0 
 3
69.13 105.10
67.27 104.86
64.12 105.07
62.24 106.94
61.21 109.98
60.90 112.83
61.43 115.46
-1.00 -1.00
5 0
0 
 3
60.55 113.56
60.99 111.08
61.83 109.55
62.99 108.21
64.08 107.18
64.34 107.02
-1.00 -1.00
5 0
0 
 3
68.97 118.29
66.08 118.86
63.24 117.96
61.10 115.99
-1.00 -1.00
5 0
0 
 3
69.35 115.15
67.69 116.73
66.00 117.08
63.68 115.66
63.08 113.36
64.10 111.17
65.91 110.60
67.39 111.03
-1.00 -1.00
5 0
0 
 3
56.15 112.99
56.46 109.17
57.96 105.95
59.27 104.15
61.41 102.40
62.49 102.14
63.99 102.01
65.31 102.20
-1.00 -1.00
5 0
0 
 3
54.59 110.93
54.76 107.64
56.35 103.83
58.62 101.72
60.35 101.65
-1.00 -1.00
5 0
0 
 3
52.76 108.76
53.48 104.37
54.72 101.24
56.81 100.82
57.92 100.86
-1.00 -1.00
5 0
0 
 3
78.57 115.68
76.63 114.30
75.73 112.81
-1.00 -1.00
5 0
0 
 3
80.25 113.82
79.48 112.83
78.86 111.80
78.66 111.10
79.01 111.03
79.48 111.63
80.34 113.07
80.71 113.55
80.49 113.97
80.08 113.71
79.37 112.46
79.04 111.50
80.30 113.25
80.23 113.75
78.91 111.58
80.10 113.20
79.04 112.15
78.71 111.38
80.29 113.88
79.88 112.41
78.97 111.54
80.29 113.86
79.46 112.68
-1.00 -1.00
5 0
0 
 3
66.00 95.98
65.99 96.50
65.93 98.48
65.93 99.29
64.96 99.37
63.19 99.44
61.43 100.14
59.60 101.06
57.06 102.75
55.27 105.62
53.35 108.01
52.76 110.35
52.71 112.13
-1.00 -1.00
5 0
0 
 3
32.06 88.04
33.38 88.31
37.38 88.73
42.32 88.77
46.91 88.84
49.86 88.50
51.94 87.93
-1.00 -1.00
5 0
0 
 3
50.51 88.29
54.12 89.12
57.37 89.84
62.00 90.39
63.66 90.30
64.07 90.17
-1.00 -1.00
5 0
0 
 3
74.62 93.28
76.57 93.79
83.34 95.50
90.34 97.07
97.51 97.27
106.67 97.40
108.17 97.36
110.00 97.16
113.62 97.49
-1.00 -1.00
5 0
0 
 3
143.36 95.48
145.15 95.72
149.54 95.69
154.68 94.36
156.40 93.35
158.89 92.73
161.56 92.69
164.98 92.60
168.76 93.08
-1.00 -1.00
5 0
0 
 3
88.15 97.91
89.28 97.31
-1.00 -1.00
5 0
0 
 3
88.53 97.47
89.74 96.96
-1.00 -1.00
5 0
0 
 3
89.48 102.57
89.92 100.19
91.39 99.38
-1.00 -1.00
5 0
0 
 3
90.34 100.84
89.96 99.11
90.95 96.68
-1.00 -1.00
5 0
0 
 3
92.06 103.63
92.03 103.50
91.81 100.84
92.52 99.92
-1.00 -1.00
5 0
0 
 3
92.10 100.10
91.64 97.38
91.97 96.90
-1.00 -1.00
5 0
0 
 3
94.04 103.41
93.87 103.26
93.73 99.13
94.86 97.43
-1.00 -1.00
5 0
0 
 3
95.26 101.09
94.86 99.88
95.01 97.16
-1.00 -1.00
5 0
0 
 3
97.53 106.78
96.25 104.74
95.37 102.46
95.28 101.94
-1.00 -1.00
5 0
0 
 3
98.35 106.56
97.44 104.52
97.33 101.19
97.71 100.27
-1.00 -1.00
5 0
0 
 3
98.88 102.90
97.29 101.04
97.13 98.43
97.95 96.79
-1.00 -1.00
5 0
0 
 3
95.70 98.76
96.21 98.23
97.82 96.68
-1.00 -1.00
5 0
0 
 3
99.05 99.81
98.23 98.70
97.99 97.08
-1.00 -1.00
5 0
0 
 3
100.18 102.01
100.46 101.43
-1.00 -1.00
5 0
0 
 3
100.27 103.36
99.71 102.49
99.93 99.53
-1.00 -1.00
5 0
0 
 3
102.16 106.13
102.27 102.97
100.73 100.38
99.87 97.73
-1.00 -1.00
5 0
0 
 3
101.52 100.74
100.62 99.20
99.80 97.51
-1.00 -1.00
5 0
0 
 3
103.16 101.94
101.81 99.57
100.40 97.14
-1.00 -1.00
5 0
0 
 3
102.40 98.13
103.75 98.78
-1.00 -1.00
5 0
0 
 3
152.14 58.28
151.90 58.24
151.17 58.28
150.11 58.11
148.61 58.18
146.85 58.26
146.07 58.37
144.42 58.44
143.14 58.52
142.52 58.81
140.95 59.10
139.70 58.88
137.82 58.11
135.92 57.23
134.56 56.46
133.39 55.90
132.61 55.83
132.09 55.83
130.78 56.27
129.72 56.29
128.38 56.33
127.52 56.33
126.85 56.68
125.51 57.03
124.36 57.14
123.08 57.38
122.79 57.47
120.85 57.98
120.61 58.09
118.96 58.79
117.65 59.07
116.40 59.27
114.90 59.60
114.54 59.82
114.19 60.24
113.24 61.16
112.31 62.03
111.63 62.76
111.17 63.32
109.77 64.00
107.83 64.57
107.33 64.66
106.16 64.86
104.55 65.08
103.29 65.56
102.87 65.85
101.46 67.20
101.54 67.95
101.39 68.94
101.28 69.96
101.24 71.61
101.96 73.21
102.76 74.26
103.95 75.47
105.87 77.09
106.86 77.88
107.44 78.71
108.41 80.57
108.76 81.95
110.00 84.38
110.13 85.07
110.41 86.77
110.88 89.12
111.92 92.28
113.59 98.11
115.34 102.93
116.55 104.52
118.34 106.19
120.02 107.35
121.73 108.34
123.46 108.89
125.44 109.17
127.41 109.30
130.16 109.35
130.69 109.39
132.02 109.15
134.31 109.00
135.75 108.76
136.74 108.41
137.38 108.18
138.00 107.77
139.85 106.30
140.32 105.66
141.27 104.33
141.84 103.41
141.93 102.60
141.84 101.94
142.66 99.84
142.81 98.76
142.46 96.92
142.45 94.64
142.45 91.27
142.32 85.85
142.43 80.02
143.01 77.24
143.96 75.73
145.19 74.55
145.94 74.33
146.76 74.04
147.89 73.84
148.43 73.65
149.05 72.44
149.23 72.24
149.72 70.97
150.33 69.04
150.78 66.83
150.97 64.97
151.74 64.38
152.10 63.19
152.56 61.27
151.61 60.04
150.44 59.47
149.58 59.18
148.43 58.92
147.00 58.79
-1.00 -1.00
5 0
0 
 3
116.71 85.61
116.44 84.95
114.87 83.07
113.73 80.35
113.26 78.55
113.17 77.48
-1.00 -1.00
5 0
0 
 3
115.80 77.13
115.91 77.15
114.56 75.47
113.09 72.59
112.16 69.94
111.91 68.04
-1.00 -1.00
5 0
0 
 3
116.09 69.44
114.98 67.34
114.12 64.90
114.15 64.73
-1.00 -1.00
5 0
0 
 3
122.29 101.57
121.12 100.84
120.48 100.17
119.68 98.87
119.46 97.43
119.57 96.61
120.81 95.52
122.11 95.36
124.40 96.22
124.98 97.43
125.04 99.02
124.51 100.32
123.43 101.35
122.26 101.59
121.65 101.17
-1.00 -1.00
5 0
0 
 3
127.72 99.55
127.67 99.49
127.98 100.29
129.15 101.00
131.00 100.76
132.51 99.60
132.97 98.11
131.91 95.91
130.06 95.02
128.53 95.17
127.16 96.61
126.75 98.26
127.03 99.37
127.58 99.44
128.05 99.16
128.49 98.32
127.27 97.78
127.01 99.37
128.02 99.18
127.60 97.78
127.27 99.02
128.36 98.85
127.50 97.97
127.61 99.09
128.44 98.70
127.67 99.40
128.22 98.37
127.52 99.22
128.47 98.80
127.32 98.26
128.38 98.65
127.71 99.42
127.38 98.35
128.07 98.24
128.00 99.35
127.49 99.20
128.29 98.24
128.55 98.76
-1.00 -1.00
5 0
0 
 3
120.35 99.66
120.50 99.92
120.35 99.60
120.65 98.11
121.94 98.63
121.67 100.08
120.39 98.56
121.51 99.57
120.57 98.76
121.25 99.73
121.87 99.18
120.46 98.41
121.34 99.71
121.84 99.11
120.43 98.70
121.09 99.59
121.89 99.59
121.23 99.29
121.96 99.13
121.60 99.77
-1.00 -1.00
5 0
0 
 3
130.61 101.28
131.45 101.15
132.20 100.86
132.84 100.17
132.99 100.08
-1.00 -1.00
5 0
0 
 3
135.84 70.69
134.82 69.97
134.09 69.09
133.70 68.15
133.74 67.18
134.45 66.22
135.93 66.04
137.42 66.41
138.28 67.18
138.57 68.47
138.04 69.92
137.00 70.62
135.81 70.67
134.75 69.96
134.58 68.61
135.06 68.17
135.75 69.31
134.97 69.70
135.42 68.87
134.64 69.22
135.42 69.62
134.80 68.52
134.60 69.33
135.40 69.79
135.26 68.71
134.29 68.72
135.17 69.77
135.68 69.18
134.45 68.26
134.45 69.24
135.40 69.66
135.40 68.48
134.51 68.59
-1.00 -1.00
5 0
0 
 3
141.18 69.66
140.38 68.93
139.59 67.68
139.57 65.98
140.42 65.01
142.48 64.49
144.09 65.08
144.84 65.96
144.86 67.99
143.60 69.64
142.41 69.86
141.04 69.48
139.92 67.77
140.43 66.83
141.71 67.44
141.33 68.43
140.84 66.94
141.27 68.47
142.06 67.93
140.84 67.12
141.04 68.30
141.70 68.19
141.22 67.07
140.63 66.96
141.42 68.45
141.71 67.47
140.78 66.88
140.71 67.82
141.71 68.41
141.80 67.49
140.84 66.94
140.65 67.29
141.64 68.56
-1.00 -1.00
5 0
0 
 3
152.32 96.11
151.63 96.50
150.27 100.32
-1.00 -1.00
5 0
0 
 3
153.34 97.20
153.34 97.34
153.64 101.90
-1.00 -1.00
5 0
0 
 3
157.95 109.87
156.49 106.39
156.34 103.17
157.42 101.90
-1.00 -1.00
5 0
0 
 3
158.72 104.33
158.10 103.63
156.95 100.40
158.03 97.21
158.83 96.13
-1.00 -1.00
5 0
0 
 3
159.10 98.63
158.50 96.28
158.46 93.11
-1.00 -1.00
5 0
0 
 3
161.21 105.88
159.89 101.83
160.59 98.81
162.23 97.67
-1.00 -1.00
5 0
0 
 3
162.16 101.98
162.07 101.81
161.24 97.73
162.32 95.06
-1.00 -1.00
5 0
0 
 3
165.87 115.85
164.83 112.17
164.55 108.49
165.51 107.31
166.58 108.29
-1.00 -1.00
5 0
0 
 3
167.02 108.89
165.78 106.50
165.47 102.99
166.55 100.73
-1.00 -1.00
5 0
0 
 3
166.13 104.33
164.68 102.55
163.38 98.54
163.80 96.09
-1.00 -1.00
5 0
0 
 3
165.58 99.81
164.72 99.09
162.76 94.45
162.87 92.96
-1.00 -1.00
5 0
0 
 3
166.51 99.40
165.56 97.91
163.27 93.79
163.55 92.41
-1.00 -1.00
5 0
0 
 3
167.50 99.18
166.22 96.72
165.76 93.00
166.18 92.39
-1.00 -1.00
5 0
0 
 3
168.94 107.73
167.83 103.01
167.88 102.66
-1.00 -1.00
5 0
0 
 3
167.85 101.19
166.58 95.63
166.82 95.04
-1.00 -1.00
5 0
0 
 3
168.61 98.06
167.75 94.88
168.01 92.84
-1.00 -1.00
5 0
0 
 3
165.62 94.57
166.13 92.38
-1.00 -1.00
5 0
0 
 3
41.06 91.16
41.37 91.81
41.48 91.99
39.98 90.00
38.57 88.88
39.19 90.19
39.41 92.84
39.45 92.60
38.19 90.00
37.49 88.96
38.10 91.20
38.06 93.87
38.37 94.95
40.53 97.82
-1.00 -1.00
5 0
0 
 3
41.26 93.85
40.36 92.28
-1.00 -1.00
5 0
0 
 3
43.00 93.04
40.79 89.56
-1.00 -1.00
5 0
0 
 3
36.20 88.53
35.99 91.86
37.16 94.71
-1.00 -1.00
5 0
0 
 3
34.95 92.67
35.43 89.07
-1.00 -1.00
5 0
0 
 3
33.25 89.07
32.96 92.23
-1.00 -1.00
5 0
0 
 3
62.11 131.68
63.00 133.50
63.53 135.49
62.84 137.57
61.72 137.97
61.21 136.48
61.34 134.51
61.19 133.50
61.25 135.86
60.35 137.44
59.00 137.36
58.45 135.51
59.37 134.09
58.71 134.77
57.45 135.45
56.81 134.92
57.83 133.76
58.54 133.43
56.38 133.28
55.56 132.36
57.39 131.59
56.44 131.77
55.03 131.33
55.85 129.73
57.59 129.46
59.51 130.03
-1.00 -1.00
5 0
0 
 3
54.10 125.39
55.73 126.49
58.91 127.62
61.41 128.32
63.99 129.82
65.88 131.48
67.87 132.78
69.20 133.13
-1.00 -1.00
5 0
0 
 3
53.77 123.94
55.53 124.43
57.74 124.71
62.20 126.53
66.97 129.68
69.19 131.31
68.58 131.22
66.48 129.47
63.33 127.12
60.01 125.43
57.41 123.86
55.16 121.80
54.12 120.94
-1.00 -1.00
5 0
0 
 3
54.67 117.19
57.77 119.23
60.68 120.55
62.88 121.22
69.35 124.97
72.51 126.44
75.59 127.69
77.95 128.63
-1.00 -1.00
5 0
0 
 -1
