gremlinfile
0 32.00 52.00
3
37.43 56.23
37.54 56.25
40.43 56.58
43.50 56.72
-1.00 -1.00
5 0
0 
 3
37.61 57.53
38.24 57.51
40.87 57.69
42.76 57.65
-1.00 -1.00
5 0
0 
 3
45.91 56.02
44.45 57.04
43.34 58.13
42.63 59.53
41.89 61.67
41.75 63.92
41.96 67.15
42.28 68.68
43.23 70.52
43.99 71.64
45.17 72.15
46.25 72.87
47.55 72.66
49.14 72.12
50.09 71.06
50.81 69.75
51.82 68.17
52.54 66.50
53.44 64.06
53.86 62.08
54.41 59.62
54.43 58.13
53.79 56.46
52.79 55.37
50.97 54.69
48.84 54.56
46.81 55.18
43.11 58.30
42.70 59.30
-1.00 -1.00
5 0
0 
 3
45.65 56.30
45.77 56.39
47.02 57.60
49.47 59.18
52.01 60.81
53.60 61.62
54.13 61.90
-1.00 -1.00
5 0
0 
 3
44.54 57.04
44.57 57.20
48.36 60.36
51.98 62.46
53.39 62.90
54.09 63.11
-1.00 -1.00
5 0
0 
 3
54.90 67.45
56.24 68.20
58.62 65.20
59.91 64.57
61.57 63.34
62.89 62.32
63.33 61.90
62.98 61.67
59.84 61.06
57.88 60.67
55.73 60.09
-1.00 -1.00
5 0
0 
 3
64.76 70.47
64.02 68.22
63.03 65.04
62.45 62.01
62.31 59.39
62.61 56.86
63.44 54.76
64.60 53.97
66.43 53.76
68.67 54.16
70.61 55.23
72.02 56.48
73.10 58.18
73.87 60.09
74.54 62.78
74.91 64.99
74.58 67.20
74.05 69.27
72.60 70.75
71.21 72.19
69.71 73.17
68.16 73.59
66.91 73.24
65.50 71.89
64.69 70.36
63.91 67.52
63.75 63.97
63.05 60.55
63.14 59.37
-1.00 -1.00
5 0
0 
 3
63.54 61.74
64.00 61.74
68.48 60.43
71.58 58.92
-1.00 -1.00
5 0
0 
 3
63.65 60.04
64.51 59.71
68.44 58.81
71.30 57.79
71.86 57.55
-1.00 -1.00
5 0
0 
 3
56.98 67.99
59.63 68.50
61.27 68.75
61.87 69.08
60.56 69.20
59.72 69.20
59.63 70.06
60.07 71.92
60.90 75.08
61.87 78.26
62.71 80.61
62.54 80.89
61.23 81.21
60.70 83.07
62.15 86.02
64.21 87.74
66.33 88.62
67.44 88.46
67.93 88.00
67.33 87.00
65.46 84.56
63.91 81.93
63.56 80.05
62.80 76.24
61.41 73.59
60.21 71.45
59.79 69.20
-1.00 -1.00
5 0
0 
 3
65.57 84.81
66.98 87.44
68.60 89.48
70.17 91.39
71.49 92.83
71.51 92.97
69.01 91.90
66.77 92.09
66.89 93.02
69.91 93.50
72.11 93.20
71.97 92.85
70.77 90.62
72.48 90.30
74.93 91.02
75.74 92.76
74.28 93.25
72.09 93.06
73.31 92.92
76.08 92.06
77.38 90.32
78.19 90.62
78.81 92.60
77.31 93.30
75.90 92.48
78.28 93.11
79.32 91.32
80.66 90.81
81.88 92.25
81.10 93.85
79.41 93.76
78.12 93.13
77.49 94.46
77.61 96.25
78.37 98.41
-1.00 -1.00
5 0
0 
 3
73.10 96.32
72.29 94.34
72.11 93.46
-1.00 -1.00
5 0
0 
 3
80.98 88.90
81.19 88.16
-1.00 -1.00
5 0
0 
 3
80.57 88.39
78.79 87.25
77.61 85.02
77.86 82.07
79.02 80.37
80.43 79.68
81.28 79.63
80.06 81.30
80.06 81.16
81.38 79.61
82.02 80.28
82.90 83.67
82.95 83.77
82.30 80.65
82.74 79.17
83.50 81.23
83.64 81.12
83.57 79.07
84.38 79.44
86.27 81.68
86.53 84.72
85.26 86.70
83.50 87.58
81.68 87.76
80.75 87.74
-1.00 -1.00
5 0
0 
 3
86.51 79.77
85.88 78.96
85.26 78.61
84.43 78.35
82.97 78.70
81.40 79.05
80.34 79.24
-1.00 -1.00
5 0
0 
 3
60.60 126.06
60.83 125.04
60.90 124.02
60.65 121.83
60.28 120.56
59.56 118.39
58.57 116.35
57.83 113.93
57.62 111.91
57.67 109.89
58.18 107.45
58.78 105.15
59.63 103.03
60.83 101.85
62.91 100.31
65.27 99.15
67.70 98.69
70.05 98.50
72.96 98.25
78.93 98.29
79.20 98.38
81.21 98.85
84.61 100.01
85.21 100.52
87.59 103.20
89.93 106.52
90.87 109.84
91.43 112.31
92.17 112.84
93.46 112.89
94.99 113.40
95.49 114.54
96.05 116.93
94.99 118.63
93.35 119.95
92.12 120.00
92.56 121.93
92.93 124.34
93.16 127.55
92.68 131.52
91.31 134.85
88.05 138.19
83.66 140.68
78.74 141.15
74.44 140.24
72.34 138.82
70.42 137.73
68.94 136.85
68.04 137.01
66.56 139.08
64.55 139.98
62.10 140.12
59.96 138.91
57.76 137.54
54.71 134.75
53.37 132.06
52.24 127.85
53.88 124.41
56.05 124.48
58.34 124.90
59.96 125.39
-1.00 -1.00
5 0
0 
 3
57.46 117.30
56.26 115.77
54.36 112.72
52.47 109.56
51.98 105.01
53.28 102.66
55.43 101.06
58.18 101.20
59.93 101.59
-1.00 -1.00
5 0
0 
 3
90.18 105.61
90.48 104.33
91.24 102.59
92.95 101.48
95.66 102.68
98.71 105.29
99.42 108.89
98.71 111.47
97.62 113.56
96.42 114.72
98.04 113.61
99.79 110.40
100.35 105.43
100.05 109.93
99.14 113.68
97.13 115.98
96.07 117.72
94.82 119.51
92.95 120.25
-1.00 -1.00
5 0
0 
 3
89.72 120.65
87.22 123.76
86.67 128.18
86.00 127.50
83.80 126.34
79.69 126.48
76.20 128.69
75.69 128.88
73.94 127.43
70.03 126.53
66.84 128.15
65.92 129.46
65.06 128.83
63.28 127.36
61.00 126.13
59.59 125.83
57.55 125.32
56.03 126.18
55.06 127.92
54.64 129.85
55.08 131.97
56.72 134.20
60.26 136.40
63.75 137.71
66.15 137.01
67.19 136.68
68.57 136.34
70.38 136.47
72.94 137.45
75.41 137.96
78.56 138.45
79.39 138.31
82.72 137.61
84.36 136.80
86.07 135.59
88.45 133.29
90.27 131.55
91.45 130.87
92.42 130.41
-1.00 -1.00
5 0
0 
 3
65.25 122.41
64.44 121.04
64.00 119.02
64.09 118.32
-1.00 -1.00
5 0
0 
 3
80.68 123.23
81.12 122.76
82.42 121.18
82.42 120.02
-1.00 -1.00
5 0
0 
 3
78.19 120.58
77.36 120.37
77.05 119.32
77.75 119.04
78.81 119.70
78.72 120.76
77.63 120.49
77.98 119.46
78.56 120.28
77.91 119.42
77.75 120.14
78.90 120.11
77.75 119.37
77.47 119.58
78.09 120.51
-1.00 -1.00
5 0
0 
 3
68.69 120.25
68.21 120.25
67.49 119.56
67.81 118.84
68.32 118.39
69.29 118.53
69.89 119.30
69.57 120.28
68.02 120.07
67.88 118.67
69.27 118.72
69.11 119.70
68.37 119.44
68.90 119.14
69.15 119.83
68.23 119.39
69.20 119.53
68.27 119.67
69.29 119.42
-1.00 -1.00
5 0
0 
 3
75.11 121.69
74.77 122.02
74.12 122.37
72.43 121.88
71.23 120.11
71.19 118.23
72.13 117.28
73.06 117.28
74.17 117.51
74.51 117.70
74.81 118.02
-1.00 -1.00
5 0
0 
 3
71.53 103.78
72.36 104.13
73.45 104.40
74.24 104.17
74.95 104.38
76.20 104.57
77.17 104.45
77.42 104.08
-1.00 -1.00
5 0
0 
 3
80.36 78.93
79.62 75.98
79.25 73.59
78.97 69.96
79.00 67.52
79.62 65.11
80.80 65.31
81.08 67.34
81.05 65.76
82.21 64.52
83.41 64.90
83.94 66.80
84.31 66.52
85.81 66.13
86.69 67.36
86.48 68.03
87.50 67.92
88.47 69.31
87.68 70.73
86.11 70.52
85.54 69.87
85.33 72.96
85.03 76.21
84.82 78.21
-1.00 -1.00
5 0
0 
 3
87.11 75.17
86.34 73.33
86.30 71.82
86.53 73.87
86.94 75.63
86.78 73.82
87.04 72.29
87.73 73.66
88.45 75.03
89.39 76.33
89.93 76.01
90.06 74.98
89.93 73.96
88.63 72.33
87.04 71.68
-1.00 -1.00
5 0
0 
 3
90.46 76.19
91.64 75.47
92.77 74.05
93.35 71.61
93.18 69.68
92.44 68.13
90.99 67.57
89.14 67.85
88.72 67.94
-1.00 -1.00
5 0
0 
 3
87.73 67.57
88.77 66.73
90.13 65.55
92.19 63.66
93.14 62.55
94.04 61.13
93.76 60.23
92.28 59.39
90.02 59.41
88.52 59.69
87.87 59.23
85.74 57.79
83.04 57.18
80.45 57.51
78.72 59.18
77.15 61.09
75.71 63.15
74.37 64.50
-1.00 -1.00
5 0
0 
 3
78.88 68.17
78.33 68.15
74.81 68.20
-1.00 -1.00
5 0
0 
 3
76.38 66.06
76.43 65.87
77.24 64.34
78.74 63.53
81.21 62.90
83.11 62.39
84.40 62.06
-1.00 -1.00
5 0
0 
 3
73.89 58.53
74.49 58.23
76.11 57.92
77.24 58.25
78.44 59.51
-1.00 -1.00
5 0
0 
 3
88.40 58.18
93.04 58.88
104.04 60.20
-1.00 -1.00
5 0
0 
 3
93.48 57.62
93.37 57.69
101.25 59.34
-1.00 -1.00
5 0
0 
 3
99.08 57.11
101.99 57.41
107.44 58.06
-1.00 -1.00
5 0
0 
 3
102.73 56.04
103.03 56.09
108.09 56.55
-1.00 -1.00
5 0
0 
 3
102.93 62.34
104.00 62.55
106.24 62.71
-1.00 -1.00
5 0
0 
 3
70.01 85.42
70.89 85.88
71.99 85.25
72.85 84.53
74.07 85.07
-1.00 -1.00
5 0
0 
 3
70.91 88.16
70.79 87.37
72.29 87.93
74.00 88.95
74.77 89.32
74.81 88.23
74.63 87.88
73.27 88.35
72.34 88.76
71.23 89.02
70.35 88.16
-1.00 -1.00
5 0
0 
 3
53.58 66.96
54.99 67.50
56.14 68.17
56.54 67.71
-1.00 -1.00
5 0
0 
 3
117.91 61.74
117.65 63.46
116.87 66.83
115.50 69.38
114.19 70.57
113.17 71.06
112.08 71.45
110.77 71.36
109.52 70.68
108.67 69.89
107.42 68.38
106.59 65.50
106.96 60.83
108.04 57.90
109.08 56.21
110.28 55.25
111.39 54.83
113.54 54.58
115.13 54.69
116.68 55.09
117.86 55.97
118.76 57.79
118.74 60.04
117.93 63.25
-1.00 -1.00
5 0
0 
 3
117.70 61.50
114.72 59.99
109.96 57.95
108.48 57.23
-1.00 -1.00
5 0
0 
 3
116.91 62.08
113.12 61.09
109.17 59.11
-1.00 -1.00
5 0
0 
 3
120.17 57.99
120.33 60.11
119.92 62.34
118.99 63.60
117.47 64.66
117.24 66.01
118.44 66.11
119.55 65.08
120.61 65.27
121.65 64.29
122.04 61.88
122.67 60.67
122.83 59.74
121.42 59.37
119.89 59.34
-1.00 -1.00
5 0
0 
 3
123.48 57.76
124.45 58.78
124.77 61.11
124.61 63.48
123.98 65.22
124.75 66.78
124.65 68.27
122.71 67.10
120.63 65.90
119.53 66.01
117.98 66.52
117.12 66.66
116.11 68.75
117.24 70.17
119.34 70.08
120.50 69.61
122.14 70.78
123.41 72.96
124.35 73.87
125.76 73.59
126.13 72.57
125.56 71.82
125.65 71.68
127.17 71.24
128.19 71.19
128.65 70.85
127.98 70.66
125.93 67.43
124.77 63.83
124.08 60.34
124.08 57.32
124.96 54.90
126.73 53.32
129.25 52.79
131.79 53.35
134.04 54.18
135.68 55.93
136.19 59.85
136.42 63.94
135.72 67.29
133.97 69.89
131.84 70.99
129.16 70.78
127.54 69.87
126.34 68.08
125.74 65.62
125.42 62.78
125.39 60.04
127.03 59.78
131.52 58.95
134.98 57.76
-1.00 -1.00
5 0
0 
 3
135.01 56.02
131.93 57.23
127.96 58.32
125.74 58.69
-1.00 -1.00
5 0
0 
 3
118.09 71.98
118.69 71.45
119.80 72.75
118.92 74.82
118.69 76.17
120.10 77.28
120.77 75.49
120.50 74.03
118.92 74.56
118.88 76.56
119.85 77.52
121.30 75.80
123.18 75.59
122.64 78.58
120.89 78.05
120.80 76.17
-1.00 -1.00
5 0
0 
 3
124.24 77.98
124.45 79.42
124.70 80.65
125.56 82.47
126.83 84.44
128.28 87.02
129.67 89.23
130.94 89.95
132.97 89.48
137.27 90.18
137.57 90.25
-1.00 -1.00
5 0
0 
 3
139.37 87.02
139.95 84.91
140.76 83.63
141.73 81.23
142.10 78.58
143.09 75.66
143.02 72.71
142.75 70.61
141.57 69.08
140.64 67.80
140.23 66.78
139.81 70.17
138.13 72.38
135.79 73.08
134.73 73.54
133.50 73.19
132.60 74.24
131.36 73.91
130.08 74.59
130.32 75.47
128.17 75.54
127.80 77.68
129.85 78.75
127.98 78.86
127.66 80.35
129.67 81.19
130.99 80.33
132.58 78.00
132.95 77.19
132.90 76.75
134.04 75.98
135.68 75.52
136.55 75.15
136.99 75.52
137.59 77.03
137.76 79.14
138.57 80.70
139.10 80.70
140.55 80.33
142.35 78.89
143.42 77.21
143.37 76.28
142.40 76.01
139.95 77.70
138.40 79.14
138.06 78.42
138.66 75.59
140.85 74.38
142.59 74.19
143.21 74.31
-1.00 -1.00
5 0
0 
 3
126.78 83.02
128.03 83.02
133.16 82.37
140.48 81.19
141.27 80.86
-1.00 -1.00
5 0
0 
 3
132.72 79.37
136.23 79.03
138.17 78.86
-1.00 -1.00
5 0
0 
 3
127.17 84.88
134.20 84.70
140.18 83.93
-1.00 -1.00
5 0
0 
 3
129.02 88.09
129.18 88.11
136.67 87.51
140.51 87.04
-1.00 -1.00
5 0
0 
 3
140.85 66.57
140.88 66.45
141.82 68.17
145.06 69.92
148.36 69.17
148.87 67.78
148.06 66.38
147.55 65.11
148.27 64.66
150.05 65.01
151.90 64.11
152.38 62.29
152.22 60.90
152.18 60.43
153.77 61.57
156.22 62.90
157.65 61.78
159.68 59.55
162.34 58.60
163.80 58.41
-1.00 -1.00
5 0
0 
 3
159.78 60.53
162.83 60.46
165.65 60.32
167.73 58.78
168.33 57.65
167.75 56.76
164.65 56.30
162.73 56.23
160.72 56.07
157.56 56.48
156.06 56.09
155.32 55.41
150.95 56.44
150.42 56.88
-1.00 -1.00
5 0
0 
 3
152.45 55.35
149.54 55.35
146.58 55.18
144.92 55.97
144.67 57.44
142.56 57.65
140.41 58.67
139.97 60.20
138.08 61.85
137.18 62.87
-1.00 -1.00
5 0
0 
 3
149.40 57.95
149.38 58.51
149.03 60.30
147.37 61.57
144.83 61.71
143.30 61.88
144.55 64.34
144.32 66.34
-1.00 -1.00
5 0
0 
 3
141.59 64.66
140.81 63.97
138.45 65.76
136.49 67.10
-1.00 -1.00
5 0
0 
 3
170.94 55.23
171.12 55.25
-1.00 -1.00
5 0
0 
 3
140.07 58.78
139.84 58.65
138.08 57.79
138.13 58.25
137.02 61.41
137.69 60.43
137.76 57.34
136.16 57.18
136.46 59.20
-1.00 -1.00
5 0
0 
 3
132.72 90.58
134.85 90.32
137.34 90.62
138.40 90.51
139.03 89.48
139.88 88.60
140.28 87.81
140.51 86.79
141.18 84.26
142.03 81.79
142.66 78.84
143.72 75.98
144.00 73.12
143.63 70.66
-1.00 -1.00
5 0
0 
 3
138.61 92.37
138.63 93.55
138.68 94.39
138.68 94.69
139.77 94.71
141.48 94.41
144.92 94.62
149.89 96.06
152.61 97.64
155.94 100.66
157.17 103.08
158.39 105.36
159.01 108.82
158.83 113.70
158.41 119.23
157.00 123.88
155.48 127.50
153.52 130.32
151.11 131.83
147.97 132.45
143.90 133.24
140.39 133.45
138.33 132.64
-1.00 -1.00
5 0
0 
 3
131.61 131.04
129.58 129.92
128.42 127.99
128.17 125.74
128.31 124.39
128.05 122.60
127.38 120.72
126.43 119.04
125.02 117.77
123.55 117.02
122.23 117.02
120.84 117.37
119.57 116.70
118.37 115.61
117.77 113.89
119.02 112.75
120.54 112.86
121.21 112.51
121.19 111.84
119.27 110.61
118.02 107.98
117.63 105.12
118.90 103.80
120.38 103.80
121.65 103.52
122.51 103.17
122.97 102.20
122.30 101.66
121.84 101.57
122.37 99.90
123.27 98.62
124.75 97.11
125.93 96.41
128.07 95.67
130.94 94.99
133.32 94.22
133.57 94.11
133.07 92.27
132.77 91.04
-1.00 -1.00
5 0
0 
 3
121.12 124.39
121.10 124.51
121.60 125.83
123.80 128.22
128.38 130.66
133.62 132.13
138.77 132.57
142.29 132.06
-1.00 -1.00
5 0
0 
 3
120.06 129.78
120.43 130.13
122.02 131.85
127.01 134.73
131.89 136.17
137.41 135.50
142.19 133.24
-1.00 -1.00
5 0
0 
 3
138.75 131.71
143.02 131.99
148.94 131.13
153.98 128.53
157.35 122.69
-1.00 -1.00
5 0
0 
 3
140.09 134.52
147.69 135.61
149.77 134.82
151.51 131.97
153.24 127.41
154.92 119.93
155.04 115.30
153.95 109.28
151.16 103.57
147.07 99.92
-1.00 -1.00
5 0
0 
 3
142.31 126.27
145.43 125.27
150.30 120.11
151.53 112.17
148.50 103.78
144.00 101.15
139.81 100.76
-1.00 -1.00
5 0
0 
 3
139.44 120.02
141.99 120.83
146.68 118.58
149.06 112.07
147.39 106.12
143.33 103.52
138.43 102.73
-1.00 -1.00
5 0
0 
 3
138.26 119.35
142.82 119.77
148.66 114.68
149.15 107.29
145.34 102.20
140.04 100.69
-1.00 -1.00
5 0
0 
 3
146.10 123.51
150.12 118.14
151.18 111.03
148.94 104.33
146.17 100.71
141.45 98.50
-1.00 -1.00
5 0
0 
 3
141.96 125.46
143.97 125.90
148.32 124.85
151.46 120.86
152.38 116.00
152.06 110.56
150.12 104.89
146.74 101.48
142.89 99.59
-1.00 -1.00
5 0
0 
 3
146.56 97.78
149.56 99.71
152.66 103.08
154.97 110.56
154.25 119.35
148.55 127.34
144.83 129.11
139.03 129.41
-1.00 -1.00
5 0
0 
 3
149.06 128.48
151.71 125.30
155.13 118.56
155.78 112.61
153.47 104.71
150.37 100.45
147.02 98.41
-1.00 -1.00
5 0
0 
 3
148.27 96.55
151.18 98.85
155.32 103.01
158.28 110.17
157.30 118.46
153.79 125.20
149.10 129.55
143.86 130.78
139.74 129.97
138.70 127.27
-1.00 -1.00
5 0
0 
 3
140.83 114.65
142.26 115.02
143.74 115.05
144.55 114.12
144.92 112.21
144.67 110.45
143.93 108.73
141.59 107.70
139.28 107.84
138.26 108.59
138.15 109.28
-1.00 -1.00
5 0
0 
 3
129.44 115.02
129.74 113.96
130.18 112.93
130.20 111.65
129.83 110.66
-1.00 -1.00
5 0
0 
 3
127.20 122.90
128.42 123.51
128.65 123.25
129.58 121.53
129.65 121.44
-1.00 -1.00
5 0
0 
 3
126.39 114.63
126.20 113.44
126.25 112.24
126.62 111.72
127.52 112.72
127.57 114.23
127.08 115.42
126.41 115.23
126.30 112.68
127.22 113.12
127.24 114.82
126.50 113.49
126.85 113.61
-1.00 -1.00
5 0
0 
 3
123.36 77.79
123.71 77.89
124.24 78.33
124.86 79.40
125.09 80.19
126.53 80.12
127.61 79.05
-1.00 -1.00
5 0
0 
 3
55.13 114.72
53.65 113.79
51.57 111.45
49.67 108.17
48.98 104.26
49.40 101.29
-1.00 -1.00
5 0
0 
 3
98.96 113.54
100.44 110.84
100.58 107.89
100.12 106.24
-1.00 -1.00
5 0
0 
 3
58.32 117.70
57.09 116.12
56.88 114.61
57.71 114.51
58.99 117.00
60.12 119.65
58.75 118.93
-1.00 -1.00
5 0
0 
 -1
