gremlinfile
0 44.00 52.00
3
49.29 57.22
50.05 57.44
52.82 58.06
56.15 58.91
60.50 59.53
64.53 59.65
-1.00 -1.00
5 0
0 
 3
50.11 55.28
55.71 56.24
61.61 57.28
66.50 58.30
-1.00 -1.00
5 0
0 
 3
56.69 54.73
62.13 55.92
64.95 56.40
-1.00 -1.00
5 0
0 
 3
71.75 59.05
70.85 58.77
69.41 58.83
66.32 58.10
65.90 56.70
65.76 55.70
67.80 54.81
71.37 53.93
75.42 53.97
78.89 54.39
83.77 54.23
86.77 54.51
89.40 55.40
90.12 56.24
89.86 57.54
88.32 58.89
85.71 59.33
83.24 59.55
80.74 59.95
79.90 60.27
79.79 61.98
79.83 64.12
79.51 67.03
79.45 68.40
78.83 68.62
74.92 68.92
73.02 68.94
72.41 68.13
72.27 66.05
72.13 63.64
71.81 61.70
71.47 59.77
71.53 59.23
71.51 58.83
-1.00 -1.00
5 0
0 
 3
72.70 62.20
76.21 63.08
78.55 63.74
79.53 63.80
79.85 63.78
-1.00 -1.00
5 0
0 
 3
79.77 60.93
78.71 60.27
76.16 60.11
73.22 59.65
71.63 58.89
70.75 57.14
69.61 55.44
69.43 54.57
74.56 54.79
75.50 55.60
77.79 57.72
79.39 59.11
80.02 59.81
80.10 60.59
-1.00 -1.00
5 0
0 
 3
90.48 56.74
93.09 57.38
94.27 58.16
94.21 58.95
91.97 60.85
89.40 61.57
86.01 62.08
83.87 61.96
84.23 61.92
84.41 60.97
83.73 59.81
-1.00 -1.00
5 0
0 
 3
83.99 62.00
82.82 62.14
81.18 62.14
80.26 61.98
79.59 61.84
79.47 61.78
79.79 63.26
79.61 66.45
79.63 67.69
81.68 68.07
82.90 68.48
82.96 67.55
82.84 64.78
83.46 62.54
83.73 61.88
-1.00 -1.00
5 0
0 
 3
83.00 64.32
82.10 64.04
80.34 63.64
79.41 63.70
-1.00 -1.00
5 0
0 
 3
60.18 76.64
58.00 77.52
57.19 77.68
59.84 76.58
60.78 76.00
57.88 74.81
56.99 73.55
59.26 72.19
62.97 71.60
67.20 70.62
70.51 70.10
74.60 69.54
77.93 69.10
82.18 69.26
86.61 70.00
90.74 70.82
93.35 71.12
96.46 71.69
97.48 72.03
97.14 72.81
95.28 74.27
91.57 75.54
89.94 75.66
87.70 75.20
84.35 74.69
81.64 74.55
78.25 74.61
76.47 74.73
76.08 74.75
-1.00 -1.00
5 0
0 
 3
74.96 87.19
74.36 86.93
73.82 86.81
73.10 87.47
72.72 88.66
73.18 90.16
73.76 89.80
73.82 87.43
72.78 86.83
71.95 86.89
70.23 87.03
69.85 87.59
70.35 88.25
71.87 88.44
72.43 87.65
71.35 86.75
69.43 86.43
67.92 87.09
67.08 88.19
67.04 90.14
68.58 91.56
69.57 91.97
71.31 92.39
72.72 92.83
74.06 92.47
75.06 91.44
75.76 90.18
75.54 88.03
75.02 86.67
74.84 83.94
74.92 80.43
75.24 75.50
74.98 74.25
74.02 73.65
73.06 74.15
72.80 75.90
72.80 74.61
71.89 73.47
70.51 72.97
69.65 74.17
69.99 75.20
69.63 74.63
68.12 74.21
67.54 75.90
68.52 77.22
69.03 76.98
68.00 77.22
67.68 78.71
68.64 79.01
69.87 78.24
70.15 77.68
69.65 79.79
69.59 81.94
69.63 84.72
69.55 85.19
69.13 85.41
68.52 85.67
68.56 85.81
68.36 86.11
69.43 85.87
71.43 85.95
74.22 86.87
74.92 87.21
74.62 85.93
71.77 85.00
69.99 84.84
69.03 85.47
68.78 86.15
-1.00 -1.00
5 0
0 
 3
66.00 79.15
64.89 81.45
64.05 82.66
63.69 82.06
64.23 79.13
64.97 76.28
65.32 78.28
63.83 80.15
64.27 78.26
64.09 80.19
63.05 82.50
61.89 84.46
61.55 83.86
62.49 81.03
63.63 77.88
63.83 76.42
62.09 76.06
59.40 77.82
57.31 80.73
56.93 82.56
58.42 83.62
60.26 84.64
61.69 85.15
62.33 84.94
-1.00 -1.00
5 0
0 
 3
66.94 80.61
67.92 83.58
68.68 85.55
68.87 85.69
-1.00 -1.00
5 0
0 
 3
72.05 93.59
72.62 95.04
73.22 96.80
73.86 98.43
73.42 98.57
71.37 97.90
70.27 98.51
70.63 100.11
72.47 100.13
74.10 99.39
74.84 98.79
74.14 98.00
73.94 97.04
77.03 97.94
76.59 99.15
75.02 98.71
76.85 98.20
78.15 98.41
77.33 97.10
79.43 97.38
79.94 99.03
78.05 98.97
79.67 98.75
80.60 98.24
82.42 97.48
83.63 98.39
81.56 98.97
79.43 98.77
79.57 98.79
-1.00 -1.00
5 0
0 
 3
81.26 97.60
82.00 96.90
82.76 95.72
83.65 93.65
84.35 92.07
85.27 89.52
86.33 87.21
87.15 84.52
88.30 81.01
89.16 78.71
89.70 76.50
89.86 75.60
-1.00 -1.00
5 0
0 
 3
81.14 93.99
80.88 91.64
80.82 91.34
81.66 91.97
-1.00 -1.00
5 0
0 
 3
82.24 88.84
82.20 88.38
82.44 89.28
83.85 89.88
85.13 90.34
-1.00 -1.00
5 0
0 
 3
80.50 98.59
79.98 99.77
79.47 101.43
78.91 102.78
80.00 103.18
83.00 103.80
86.11 104.56
88.16 105.83
89.08 106.37
89.96 107.31
90.78 108.07
90.99 108.38
89.78 108.58
88.72 108.94
88.06 109.20
89.46 109.54
91.15 109.74
92.03 109.84
92.59 110.04
93.79 111.32
94.52 112.51
95.06 114.07
94.98 115.94
94.98 116.74
94.49 117.92
93.87 118.81
94.50 118.12
95.56 118.18
96.90 119.39
96.78 120.69
95.78 121.78
95.02 122.52
92.71 122.62
90.72 123.72
89.20 126.73
89.16 129.26
89.52 131.04
89.52 130.30
90.83 129.30
94.13 130.36
95.12 131.32
95.92 133.87
94.82 136.52
92.31 138.91
89.92 140.85
86.83 140.93
84.07 139.65
83.22 138.79
83.16 138.93
79.51 140.85
77.11 142.04
74.08 142.48
70.25 142.10
66.88 140.29
63.11 137.86
61.04 135.14
59.58 130.82
58.90 126.39
58.74 122.08
58.96 119.41
59.76 115.90
60.26 114.03
58.70 115.48
57.35 116.78
55.69 117.52
53.76 116.62
53.52 114.67
53.80 113.37
54.37 111.73
55.61 108.62
57.73 106.49
61.14 104.70
63.11 104.02
65.66 103.96
68.64 104.92
71.73 105.33
72.98 105.05
74.14 103.94
74.38 102.40
74.32 100.39
74.02 99.11
-1.00 -1.00
5 0
0 
 3
89.76 131.93
90.20 131.36
92.59 131.20
94.13 133.27
92.41 136.46
89.98 138.83
86.13 138.61
83.34 137.80
82.18 138.81
79.35 140.59
75.32 141.13
70.11 139.57
66.14 137.02
62.77 132.63
60.92 128.05
60.38 122.96
60.98 119.53
61.69 115.94
62.33 113.21
62.15 113.41
59.72 114.37
57.63 114.29
55.65 111.73
55.49 110.02
56.25 107.67
58.18 106.21
59.80 106.05
62.55 105.85
65.66 105.77
66.58 105.29
67.26 104.62
-1.00 -1.00
5 0
0 
 3
72.62 105.19
71.09 105.33
74.40 105.00
76.59 106.27
78.55 108.66
78.79 111.79
77.33 114.95
75.32 117.18
73.54 118.16
74.12 118.47
75.60 119.07
75.42 119.03
73.50 118.71
71.43 120.41
71.61 123.56
73.08 124.62
74.28 124.64
75.66 123.96
76.95 123.20
76.77 123.72
77.11 124.22
79.11 124.14
81.02 126.15
81.68 129.34
81.80 132.63
81.56 133.71
81.84 133.37
85.13 132.29
87.28 132.43
88.38 132.79
87.54 131.64
88.84 131.04
-1.00 -1.00
5 0
0 
 3
86.19 123.62
85.45 122.96
84.61 122.04
83.99 120.59
84.81 119.41
-1.00 -1.00
5 0
0 
 3
88.52 122.42
88.28 122.00
87.74 120.95
87.48 119.89
87.28 119.03
87.88 119.67
88.60 121.23
88.80 122.54
88.18 122.52
87.58 120.61
87.52 119.25
88.52 120.67
88.88 122.56
87.76 120.99
87.78 119.75
88.58 121.21
88.62 121.72
87.74 119.15
88.74 121.76
87.60 120.69
88.72 121.03
87.68 121.19
87.78 119.53
88.88 122.44
-1.00 -1.00
5 0
0 
 3
94.01 58.02
97.38 58.00
103.02 58.55
105.30 58.95
-1.00 -1.00
5 0
0 
 3
92.61 55.32
97.20 56.06
100.69 56.56
104.20 57.28
105.85 57.60
107.15 57.78
-1.00 -1.00
5 0
0 
 3
96.38 54.11
102.60 55.02
108.57 55.82
110.18 56.02
111.46 56.32
-1.00 -1.00
5 0
0 
 3
114.75 64.66
111.80 65.59
109.86 66.15
106.25 65.17
106.93 63.88
110.04 63.08
111.58 62.86
113.61 61.80
116.43 62.04
118.56 61.90
120.45 61.90
121.29 61.92
122.45 61.86
124.44 61.70
127.83 61.45
130.25 62.12
130.67 61.90
130.45 60.45
130.53 58.65
-1.00 -1.00
5 0
0 
 3
125.72 55.90
122.65 56.34
118.02 56.28
114.43 56.18
111.12 55.96
108.07 56.44
106.35 57.92
106.69 59.73
107.77 62.04
107.17 63.74
106.87 64.26
-1.00 -1.00
5 0
0 
 3
131.20 62.30
131.18 62.12
130.67 59.79
130.45 58.65
131.32 58.41
133.30 58.41
134.83 58.67
137.37 59.53
135.75 58.33
135.03 57.28
138.27 59.85
138.88 59.79
139.56 59.71
138.33 58.24
141.42 60.25
141.76 60.43
139.92 58.12
141.68 59.35
142.29 59.69
141.26 58.22
142.17 58.59
144.41 58.37
146.48 57.54
147.04 56.62
146.68 55.60
144.33 54.51
140.74 53.87
136.59 53.53
132.50 53.51
128.89 53.63
126.26 54.03
125.32 55.38
127.57 57.18
130.35 58.04
131.16 58.06
-1.00 -1.00
5 0
0 
 3
138.19 61.51
137.47 64.82
137.55 65.81
135.67 64.72
133.86 64.22
131.34 62.52
130.85 60.75
-1.00 -1.00
5 0
0 
 3
131.74 60.23
132.50 60.71
134.12 61.23
135.79 61.61
137.01 62.16
137.55 62.20
-1.00 -1.00
5 0
0 
 3
140.48 66.99
140.80 64.88
140.90 62.68
140.88 61.07
140.54 62.68
139.36 62.46
137.79 62.12
-1.00 -1.00
5 0
0 
 3
140.06 60.55
142.21 60.83
144.63 60.63
147.08 60.33
149.18 59.59
150.15 58.75
149.14 56.90
148.32 56.50
146.92 56.54
-1.00 -1.00
5 0
0 
 3
149.79 57.02
151.41 57.06
-1.00 -1.00
5 0
0 
 3
148.36 54.81
151.31 55.20
-1.00 -1.00
5 0
0 
 3
140.62 63.18
140.76 64.90
140.64 66.53
140.64 66.63
139.44 66.53
140.20 67.29
139.70 68.38
139.58 67.73
139.62 69.72
139.10 70.18
137.79 71.79
136.79 72.35
135.79 72.21
135.45 72.71
134.85 74.11
134.44 77.10
133.86 79.57
133.10 81.98
131.42 85.55
130.21 87.67
128.87 88.82
127.75 89.58
126.20 89.36
123.23 89.58
121.73 89.32
120.27 89.02
119.74 87.97
119.70 86.03
119.36 83.88
118.52 81.17
117.80 78.93
116.70 75.44
115.75 68.94
115.41 66.09
115.67 64.00
117.18 63.06
118.70 62.58
120.75 62.38
122.73 62.28
124.46 61.98
126.70 61.86
128.53 62.00
129.75 62.18
131.74 62.52
133.56 63.64
134.20 64.32
136.05 65.07
137.95 66.13
140.00 67.93
-1.00 -1.00
5 0
0 
 3
126.80 67.99
125.72 67.57
123.82 67.13
120.57 66.11
118.24 65.65
115.83 64.78
115.21 64.42
115.63 64.10
-1.00 -1.00
5 0
0 
 3
118.48 77.68
118.44 76.70
118.62 74.75
119.94 72.43
121.39 70.84
125.08 68.84
126.94 67.89
128.47 67.25
128.87 67.21
130.59 67.63
130.79 67.17
131.66 66.29
133.22 67.31
133.20 68.38
133.28 67.89
134.12 66.99
135.37 67.79
135.11 68.90
135.21 68.90
136.71 68.01
137.63 68.70
137.25 70.40
137.75 69.24
138.76 69.06
138.96 70.18
138.29 71.14
136.99 72.01
135.77 72.17
134.46 71.52
133.52 71.02
133.06 70.98
131.62 72.03
129.89 73.79
127.97 75.28
126.64 77.66
126.12 78.99
124.84 80.25
123.75 80.59
123.07 80.49
120.79 79.61
119.32 78.24
118.62 76.64
118.88 74.21
120.00 72.39
-1.00 -1.00
5 0
0 
 3
119.82 73.25
122.37 75.32
125.02 76.46
126.48 76.54
-1.00 -1.00
5 0
0 
 3
119.88 75.42
121.21 77.36
123.84 77.98
125.34 78.00
-1.00 -1.00
5 0
0 
 3
126.78 77.68
128.67 78.65
131.30 78.65
133.90 78.00
-1.00 -1.00
5 0
0 
 3
127.89 75.52
131.46 76.00
133.84 76.10
-1.00 -1.00
5 0
0 
 3
131.58 72.93
133.52 73.23
134.97 73.29
-1.00 -1.00
5 0
0 
 3
115.71 67.89
118.58 68.60
121.33 68.82
121.83 68.76
-1.00 -1.00
5 0
0 
 3
120.17 71.32
118.98 71.67
116.70 71.50
-1.00 -1.00
5 0
0 
 3
118.58 73.33
117.64 73.43
116.52 73.33
-1.00 -1.00
5 0
0 
 3
119.88 83.26
123.13 84.10
125.44 84.36
128.11 83.80
130.37 83.22
131.30 83.00
-1.00 -1.00
5 0
0 
 3
129.19 86.43
126.20 86.99
123.23 86.91
120.41 86.29
-1.00 -1.00
5 0
0 
 3
112.08 60.65
113.55 60.93
115.27 60.63
117.16 60.19
119.20 60.05
121.55 60.03
-1.00 -1.00
5 0
0 
 3
115.55 58.37
117.84 58.18
120.53 58.47
123.13 58.33
125.78 58.30
128.63 58.73
-1.00 -1.00
5 0
0 
 3
122.13 88.84
122.03 90.86
122.03 92.31
121.39 93.51
119.24 93.69
115.45 94.61
111.80 96.24
108.45 99.51
106.39 106.17
107.39 114.49
109.07 117.80
112.52 122.62
115.55 125.09
119.02 126.89
122.63 127.29
125.76 127.11
128.65 125.67
130.59 124.14
133.08 123.42
135.29 123.28
136.03 122.92
136.79 120.73
136.43 118.10
135.87 114.91
136.53 112.43
137.65 110.04
139.14 109.80
140.90 109.58
142.25 108.88
142.91 107.43
142.71 106.35
141.08 105.77
139.72 105.75
139.94 105.21
140.50 102.78
140.48 100.95
139.78 98.95
138.29 96.54
136.19 95.18
132.60 93.25
128.87 92.31
126.16 92.15
126.86 90.66
127.20 89.26
-1.00 -1.00
5 0
0 
 3
130.85 110.72
130.31 108.88
129.95 107.97
129.77 107.21
130.39 106.87
-1.00 -1.00
5 0
0 
 3
134.14 109.42
133.60 108.09
133.18 106.87
133.38 106.61
134.30 107.67
134.99 109.38
134.93 110.36
134.04 109.56
133.30 107.43
133.84 107.69
134.66 110.04
133.96 109.04
133.50 107.23
135.27 110.24
134.00 107.61
135.03 109.66
133.52 107.61
135.11 109.78
133.80 106.87
-1.00 -1.00
5 0
0 
 3
123.84 112.29
123.75 112.37
122.65 112.95
121.59 113.15
120.39 113.09
118.62 111.95
117.52 110.30
117.56 108.50
118.06 106.87
119.54 106.25
121.41 106.51
122.43 107.47
-1.00 -1.00
5 0
0 
 3
140.08 116.66
140.16 116.72
140.20 116.94
140.36 119.09
140.12 120.49
139.40 122.40
137.81 124.99
136.51 126.45
133.76 127.09
130.45 126.79
126.98 125.59
-1.00 -1.00
5 0
0 
 3
138.76 116.68
138.74 116.76
138.62 116.76
138.78 116.72
138.70 116.66
138.76 116.72
138.58 116.92
136.69 119.45
134.97 121.72
132.58 123.58
129.95 125.19
124.78 125.95
-1.00 -1.00
5 0
0 
 3
132.94 120.87
131.26 124.20
128.39 127.49
125.02 130.32
121.61 131.40
114.99 129.04
111.98 125.99
109.30 119.87
107.91 112.81
108.65 105.09
111.58 99.93
116.03 97.22
-1.00 -1.00
5 0
0 
 3
120.93 98.14
119.32 98.14
117.28 98.41
115.47 99.15
114.25 100.89
112.80 103.70
112.26 107.99
113.03 110.84
114.75 113.63
118.14 115.82
121.53 115.82
123.05 114.43
124.04 112.93
-1.00 -1.00
5 0
0 
 3
119.86 115.20
117.56 113.83
115.19 110.36
114.95 107.35
115.67 105.31
117.26 103.26
118.70 102.46
-1.00 -1.00
5 0
0 
 3
122.65 101.80
120.89 101.43
116.54 101.43
113.75 104.22
113.33 108.25
113.73 112.67
-1.00 -1.00
5 0
0 
 3
116.05 97.18
114.11 97.96
110.80 100.97
111.08 109.30
112.54 114.63
116.43 117.42
120.85 117.56
123.21 114.75
-1.00 -1.00
5 0
0 
 3
123.94 115.10
120.95 119.53
117.08 119.95
112.54 116.70
109.88 111.71
109.60 106.09
113.01 101.13
115.61 99.25
-1.00 -1.00
5 0
0 
 3
124.62 115.78
123.27 118.93
118.66 121.72
113.39 118.75
109.40 109.44
110.60 102.36
113.79 98.04
116.13 97.18
-1.00 -1.00
5 0
0 
 3
128.01 117.06
126.10 120.85
121.29 124.02
115.09 120.47
109.52 110.48
110.62 102.72
114.61 97.76
116.54 97.22
-1.00 -1.00
5 0
0 
 3
127.06 124.08
125.08 125.59
121.71 126.33
115.97 124.02
111.52 120.41
108.73 116.04
107.81 109.64
109.22 103.56
111.56 100.25
114.33 98.69
-1.00 -1.00
5 0
0 
 3
110.62 98.85
109.32 99.89
106.25 104.86
106.91 113.37
110.88 119.17
118.60 123.32
124.56 123.74
127.91 122.22
-1.00 -1.00
5 0
0 
 3
132.64 120.33
130.77 123.56
128.01 127.43
123.65 130.60
117.92 130.32
113.35 127.63
109.98 122.14
108.25 114.93
-1.00 -1.00
5 0
0 
 3
117.56 129.48
113.97 128.01
108.83 124.22
105.14 117.80
104.96 109.66
106.75 104.08
-1.00 -1.00
5 0
0 
 3
111.94 124.22
108.33 120.59
105.99 115.24
105.06 110.06
105.44 104.32
-1.00 -1.00
5 0
0 
 3
124.02 129.72
121.59 130.10
116.03 129.04
112.46 126.75
109.46 120.59
-1.00 -1.00
5 0
0 
 3
137.85 118.53
136.51 123.16
135.47 125.51
131.58 127.17
128.49 128.48
125.26 127.85
-1.00 -1.00
5 0
0 
 3
119.78 80.33
121.77 80.73
125.36 80.45
129.07 80.61
132.08 80.83
133.16 80.69
-1.00 -1.00
5 0
0 
 -1
