gremlinfile
1 124.00 12.00
3
149.89 140.39
150.09 140.72
150.51 141.15
150.81 141.40
151.22 141.84
151.68 142.33
152.15 142.80
152.57 143.22
153.14 143.77
153.58 144.21
153.96 144.58
154.31 144.95
154.62 145.16
155.05 145.40
155.68 145.66
-1.00 -1.00
5 0
0 
 3
171.50 145.75
171.83 145.59
172.14 145.41
172.60 145.19
173.03 144.89
173.53 144.59
174.04 144.24
174.48 143.83
174.81 143.52
175.26 143.07
175.47 142.77
175.82 142.18
176.02 141.85
176.43 142.01
176.79 142.29
177.28 142.64
177.78 142.99
178.32 143.31
178.82 143.55
179.39 143.70
179.93 143.88
180.43 144.04
181.30 144.27
182.22 144.44
183.28 144.69
184.24 144.90
184.88 145.07
185.48 145.20
185.85 145.26
186.74 145.37
187.63 145.47
188.58 145.53
189.30 145.49
190.07 145.45
191.07 145.37
191.86 145.29
192.49 145.19
193.62 144.96
194.55 144.74
195.25 144.54
195.80 144.38
196.65 144.10
197.28 143.88
198.15 143.47
198.86 143.05
199.27 142.72
199.61 142.43
200.39 141.74
200.98 141.16
201.70 140.29
202.37 139.44
203.16 138.39
203.84 137.56
204.57 136.66
205.16 135.88
205.75 134.98
206.20 134.11
206.78 133.01
207.31 131.96
207.90 130.75
208.24 129.68
208.60 128.48
208.78 127.51
208.91 126.52
208.98 125.39
208.96 124.56
208.90 123.88
208.82 123.24
208.70 122.42
208.53 121.77
208.27 121.08
207.99 120.35
207.66 119.47
207.31 118.55
207.02 117.84
206.74 117.11
206.47 116.47
206.20 115.72
205.94 114.91
205.57 114.07
205.40 113.73
205.80 113.30
206.28 113.14
206.85 112.84
207.59 112.45
208.21 112.07
208.63 111.74
209.20 111.06
209.58 110.60
209.79 110.31
210.17 109.72
210.69 109.15
211.43 108.62
212.15 108.02
212.62 107.60
213.32 106.96
213.85 106.41
214.46 105.77
215.03 105.18
215.57 104.52
215.95 103.97
216.53 103.10
216.94 102.48
217.44 101.72
217.92 100.83
218.38 99.78
218.58 99.08
218.79 98.06
218.82 97.22
218.85 96.47
218.85 95.60
218.84 94.70
218.72 93.91
218.52 92.80
218.26 91.91
217.93 91.00
217.56 90.39
217.09 89.70
216.73 89.25
216.29 88.83
215.87 88.53
215.13 88.12
214.34 87.95
213.72 87.84
213.08 87.77
212.31 87.77
211.60 87.80
210.73 87.91
209.78 87.98
208.66 88.18
207.40 88.50
206.39 88.82
205.51 89.09
204.98 89.26
204.31 89.51
203.69 89.88
203.02 90.14
202.28 90.25
201.49 90.62
201.07 91.06
200.55 91.88
200.27 92.29
199.77 92.41
199.46 92.19
198.57 91.34
197.62 90.44
196.90 89.81
196.17 89.13
195.27 88.40
194.61 87.86
193.80 87.32
193.07 86.86
192.09 86.35
191.39 86.01
190.30 85.58
189.73 85.37
188.78 85.07
187.93 84.80
187.07 84.51
185.82 84.20
184.85 83.95
183.92 83.77
182.95 83.62
181.92 83.51
180.97 83.43
179.58 83.20
178.49 82.99
177.96 82.74
177.65 82.27
177.34 81.42
177.15 80.45
177.08 79.64
176.99 78.39
176.98 77.34
177.06 76.52
177.16 75.90
177.30 75.36
177.60 74.94
178.21 74.52
179.03 74.24
179.96 73.90
180.61 73.65
181.28 73.32
181.85 72.81
181.80 71.96
181.40 71.38
180.95 71.08
180.55 70.75
180.13 70.38
179.86 69.99
179.89 69.34
180.25 68.75
180.98 67.75
181.87 67.07
182.63 66.71
183.54 66.26
184.77 65.45
185.66 64.81
186.48 64.19
187.21 63.71
188.05 63.17
188.93 62.60
189.83 61.93
190.67 61.19
191.22 60.34
191.48 59.33
191.38 57.87
191.03 56.72
190.50 55.66
190.17 55.19
189.71 54.67
188.96 53.99
188.26 53.55
187.56 53.09
186.78 52.45
186.31 51.78
186.15 51.38
186.13 50.87
186.08 49.86
186.11 48.58
186.17 47.35
186.38 46.62
187.00 46.36
187.94 46.90
189.49 48.15
191.10 49.23
192.41 49.99
193.65 50.39
194.26 50.25
195.08 49.65
195.73 48.82
196.90 47.25
198.15 45.68
199.51 44.02
200.38 42.76
200.55 42.03
200.32 41.41
199.89 40.70
199.22 40.18
198.28 39.66
197.73 39.27
197.42 38.85
197.12 38.28
197.26 37.94
197.70 37.59
196.96 36.87
196.14 36.64
194.72 36.53
193.69 36.34
192.81 36.03
192.24 35.57
192.63 35.12
193.56 34.37
195.30 33.31
196.79 32.45
198.25 31.46
199.34 30.38
200.42 29.34
199.85 28.99
198.23 28.70
196.76 28.36
194.59 27.98
192.68 27.67
190.86 27.35
188.99 27.11
187.24 26.93
185.87 26.82
184.04 26.73
182.76 26.74
181.52 26.80
180.37 26.83
179.26 26.76
178.71 26.41
178.59 25.78
178.51 24.87
178.62 23.88
178.81 22.66
178.99 21.09
179.16 20.09
179.35 18.84
179.43 17.75
179.48 16.79
179.55 15.86
179.63 14.91
-1.00 -1.00
5 0
0 
 3
149.50 140.33
148.97 140.14
148.54 139.78
148.11 139.31
147.82 139.01
147.40 138.35
147.14 137.84
146.89 137.31
146.63 136.59
146.41 136.00
146.22 135.49
146.01 134.98
145.72 134.31
145.39 133.27
145.21 132.15
145.14 131.45
145.13 130.62
145.18 129.72
145.24 128.98
145.40 128.10
145.64 127.56
145.89 127.11
146.46 126.51
147.00 126.17
147.91 125.91
149.12 125.75
149.98 125.83
151.25 126.14
152.43 126.66
153.32 127.10
154.05 127.47
154.83 127.92
155.65 128.40
156.55 128.90
157.21 129.36
157.67 128.77
158.03 127.94
158.35 126.95
158.60 125.81
158.60 124.66
158.40 123.30
158.18 122.16
157.67 120.81
156.97 119.68
156.27 118.94
155.60 118.46
154.94 118.36
154.08 118.17
152.98 117.80
152.07 117.42
151.12 116.80
150.52 116.28
150.10 115.77
149.51 114.86
148.77 113.77
147.72 113.38
146.85 113.14
146.17 112.85
145.56 112.47
144.85 111.94
144.20 111.42
143.43 110.72
142.54 109.87
141.88 109.14
141.29 108.32
140.71 107.37
140.09 106.28
139.58 105.24
139.16 104.27
138.89 103.46
138.72 102.90
138.54 102.07
138.22 101.20
137.60 100.49
136.99 100.55
135.87 101.52
135.04 102.84
134.08 104.27
133.28 105.30
133.43 106.31
134.26 108.39
134.49 110.01
134.21 111.42
133.55 112.71
132.62 113.73
131.89 114.15
130.64 114.42
129.18 114.41
128.10 113.97
127.38 113.09
127.34 111.95
127.94 110.29
128.73 108.84
129.53 107.58
130.21 106.35
130.17 106.00
128.99 105.46
127.71 105.07
126.87 104.60
126.43 103.72
126.34 102.21
126.02 100.80
-1.00 -1.00
5 0
0 
 3
126.43 92.20
128.33 91.88
129.13 91.81
130.07 91.96
130.77 91.79
131.63 90.88
132.49 89.64
133.48 87.77
134.33 86.20
135.82 83.67
136.83 81.99
138.10 80.06
139.12 78.47
140.47 76.61
141.37 75.12
141.61 73.66
141.97 71.19
142.57 68.30
143.35 65.88
144.56 64.24
146.53 63.14
148.67 62.49
150.60 62.13
151.81 61.92
151.48 61.32
150.80 60.25
149.24 58.13
147.63 55.71
146.67 53.53
145.62 50.98
144.77 49.20
143.94 47.39
143.11 45.69
142.25 44.09
141.59 42.65
140.93 41.09
140.03 40.60
138.62 40.65
137.44 40.75
135.84 40.75
134.63 40.71
133.63 40.86
132.69 41.22
132.03 41.46
131.11 41.28
129.40 40.57
128.02 40.05
126.71 39.44
-1.00 -1.00
5 0
0 
 3
127.14 35.56
128.87 34.91
130.43 34.42
131.78 34.00
133.10 33.70
134.73 33.42
136.84 32.91
138.48 32.47
140.78 32.20
143.04 31.85
145.44 31.33
148.46 30.75
151.05 30.07
153.47 29.66
155.20 29.50
156.23 29.12
156.25 27.78
156.03 26.30
155.57 25.00
155.09 23.82
154.63 22.47
154.28 21.32
153.78 19.64
153.37 18.36
153.01 17.36
152.66 16.51
152.35 16.02
151.92 15.73
151.06 15.35
150.13 15.38
148.62 15.54
146.67 15.72
144.62 15.74
142.66 15.52
140.87 15.14
139.10 14.66
-1.00 -1.00
5 0
0 
 3
129.79 107.51
130.23 107.03
130.80 106.65
131.41 106.45
132.06 106.33
133.12 105.87
133.35 105.38
133.81 104.35
134.32 103.54
135.13 102.58
-1.00 -1.00
5 0
0 
 3
134.05 103.97
133.51 103.76
132.82 103.24
132.11 102.55
131.18 101.60
129.93 100.65
128.93 100.53
127.27 100.90
126.23 101.82
126.23 103.07
126.96 104.60
128.21 106.06
129.19 106.68
-1.00 -1.00
5 0
0 
 3
130.54 99.66
129.79 99.01
129.26 98.35
128.59 97.63
127.48 96.89
126.14 96.61
-1.00 -1.00
5 0
0 
 3
131.23 95.28
130.80 94.37
130.47 93.73
130.24 93.13
129.95 92.66
129.40 92.22
127.93 92.08
-1.00 -1.00
5 0
0 
 3
138.41 99.17
138.94 98.26
139.62 97.40
140.77 95.95
141.94 94.49
143.04 92.94
144.69 90.59
146.07 88.65
147.34 86.66
149.11 84.46
150.40 83.02
151.75 81.63
152.63 81.34
153.62 81.10
154.70 80.11
156.09 79.03
157.94 77.63
159.77 76.39
161.12 75.84
162.60 75.87
164.27 76.05
165.77 75.67
166.86 75.63
168.14 76.86
169.41 79.20
170.25 81.42
170.79 83.04
169.13 83.89
166.05 84.94
163.11 85.79
160.89 86.46
158.87 87.19
156.64 88.24
154.53 89.32
152.54 90.79
151.02 92.25
149.62 93.97
148.56 95.38
147.00 95.27
145.71 94.37
144.53 94.17
143.50 94.43
142.85 94.91
141.83 95.69
140.16 97.32
-1.00 -1.00
5 0
0 
 3
156.44 118.60
156.27 118.26
155.87 117.62
155.12 116.67
154.34 115.90
153.37 115.08
152.29 114.01
151.06 112.63
149.67 110.76
148.75 108.95
148.18 106.68
147.92 104.33
147.64 101.76
147.79 98.98
148.43 96.71
149.54 94.43
150.84 92.62
152.33 90.85
153.83 89.44
155.14 88.37
156.88 87.17
158.87 86.20
160.97 85.53
163.35 84.96
166.38 84.15
169.29 83.43
172.21 82.80
174.95 82.45
177.62 82.48
180.29 83.01
183.18 83.67
185.57 84.33
188.55 85.23
190.93 86.07
193.68 87.29
196.55 88.96
198.35 90.39
200.13 92.39
201.59 94.80
202.50 97.16
202.76 99.68
202.91 102.61
203.58 102.61
204.89 102.18
206.38 102.52
207.58 103.49
208.57 105.69
208.17 108.12
207.11 110.60
205.66 111.99
204.61 111.80
203.75 111.28
202.74 111.88
201.42 114.41
199.88 117.43
198.68 120.61
197.82 123.26
196.85 126.45
196.56 129.14
196.37 130.63
196.15 131.98
195.82 131.66
194.52 131.28
193.01 131.09
190.93 131.05
189.05 131.19
187.19 131.45
185.32 132.12
183.74 133.15
182.66 134.48
181.56 134.65
178.80 133.49
176.56 132.64
174.15 132.16
171.34 131.85
169.01 132.20
167.16 133.05
165.40 133.63
163.34 132.27
161.97 131.27
160.59 130.54
159.46 130.13
158.85 129.23
-1.00 -1.00
5 0
0 
 3
165.11 126.22
165.66 126.90
166.77 127.53
168.36 127.77
170.33 127.55
171.92 127.02
173.61 126.39
175.84 125.70
177.69 125.52
180.15 125.82
182.03 126.42
184.03 127.04
185.95 127.36
187.62 127.31
189.01 126.86
190.42 126.11
191.74 125.90
-1.00 -1.00
5 0
0 
 3
186.93 122.68
187.87 122.10
188.26 121.52
189.00 119.66
189.28 117.97
189.18 116.66
-1.00 -1.00
5 0
0 
 3
179.58 121.39
179.34 122.51
178.86 123.67
178.19 124.75
177.10 125.06
176.00 124.71
174.71 123.82
173.17 122.09
172.52 120.84
172.37 119.99
172.85 119.17
173.73 118.28
174.82 117.91
-1.00 -1.00
5 0
0 
 3
181.92 120.50
181.75 119.93
181.97 119.48
182.32 119.58
182.76 120.10
182.75 120.79
182.35 121.28
181.63 121.14
181.32 120.54
181.48 119.74
182.05 119.40
182.73 119.87
182.70 120.52
182.19 120.68
182.04 120.13
182.37 119.92
182.18 120.23
-1.00 -1.00
5 0
0 
 3
168.68 121.04
168.49 120.24
168.90 119.66
169.33 119.73
169.81 120.14
170.13 120.81
170.14 121.46
169.64 121.97
168.93 121.85
168.67 121.35
168.78 120.52
169.19 120.23
169.80 120.38
169.95 120.93
169.45 121.34
169.14 121.07
169.34 120.44
169.56 120.90
-1.00 -1.00
5 0
0 
 3
167.27 124.71
166.33 124.33
165.17 123.45
163.96 122.10
163.30 120.97
162.88 119.65
162.83 118.66
163.17 117.91
163.97 116.92
-1.00 -1.00
5 0
0 
 3
181.89 104.96
183.27 104.73
184.66 104.13
186.05 102.97
187.17 101.64
188.12 100.11
188.74 98.55
188.81 97.32
188.20 96.14
187.27 94.87
185.76 93.86
183.98 93.17
182.45 92.85
180.50 92.59
178.18 92.28
175.51 92.29
171.99 92.78
168.80 93.23
165.54 93.57
163.20 93.77
160.57 94.55
159.17 95.82
158.12 98.22
158.18 100.53
159.33 102.40
161.23 103.89
163.35 104.57
166.22 104.72
168.64 104.59
169.17 104.66
169.61 104.71
170.16 104.82
170.59 104.89
171.45 104.97
172.39 105.05
173.18 105.16
174.40 105.18
175.47 105.36
176.45 105.29
177.14 105.30
177.94 105.29
178.70 105.28
179.22 105.32
179.59 105.35
179.99 105.35
180.54 105.31
181.26 105.20
182.00 105.06
182.49 104.99
-1.00 -1.00
5 0
0 
 3
180.11 73.77
179.50 74.27
178.85 74.21
178.11 73.84
177.68 72.82
177.87 71.69
178.46 71.13
179.28 70.89
180.47 71.05
-1.00 -1.00
5 0
0 
 3
177.62 73.81
176.90 74.50
175.85 74.66
174.21 74.03
173.22 72.72
173.14 71.58
173.77 70.97
175.28 70.75
176.88 71.39
177.32 72.84
176.55 73.77
175.15 74.10
173.23 74.34
171.42 74.54
169.86 74.55
168.63 74.35
167.44 73.59
167.19 72.80
169.02 71.90
171.64 72.11
173.23 72.71
-1.00 -1.00
5 0
0 
 3
169.13 74.62
168.56 74.82
167.56 75.32
165.57 75.93
163.46 76.43
161.83 76.39
161.26 75.65
161.37 74.54
162.42 73.83
164.18 73.42
166.43 73.39
167.73 74.07
-1.00 -1.00
5 0
0 
 3
172.60 66.88
172.35 67.35
171.72 67.46
170.61 67.15
169.61 67.34
168.47 67.49
167.31 67.31
165.95 67.84
164.94 67.88
-1.00 -1.00
5 0
0 
 3
170.24 61.15
170.51 62.03
169.83 62.49
168.35 62.21
166.72 62.57
165.11 62.82
164.04 63.04
-1.00 -1.00
5 0
0 
 3
180.97 67.28
180.27 67.51
179.36 67.38
178.22 66.58
177.04 65.24
175.88 63.44
175.12 61.64
174.75 59.87
174.92 58.32
175.53 56.69
176.38 55.34
177.42 54.01
178.50 52.76
179.27 51.67
179.46 50.62
178.77 48.53
178.01 46.74
177.12 44.65
176.40 42.76
176.00 41.64
175.76 42.02
174.69 43.16
173.28 43.55
171.12 42.76
170.44 41.43
170.67 40.12
171.52 39.19
172.84 38.49
173.93 38.28
173.18 38.28
171.56 37.51
170.74 36.47
170.76 35.64
171.08 35.01
170.71 34.80
169.99 33.46
170.77 32.32
172.43 31.49
174.01 31.84
175.01 32.85
175.29 32.00
176.73 30.57
178.50 30.44
180.90 32.08
181.31 33.10
182.20 31.84
183.25 31.78
184.27 32.96
183.52 34.45
183.94 34.42
185.89 34.18
187.40 34.85
187.39 36.71
186.34 38.11
184.83 38.60
184.70 39.27
184.86 41.83
185.00 44.09
185.20 46.48
185.23 48.35
185.30 49.40
184.47 49.75
182.80 50.24
181.47 50.48
180.39 51.14
180.19 52.53
180.93 53.52
181.73 56.49
182.72 58.83
183.12 58.56
183.24 56.03
182.62 53.14
182.51 52.38
183.83 54.83
185.53 56.42
185.99 55.59
185.76 53.21
185.37 52.14
185.55 51.58
-1.00 -1.00
5 0
0 
 3
186.58 46.24
186.24 45.61
185.91 44.83
185.55 43.69
185.91 43.30
187.81 43.70
189.70 45.42
191.18 47.56
192.39 49.69
-1.00 -1.00
5 0
0 
 3
186.09 44.15
185.67 42.64
185.48 40.93
185.52 39.22
187.24 37.84
189.29 37.15
192.06 37.41
194.35 38.19
196.55 38.59
-1.00 -1.00
5 0
0 
 3
171.71 35.53
169.50 35.46
166.97 35.54
164.22 35.54
161.44 35.82
157.73 36.32
154.38 36.86
150.18 37.78
146.66 38.62
144.21 39.34
142.34 39.90
141.46 40.31
-1.00 -1.00
5 0
0 
 3
156.20 28.93
157.87 28.70
159.50 28.30
161.25 28.03
163.56 27.72
166.07 27.30
168.18 27.01
170.09 26.74
172.07 26.52
174.28 26.49
176.65 26.54
178.57 26.65
180.80 26.78
-1.00 -1.00
5 0
0 
 3
168.29 26.45
168.21 25.47
168.07 24.01
167.74 22.69
167.23 20.64
166.79 18.78
166.49 17.31
167.63 17.03
169.54 16.67
171.84 16.57
174.38 16.52
176.95 16.30
179.18 15.76
-1.00 -1.00
5 0
0 
 3
166.39 18.38
164.57 18.52
161.41 18.95
158.41 19.28
155.35 19.58
153.26 19.67
-1.00 -1.00
5 0
0 
 3
152.55 16.20
155.89 15.03
158.54 14.32
-1.00 -1.00
5 0
0 
 3
164.63 14.16
166.10 14.61
166.71 16.20
-1.00 -1.00
5 0
0 
 3
141.25 75.60
141.76 75.67
142.38 75.61
143.38 75.71
144.63 75.95
145.50 76.36
146.20 76.85
146.96 77.37
147.51 77.82
148.28 78.44
148.97 79.06
149.50 79.57
150.39 80.19
151.15 80.98
151.63 81.59
152.05 82.04
151.92 81.14
151.37 80.30
150.82 79.56
150.16 78.67
149.60 77.56
148.40 76.39
146.99 75.22
145.75 74.22
144.33 73.33
143.17 72.67
141.99 72.32
-1.00 -1.00
5 0
0 
 3
206.31 89.82
207.25 89.58
207.81 89.56
208.76 89.76
209.44 90.06
210.77 90.55
211.63 90.91
212.75 91.40
213.75 91.96
214.03 92.22
214.40 92.62
215.10 93.49
215.88 94.71
216.53 96.03
216.77 97.24
216.78 98.29
216.23 99.48
215.55 100.82
214.62 102.43
213.58 103.86
212.32 104.96
211.91 105.74
211.86 106.22
212.52 106.10
213.22 105.08
214.07 103.59
215.12 102.17
216.26 100.65
216.94 99.31
217.26 97.83
217.35 96.38
217.15 94.38
216.94 92.89
216.54 91.53
215.77 90.33
215.01 89.63
213.93 88.84
-1.00 -1.00
5 0
0 
 3
205.86 127.74
205.79 128.64
205.40 129.32
204.58 130.44
203.95 131.56
202.98 133.38
202.11 134.90
201.42 136.05
200.65 137.20
199.66 138.43
198.72 139.41
197.65 140.22
196.35 141.05
194.93 141.97
193.85 142.43
192.60 142.92
192.39 143.24
193.87 143.21
195.05 142.76
196.63 141.88
197.99 140.89
199.52 139.89
201.02 138.57
202.11 137.31
203.19 135.63
204.12 133.85
204.90 132.08
205.48 130.19
205.82 128.98
205.99 127.97
-1.00 -1.00
5 0
0 
 3
186.31 143.47
185.39 143.38
184.81 143.31
184.02 143.16
183.38 143.10
183.07 143.33
183.60 143.51
184.01 143.35
184.43 143.85
185.61 143.96
186.41 143.80
-1.00 -1.00
5 0
0 
 3
178.66 141.54
177.93 141.34
177.00 141.10
176.52 141.06
177.42 141.65
-1.00 -1.00
5 0
0 
 3
170.46 144.08
170.20 144.49
169.61 144.85
168.51 145.04
166.66 145.06
164.20 144.92
162.14 144.84
160.98 144.69
160.06 144.42
159.98 144.02
161.80 143.95
164.24 144.39
166.88 144.41
168.97 144.09
170.30 143.63
171.03 143.79
-1.00 -1.00
5 0
0 
 3
153.65 129.13
152.89 128.90
151.52 129.09
150.28 129.70
149.46 130.45
148.84 131.51
148.77 132.53
149.11 133.95
149.25 135.04
148.65 134.67
148.14 132.77
147.70 130.62
147.71 129.01
148.16 127.75
149.95 127.45
151.74 127.85
153.41 128.58
-1.00 -1.00
5 0
0 
 3
187.11 53.20
186.41 53.18
185.51 52.85
185.15 52.88
184.77 53.04
184.37 53.00
183.55 52.90
183.08 52.92
182.26 53.18
181.52 53.36
180.55 53.38
179.28 53.87
178.49 53.94
177.93 53.71
-1.00 -1.00
5 0
0 
 -1
