gremlinfile
0 56.00 16.00
3
95.21 18.27
95.41 17.57
96.01 16.57
97.97 16.13
100.70 16.60
105.26 17.87
110.32 19.48
115.21 21.72
119.51 24.80
123.27 27.82
125.43 30.49
127.36 34.18
127.96 37.96
127.20 40.44
125.53 41.34
122.47 40.17
115.68 35.38
113.91 33.31
112.05 29.46
110.32 25.54
107.99 21.66
105.76 18.64
102.80 17.44
100.93 17.50
100.20 19.35
100.67 21.96
102.30 24.80
103.79 27.55
105.09 29.36
107.72 31.10
110.75 31.37
113.12 32.04
114.71 33.01
-1.00 -1.00
5 0
0 
 3
103.13 28.49
100.33 27.18
98.00 25.27
95.74 22.12
94.81 19.35
95.47 17.54
97.27 16.90
100.60 17.71
-1.00 -1.00
5 0
0 
 3
113.78 33.81
112.52 35.55
111.88 37.83
111.78 40.04
111.58 41.64
111.38 42.78
109.95 43.72
107.79 43.75
104.49 43.38
103.20 42.01
101.36 39.23
100.83 36.96
101.33 33.64
101.50 29.83
101.63 28.95
-1.00 -1.00
5 0
0 
 3
102.33 30.39
102.73 31.77
104.96 34.18
108.06 36.35
110.95 37.69
111.25 37.79
-1.00 -1.00
5 0
0 
 3
62.98 58.32
63.55 56.58
65.08 54.10
67.24 52.09
70.57 50.21
73.60 49.14
78.10 48.01
81.52 46.90
84.65 45.96
88.85 44.82
92.34 44.22
96.40 43.69
101.73 43.32
108.52 43.22
113.28 43.52
118.94 44.09
124.13 44.66
129.66 45.56
132.06 46.63
132.69 47.47
132.46 48.07
131.09 50.55
128.60 51.92
125.57 53.06
121.34 53.73
118.51 53.40
113.25 52.12
109.35 52.32
104.76 52.32
101.63 52.26
97.54 52.49
-1.00 -1.00
5 0
0 
 3
95.87 71.98
96.27 69.53
96.50 65.78
96.50 61.90
96.67 57.55
96.50 53.13
95.67 49.61
94.67 49.21
93.58 49.81
93.38 51.35
93.31 51.12
91.71 49.21
89.88 49.11
88.58 50.65
88.85 52.19
89.21 52.66
87.58 51.15
85.45 51.02
84.15 52.66
83.99 55.14
86.25 56.64
87.95 56.81
87.92 56.94
86.62 61.30
86.22 65.38
86.19 69.00
86.68 71.44
-1.00 -1.00
5 0
0 
 3
81.42 55.81
79.79 56.51
77.73 57.41
75.30 58.42
72.74 59.22
69.97 59.79
67.74 60.02
65.35 60.06
64.25 59.35
63.62 58.52
63.75 57.28
-1.00 -1.00
5 0
0 
 3
82.66 55.94
80.69 57.75
79.76 60.26
79.86 63.34
79.49 66.96
78.06 68.16
77.40 65.52
78.60 62.37
80.69 59.92
-1.00 -1.00
5 0
0 
 3
78.00 60.56
77.26 61.93
76.93 64.11
76.33 67.62
75.30 71.31
73.77 75.19
72.14 78.00
71.44 76.53
72.27 73.42
73.74 68.93
75.43 65.35
77.33 61.70
79.19 59.96
-1.00 -1.00
5 0
0 
 3
79.23 59.76
77.70 58.95
75.93 58.65
73.90 59.86
71.60 62.80
69.27 66.22
66.74 71.34
65.95 74.86
66.54 77.23
67.61 77.84
69.67 78.41
71.44 78.44
-1.00 -1.00
5 0
0 
 3
71.44 61.23
69.34 62.90
66.94 63.98
65.85 64.24
68.24 62.03
69.87 59.79
-1.00 -1.00
5 0
0 
 3
81.66 60.76
81.86 63.67
82.69 66.75
83.72 69.83
84.82 71.84
85.39 73.05
83.69 74.92
82.79 77.00
82.49 80.15
83.32 82.66
85.42 84.63
87.08 85.54
89.05 85.74
91.68 85.10
93.81 84.73
96.07 83.66
97.24 81.69
97.40 81.28
98.37 79.84
98.50 77.50
97.47 75.22
95.67 73.85
93.77 73.65
92.54 73.85
94.47 77.00
92.98 80.18
92.21 80.95
91.98 78.54
92.14 76.43
90.18 77.43
88.32 76.43
90.78 74.89
92.34 75.33
91.68 76.10
90.95 74.02
92.14 72.88
93.38 73.89
92.24 73.78
89.08 73.35
86.92 73.48
84.89 73.52
-1.00 -1.00
5 0
0 
 3
86.92 71.11
88.45 69.80
90.41 70.04
92.78 71.24
94.87 72.24
96.60 73.48
-1.00 -1.00
5 0
0 
 3
91.31 86.74
92.28 88.62
95.41 94.81
95.91 96.25
91.38 96.92
88.52 99.23
90.25 101.10
93.51 100.80
95.74 99.97
96.60 99.30
96.54 102.04
96.01 105.02
95.24 107.00
-1.00 -1.00
5 0
0 
 3
98.27 99.60
95.77 97.32
93.91 95.01
96.87 95.21
100.20 96.62
100.87 97.52
99.63 98.73
-1.00 -1.00
5 0
0 
 3
102.20 98.69
101.43 97.19
102.00 94.64
103.96 94.44
105.39 96.28
104.49 97.49
102.16 98.16
101.83 98.16
104.39 98.19
105.59 96.65
106.62 94.14
109.02 91.16
110.82 91.26
111.45 92.10
110.69 93.91
108.49 96.18
107.12 97.02
-1.00 -1.00
5 0
0 
 3
106.22 95.41
107.82 92.90
109.85 89.42
111.55 85.67
112.68 82.59
113.15 80.31
113.12 79.58
113.95 78.44
114.28 75.22
115.38 72.18
115.85 70.14
116.48 67.46
116.94 66.12
117.64 63.24
118.14 61.00
118.38 59.12
118.74 57.28
119.61 55.87
119.84 54.60
119.67 54.33
-1.00 -1.00
5 0
0 
 3
107.32 87.71
106.69 85.77
106.06 83.29
106.13 83.09
108.66 84.60
109.75 86.54
-1.00 -1.00
5 0
0 
 3
109.25 81.45
108.72 78.84
108.69 78.00
111.19 79.95
-1.00 -1.00
5 0
0 
 3
106.36 96.75
105.49 100.33
105.26 102.95
105.46 104.29
107.89 104.45
112.48 105.06
117.04 105.62
122.37 107.13
127.10 108.84
130.83 111.58
134.39 115.94
135.82 119.72
135.82 123.03
134.95 126.52
133.82 129.70
133.95 129.66
137.42 128.22
139.68 129.46
140.55 132.31
139.28 136.53
137.05 138.57
133.46 139.37
129.99 140.78
128.53 143.22
127.36 146.87
126.96 150.76
127.16 153.30
127.06 154.34
129.06 153.20
131.86 153.57
133.56 154.74
134.92 156.51
136.45 159.86
136.82 163.75
135.89 167.36
133.95 171.11
132.32 173.42
130.13 175.16
127.06 176.23
122.70 176.60
117.54 174.66
115.65 173.15
114.85 172.08
113.12 170.44
111.82 170.31
106.99 174.43
101.76 176.57
94.64 177.61
88.68 176.54
83.29 174.39
76.66 170.17
72.54 165.55
70.54 161.60
68.31 156.11
67.21 151.29
66.78 145.83
66.94 140.71
67.31 137.23
67.71 133.15
68.01 130.57
68.11 129.80
67.14 130.70
63.65 134.32
61.38 136.29
59.45 137.06
58.56 137.30
57.22 134.95
55.66 131.50
55.69 127.42
56.76 122.36
58.59 117.24
60.85 113.73
63.91 110.71
67.94 108.07
73.24 106.36
77.16 106.43
80.49 107.47
81.52 106.96
83.42 104.49
87.32 104.05
92.21 105.86
96.30 107.67
100.03 111.25
102.83 116.61
103.36 122.73
100.77 127.65
98.24 130.10
96.84 130.77
98.74 130.13
99.83 131.47
95.61 132.14
93.21 133.88
92.01 136.53
92.31 139.51
95.54 142.12
97.97 144.03
100.50 143.16
103.56 139.21
103.79 138.17
103.56 141.28
102.93 142.39
103.60 141.95
106.52 141.78
109.42 143.93
112.65 148.85
113.58 153.53
113.02 157.79
113.28 159.59
116.15 157.45
118.28 156.18
120.97 155.54
123.37 155.24
125.17 154.84
127.70 154.74
130.86 155.34
133.46 156.58
135.49 158.19
135.69 160.67
134.69 164.82
133.16 168.20
131.36 170.44
128.93 172.12
125.73 173.12
122.80 173.36
120.37 173.12
118.04 172.89
115.78 172.52
113.68 171.35
-1.00 -1.00
5 0
0 
 3
113.91 169.91
112.72 169.00
112.02 169.50
109.72 171.08
106.46 172.59
101.40 174.33
96.27 174.49
91.38 174.06
86.32 172.85
81.96 170.54
78.00 166.79
75.17 164.01
73.10 160.63
71.14 156.78
69.84 153.37
69.01 148.61
68.81 144.09
69.04 138.50
69.47 133.61
69.71 129.46
69.64 127.39
66.18 127.99
63.58 128.12
60.49 127.35
60.65 125.01
62.12 120.39
63.45 116.74
65.15 113.63
67.11 110.91
69.54 108.50
-1.00 -1.00
5 0
0 
 3
121.94 140.85
119.31 139.37
117.91 137.50
117.64 136.79
118.28 134.05
-1.00 -1.00
5 0
0 
 3
125.47 137.20
124.37 135.36
123.97 134.08
123.97 133.95
124.87 135.05
125.90 137.56
126.20 138.84
125.43 138.03
124.83 135.89
123.74 134.38
123.14 134.22
124.60 136.46
125.87 138.50
125.97 137.36
124.27 134.82
123.54 133.45
-1.00 -1.00
5 0
0 
 3
104.69 44.59
104.46 43.72
103.40 40.51
100.40 37.86
97.00 36.45
93.04 35.52
88.68 35.55
85.22 36.32
82.52 37.39
80.39 38.97
80.96 38.30
84.32 34.58
86.72 31.77
89.18 27.95
89.58 23.67
85.95 21.52
81.86 22.49
78.33 25.57
75.10 29.19
70.94 33.81
67.74 40.00
66.48 45.53
66.08 50.48
66.48 54.00
68.54 51.82
71.01 50.01
74.17 47.94
77.80 46.40
80.79 45.63
82.19 45.36
82.66 43.65
83.06 40.81
-1.00 -1.00
5 0
0 
 3
81.42 38.87
79.16 40.81
77.70 43.12
77.10 45.29
78.63 45.23
80.23 46.60
79.49 47.50
76.07 48.57
72.20 49.08
68.68 50.15
66.11 51.89
-1.00 -1.00
5 0
0 
 3
82.12 35.89
78.53 35.38
75.17 36.79
71.80 38.93
69.97 40.91
68.71 43.69
68.44 48.21
67.68 52.73
-1.00 -1.00
5 0
0 
 3
80.76 37.86
79.83 38.80
76.93 39.13
76.40 38.87
78.99 37.76
81.32 37.79
-1.00 -1.00
5 0
0 
 -1
