gremlinfile
0 64.00 40.00
3
83.65 40.32
83.54 40.45
83.27 40.82
83.07 41.38
82.84 42.28
82.57 43.56
82.18 44.89
81.84 46.45
81.54 48.25
81.40 49.59
81.37 50.83
81.30 51.75
81.10 53.15
80.66 54.64
80.15 56.31
79.57 57.71
78.70 59.55
77.18 62.58
76.82 63.47
76.44 64.08
76.11 64.96
76.02 65.56
75.65 66.42
75.10 67.03
74.54 67.99
74.44 68.76
74.22 69.56
73.70 70.89
73.23 72.45
72.73 74.23
72.56 75.87
72.40 76.98
72.05 78.98
71.67 79.86
70.99 80.60
70.40 80.83
69.24 81.21
68.70 81.27
68.26 81.19
67.99 81.10
67.95 80.98
67.82 80.67
67.52 80.58
67.33 80.84
67.21 81.12
66.83 81.80
66.18 82.68
65.61 83.69
65.06 85.17
65.07 85.98
65.44 86.52
65.77 87.43
65.70 88.50
65.52 89.50
65.44 90.46
65.37 91.19
65.34 92.15
65.29 93.00
65.43 93.77
66.07 93.92
66.48 93.94
66.80 94.20
66.94 94.85
67.01 95.44
67.12 95.54
67.49 96.25
67.77 97.22
67.96 98.60
68.12 100.21
68.12 101.82
68.05 103.16
67.82 104.64
67.43 107.38
67.21 108.78
66.99 109.97
66.80 111.26
66.67 112.45
66.50 113.66
66.49 114.73
66.43 115.70
66.29 116.53
66.18 117.29
66.13 118.08
66.59 118.68
67.26 118.85
67.95 118.88
68.55 119.45
69.02 120.29
69.11 120.62
69.28 121.24
69.40 121.50
69.52 121.84
69.74 121.80
70.46 121.40
71.88 121.28
72.62 121.30
73.33 121.51
74.07 121.65
74.48 121.71
74.87 121.76
75.80 121.89
76.46 121.82
77.09 121.68
77.56 121.48
78.13 121.15
78.91 120.61
79.39 120.11
79.62 119.51
79.85 118.70
79.90 117.88
79.80 117.39
79.82 116.91
79.68 116.42
79.35 116.09
79.46 115.97
79.68 115.81
79.61 115.45
79.77 114.99
79.80 114.36
79.88 113.85
79.91 113.10
79.83 112.84
79.84 112.57
79.95 112.47
80.22 112.18
80.39 111.60
80.73 111.48
81.27 111.41
81.80 111.14
81.91 110.40
82.02 109.79
81.95 109.00
81.24 108.32
80.68 108.06
79.98 107.96
79.54 107.44
79.07 107.20
78.72 106.66
78.77 105.86
79.04 104.89
79.05 104.00
79.10 103.19
78.96 102.58
78.80 101.31
79.01 99.85
79.45 98.69
80.24 97.42
81.76 95.85
83.35 94.46
85.96 92.44
86.52 92.21
86.71 91.94
86.94 91.56
87.49 90.97
88.00 91.01
88.62 90.79
89.65 90.26
90.40 90.29
90.72 90.29
91.40 90.51
92.21 90.42
93.73 89.82
95.96 87.89
96.88 87.20
97.55 86.52
98.20 86.18
98.62 86.21
99.78 85.53
100.82 84.39
101.33 83.41
102.02 82.55
102.60 82.12
103.27 81.88
104.57 81.31
105.60 80.79
106.46 79.96
106.87 78.93
107.11 78.08
107.55 77.41
108.37 76.39
109.09 75.69
109.71 75.15
110.45 74.66
111.05 74.65
111.30 74.45
111.57 74.68
111.80 74.60
112.13 74.68
112.52 74.23
113.62 73.81
114.07 74.28
114.49 74.32
115.01 74.26
115.63 74.51
115.99 74.40
115.70 73.88
114.99 73.78
114.82 73.48
115.18 73.90
115.73 73.94
115.91 74.49
115.40 74.67
115.20 74.91
115.44 75.32
115.89 75.65
116.15 75.83
116.39 75.87
116.60 75.57
116.68 75.22
116.80 74.76
117.00 74.43
117.29 74.35
117.65 74.32
118.06 74.16
118.29 73.76
118.56 73.58
119.02 73.31
119.17 73.26
-1.00 -1.00
5 0
0 
 3
117.07 75.70
117.00 75.83
117.04 75.92
117.49 76.17
117.98 76.01
118.45 76.00
119.28 76.28
119.52 76.33
119.91 76.18
119.93 75.92
120.27 75.69
120.50 75.49
120.68 75.11
120.89 74.71
121.04 74.54
-1.00 -1.00
5 0
0 
 3
119.87 76.38
120.30 76.45
120.88 76.63
121.20 77.06
121.63 77.06
122.33 76.87
122.67 76.88
-1.00 -1.00
5 0
0 
 3
120.33 76.43
119.96 76.60
119.84 76.97
119.40 77.01
118.63 76.84
116.26 76.87
115.07 76.65
114.34 76.52
113.85 76.34
113.78 76.75
113.55 78.49
113.18 79.39
112.90 80.14
113.48 79.87
113.24 80.96
112.67 81.23
111.66 81.37
111.12 81.68
110.61 82.12
110.20 82.53
110.15 82.68
109.90 82.24
109.50 82.15
108.94 82.08
108.41 81.92
108.55 81.74
108.22 81.72
107.87 82.08
107.34 82.76
106.95 83.63
107.18 84.91
106.85 86.39
105.84 87.83
105.28 88.84
105.05 89.78
104.56 91.02
104.07 92.42
103.72 93.72
103.52 94.91
103.50 95.65
103.34 95.88
103.24 96.20
103.37 97.62
103.24 99.08
102.67 100.64
101.60 103.65
101.35 104.27
100.90 104.10
100.32 104.35
100.12 104.53
99.56 105.18
98.80 106.26
98.17 107.60
97.61 108.86
97.44 109.31
97.37 109.04
97.11 108.46
96.65 108.12
95.87 108.46
95.29 108.94
94.17 109.75
93.87 110.16
93.91 110.38
94.60 110.52
94.90 110.74
94.84 111.01
94.65 111.26
93.52 111.76
93.04 112.46
92.82 113.01
92.89 113.31
93.34 113.23
93.79 112.98
93.94 113.72
93.90 114.09
93.52 114.58
93.02 114.78
92.32 115.12
91.46 115.58
90.85 116.02
90.63 116.47
90.80 116.71
91.50 116.56
92.20 116.30
91.82 116.33
91.20 116.33
90.93 116.40
90.40 116.40
90.06 116.63
90.23 116.86
89.79 116.69
88.74 116.99
87.94 117.27
87.67 117.65
87.91 118.19
87.30 118.40
87.20 118.08
87.04 117.78
86.48 117.81
85.71 118.25
84.90 118.46
84.79 118.79
84.87 119.77
84.80 120.29
85.12 120.57
85.50 120.76
85.54 121.37
85.16 122.03
85.15 122.81
85.68 123.38
86.29 123.61
86.67 123.92
85.66 123.90
86.43 124.21
87.09 124.59
87.21 125.05
87.74 124.52
88.61 124.76
89.06 125.12
88.95 125.68
88.30 125.83
88.20 126.32
88.20 126.74
87.95 127.31
87.94 128.42
87.80 128.82
87.59 128.70
87.30 128.74
87.13 129.11
86.57 129.41
86.74 129.67
86.32 129.96
85.76 130.70
85.98 130.81
86.15 130.59
86.32 130.76
86.71 130.01
87.27 130.26
87.30 130.49
87.24 130.59
87.15 130.91
87.20 131.23
87.43 131.66
87.23 132.34
86.98 133.01
86.94 133.53
86.50 133.56
86.01 133.39
85.71 133.88
86.18 134.22
85.44 134.78
84.66 135.10
84.22 135.25
83.65 134.76
82.91 134.83
82.33 134.88
82.63 135.18
82.44 135.35
82.54 135.02
81.94 134.98
81.59 135.86
80.94 136.48
80.49 136.80
81.16 135.89
81.55 134.60
81.43 134.16
79.85 135.15
79.45 134.51
78.82 135.45
79.16 135.95
78.63 137.16
78.00 137.46
77.35 137.83
77.11 137.76
76.40 138.89
76.20 139.18
75.73 139.57
75.43 140.66
74.66 141.38
74.87 142.03
75.74 141.57
76.34 141.93
77.30 140.62
78.06 140.30
78.40 140.55
78.68 141.71
78.99 141.64
79.60 143.58
79.90 143.66
80.87 144.35
81.51 145.39
81.52 146.36
81.06 147.47
81.07 148.15
81.70 147.97
83.07 147.16
83.87 147.01
85.12 147.75
85.88 148.50
87.48 149.05
88.15 149.32
89.27 150.70
89.44 150.97
89.95 151.08
90.41 151.72
90.96 152.20
91.23 152.50
91.54 153.08
91.77 153.40
91.99 154.10
92.62 153.67
93.30 153.23
93.94 153.94
94.10 154.51
94.33 154.92
94.71 155.07
94.99 155.51
95.27 156.08
95.29 156.40
95.32 156.78
95.28 157.68
95.29 158.51
95.10 158.95
-1.00 -1.00
5 0
0 
 3
50.09 142.81
50.26 142.34
50.49 141.64
50.72 140.86
50.93 139.90
51.21 138.37
51.46 137.07
51.78 135.90
52.17 134.53
52.76 133.64
54.94 132.05
55.74 131.26
56.59 130.54
57.26 129.95
59.74 127.40
60.27 126.93
61.55 125.97
62.60 125.14
63.34 124.41
63.66 123.99
63.77 123.71
64.05 122.89
64.28 122.64
64.94 123.33
65.74 123.24
66.39 123.22
67.20 123.23
68.26 122.96
68.94 123.28
69.45 123.57
69.96 123.59
70.01 124.17
70.43 124.75
70.15 125.89
70.00 127.12
69.60 128.34
69.06 129.20
68.22 129.95
68.11 130.55
69.32 130.38
70.35 129.88
70.98 128.98
71.70 128.49
72.12 128.82
71.65 129.49
72.16 129.63
72.60 129.74
73.06 131.04
72.87 132.48
72.28 133.21
71.24 133.46
70.50 134.23
70.16 134.75
70.51 134.62
70.40 135.34
70.22 137.56
69.73 138.84
69.23 139.38
68.93 140.39
68.68 141.48
68.48 142.45
68.23 142.66
68.73 142.51
69.54 142.87
70.09 143.10
70.61 143.77
71.33 143.76
72.26 143.77
72.87 143.93
73.17 144.42
73.11 145.12
72.33 146.39
71.84 146.78
71.01 147.33
70.16 147.67
68.98 147.97
68.10 148.36
67.59 149.34
67.56 149.98
67.83 150.66
68.13 151.48
68.57 152.59
68.89 153.80
69.40 154.68
69.80 155.76
70.29 156.33
71.00 157.74
-1.00 -1.00
5 0
0 
 3
136.24 81.10
136.18 80.41
143.65 80.33
143.72 81.06
-1.00 -1.00
5 0
0 
 3
143.67 80.81
136.27 80.72
-1.00 -1.00
5 0
0 
 3
138.21 81.06
138.23 80.54
-1.00 -1.00
5 0
0 
 3
138.98 80.38
138.99 80.65
-1.00 -1.00
5 0
0 
 3
139.96 80.40
139.99 80.94
-1.00 -1.00
5 0
0 
 3
141.83 81.04
141.84 80.46
-1.00 -1.00
5 0
0 
 3
142.72 80.36
142.71 80.62
-1.00 -1.00
5 0
0 
 3
139.57 114.08
139.72 115.33
141.38 122.41
138.04 122.42
139.66 115.53
-1.00 -1.00
5 0
0 
 3
135.01 119.82
138.49 119.82
-1.00 -1.00
5 0
0 
 3
140.80 119.89
143.89 119.99
-1.00 -1.00
5 0
0 
 3
139.68 126.48
139.66 125.50
-1.00 -1.00
5 0
0 
 3
139.59 123.92
139.63 122.62
-1.00 -1.00
5 0
0 
 -1
