gremlinfile
1 256.00 80.00
3
248.00 80.00
256.00 80.00
-1.00 -1.00
5 0
0 
 3
248.00 88.00
256.00 88.00
-1.00 -1.00
5 0
0 
 3
248.00 96.00
256.00 96.00
-1.00 -1.00
5 0
0 
 3
256.00 76.00
256.00 100.00
-1.00 -1.00
6 0
0 
 3
276.00 88.00
280.00 88.00
-1.00 -1.00
5 0
0 
 4
274.00 88.00
272.00 88.00
274.00 90.00
274.00 86.00
276.00 88.00
272.00 88.00
-1.00 -1.00
6 0
0 
 4
264.00 88.00
264.00 80.00
264.00 96.00
-1.00 -1.00
6 180
0 
 3
256.00 96.00
264.00 96.00
-1.00 -1.00
6 0
0 
 3
256.00 80.00
264.00 80.00
-1.00 -1.00
6 0
0 
 3
256.00 80.06
256.00 96.00
-1.00 -1.00
6 0
0 
 -1
