gremlinfile
1 128.00 96.00
3
148.00 104.00
152.00 104.00
-1.00 -1.00
5 0
0 
 3
120.00 100.00
124.00 100.00
-1.00 -1.00
5 0
0 
 3
120.00 108.00
124.00 108.00
-1.00 -1.00
5 0
0 
 4
126.00 100.00
128.00 100.00
126.00 102.00
126.00 98.00
128.00 100.00
124.00 100.00
-1.00 -1.00
6 0
0 
 4
126.00 108.00
128.00 108.00
126.00 110.00
126.00 106.00
128.00 108.00
124.00 108.00
-1.00 -1.00
6 0
0 
 4
146.00 104.00
144.00 104.00
146.00 106.00
146.00 102.00
148.00 104.00
144.00 104.00
-1.00 -1.00
6 0
0 
 4
136.00 104.00
136.00 96.00
136.00 112.00
-1.00 -1.00
6 180
0 
 3
128.00 112.00
136.00 112.00
-1.00 -1.00
6 0
0 
 3
128.00 96.00
136.00 96.00
-1.00 -1.00
6 0
0 
 3
128.00 96.06
128.00 112.00
-1.00 -1.00
6 0
0 
 -1
