gremlinfile
1 240.00 176.00
3
260.00 184.00
264.00 184.00
-1.00 -1.00
5 0
0 
 4
258.00 184.00
260.00 184.00
258.00 186.00
258.00 182.00
260.00 184.00
256.00 184.00
-1.00 -1.00
6 0
0 
 3
240.00 192.00
247.00 192.00
-1.00 -1.00
6 0
0 
 3
240.00 176.00
247.00 176.00
-1.00 -1.00
6 0
0 
 4
240.00 176.00
249.00 191.00
247.01 192.03
-1.00 -1.00
6 7
0 
 4
240.00 192.00
247.00 176.00
248.99 177.02
-1.00 -1.00
6 7
0 
 3
249.00 177.00
256.00 184.00
249.00 191.00
-1.00 -1.00
6 0
0 
 4
224.00 184.00
240.00 176.00
240.00 192.00
-1.00 -1.00
6 53
0 
 -1
