gremlinfile
1 224.00 160.00
3
244.00 168.00
248.00 168.00
-1.00 -1.00
5 0
0 
 4
242.00 168.00
244.00 168.00
242.00 170.00
242.00 166.00
244.00 168.00
240.00 168.00
-1.00 -1.00
6 0
0 
 3
224.00 168.00
226.00 168.00
-1.00 -1.00
5 0
0 
 3
216.00 160.00
224.00 160.00
-1.00 -1.00
5 0
0 
 3
216.00 168.00
224.00 168.00
-1.00 -1.00
5 0
0 
 3
216.00 176.00
224.00 176.00
-1.00 -1.00
5 0
0 
 4
210.00 152.00
225.50 156.00
223.90 159.94
-1.00 -1.00
6 15
0 
 4
208.00 184.00
224.00 176.00
225.44 180.01
-1.00 -1.00
6 14
0 
 4
208.00 168.00
224.00 160.00
224.00 176.00
-1.00 -1.00
6 53
0 
 3
233.00 161.00
240.00 168.00
233.00 175.00
-1.00 -1.00
6 0
0 
 4
224.00 176.00
231.00 160.00
232.99 161.02
-1.00 -1.00
6 7
0 
 4
224.00 160.00
233.00 175.00
231.01 176.03
-1.00 -1.00
6 7
0 
 3
224.00 160.00
231.00 160.00
-1.00 -1.00
6 0
0 
 3
224.00 176.00
231.00 176.00
-1.00 -1.00
6 0
0 
 -1
