gremlinfile
1 240.00 144.00
4
240.00 152.00
242.00 152.00
240.00 154.00
240.00 150.00
242.00 152.00
238.00 152.00
-1.00 -1.00
6 0
0 
 3
238.00 152.00
232.00 152.00
-1.00 -1.00
5 0
0 
 4
238.00 144.00
240.00 144.00
238.00 146.00
238.00 142.00
240.00 144.00
236.00 144.00
-1.00 -1.00
6 0
0 
 3
236.00 144.00
232.00 144.00
-1.00 -1.00
5 0
0 
 3
236.00 160.00
232.00 160.00
-1.00 -1.00
5 0
0 
 4
238.00 160.00
240.00 160.00
238.00 162.00
238.00 158.00
240.00 160.00
236.00 160.00
-1.00 -1.00
6 0
0 
 3
260.00 152.00
264.00 152.00
-1.00 -1.00
5 0
0 
 4
258.00 152.00
260.00 152.00
258.00 154.00
258.00 150.00
260.00 152.00
256.00 152.00
-1.00 -1.00
6 0
0 
 4
226.00 136.00
241.50 140.00
239.90 143.94
-1.00 -1.00
6 15
0 
 4
224.00 168.00
240.00 160.00
241.44 164.01
-1.00 -1.00
6 14
0 
 4
224.00 152.00
240.00 144.00
240.00 160.00
-1.00 -1.00
6 53
0 
 3
249.00 145.00
256.00 152.00
249.00 159.00
-1.00 -1.00
6 0
0 
 4
240.00 160.00
247.00 144.00
248.99 145.02
-1.00 -1.00
6 7
0 
 4
240.00 144.00
249.00 159.00
247.01 160.03
-1.00 -1.00
6 7
0 
 3
240.00 144.00
247.00 144.00
-1.00 -1.00
6 0
0 
 3
240.00 160.00
247.00 160.00
-1.00 -1.00
6 0
0 
 -1
