gremlinfile
0 92.00 88.00
3
104.60 104.40
117.27 110.14
-1.00 -1.00
5 0
0 
 3
104.33 109.46
133.44 121.85
-1.00 -1.00
5 0
0 
 3
133.36 125.25
104.48 112.23
-1.00 -1.00
5 0
0 
 3
104.52 117.57
132.57 129.68
-1.00 -1.00
5 0
0 
 3
133.36 134.71
104.96 120.38
-1.00 -1.00
5 0
0 
 3
104.76 124.50
132.92 137.08
-1.00 -1.00
5 0
0 
 3
105.03 128.65
132.81 141.39
-1.00 -1.00
5 0
0 
 3
133.16 144.79
105.15 132.29
-1.00 -1.00
5 0
0 
 3
105.03 134.55
132.41 147.76
-1.00 -1.00
5 0
0 
 3
103.22 141.31
115.38 147.72
-1.00 -1.00
5 0
0 
 3
96.77 156.54
96.93 90.04
142.40 114.05
143.94 175.97
96.89 155.28
-1.00 -1.00
5 0
0 
 -1
