gremlinfile
0 64.00 48.00
3
79.14 114.70
79.02 114.73
78.90 114.70
78.72 114.64
78.60 114.58
78.45 114.46
78.39 114.34
78.27 114.21
78.15 113.97
78.18 113.85
78.21 113.67
78.24 113.52
78.30 113.31
78.48 113.19
78.66 113.04
78.87 113.01
78.99 113.04
79.20 113.13
79.29 113.31
79.41 113.46
79.47 113.64
79.47 114.09
79.50 114.24
79.50 114.40
79.32 114.64
79.11 114.73
78.96 114.82
78.81 114.82
-1.00 -1.00
5 0
0 
 3
85.93 111.53
85.72 111.56
85.36 111.44
85.15 111.28
84.94 110.95
84.88 110.83
84.88 110.71
84.85 110.59
84.88 110.44
84.91 110.32
85.06 110.08
85.15 109.95
85.24 109.86
85.36 109.77
85.60 109.68
85.72 109.65
85.84 109.68
86.14 109.83
86.38 110.08
86.44 110.23
86.47 110.35
86.53 110.53
86.56 110.71
86.56 110.83
86.50 110.98
86.41 111.16
86.35 111.31
86.23 111.44
86.11 111.50
85.96 111.59
85.78 111.68
85.66 111.71
-1.00 -1.00
5 0
0 
 3
72.11 118.38
73.64 117.48
74.60 117.08
75.56 116.87
75.89 115.88
75.32 113.49
74.99 112.40
74.45 111.98
73.04 112.70
71.90 113.43
71.15 114.00
-1.00 -1.00
5 0
0 
 3
83.73 87.11
83.34 88.90
82.74 95.21
82.95 101.28
82.74 103.52
82.77 104.27
-1.00 -1.00
5 0
0 
 3
104.37 105.51
103.77 105.36
102.21 105.27
100.01 105.30
98.72 105.42
96.95 105.69
94.76 105.82
93.44 106.24
92.23 106.27
91.15 106.57
90.79 107.27
91.06 108.35
91.81 110.41
92.26 111.37
-1.00 -1.00
5 0
0 
 3
121.43 109.71
116.48 107.66
114.58 107.33
112.51 106.75
111.31 106.69
109.66 106.45
108.16 106.15
107.37 106.12
-1.00 -1.00
5 0
0 
 3
127.14 113.67
125.61 112.07
124.89 111.56
124.23 111.31
-1.00 -1.00
5 0
0 
 3
123.48 115.91
124.14 116.18
124.80 116.72
125.58 117.54
126.12 118.23
126.45 118.93
-1.00 -1.00
5 0
0 
 3
107.25 109.77
108.01 109.80
112.21 110.41
113.95 110.86
118.94 112.76
120.74 113.67
121.52 114.21
-1.00 -1.00
5 0
0 
 3
92.08 111.25
93.05 110.89
94.73 110.50
96.05 110.29
97.01 110.02
102.87 109.62
103.86 109.65
104.61 109.59
-1.00 -1.00
5 0
0 
 3
106.68 112.19
107.10 111.07
107.19 110.47
107.25 109.62
107.16 108.44
106.89 106.54
106.71 105.88
106.65 105.15
106.47 104.49
106.26 103.91
105.96 103.25
104.40 103.49
103.71 103.49
103.89 104.55
104.16 105.15
104.61 106.36
104.91 107.60
105.03 108.60
104.97 110.08
104.82 110.95
104.67 111.56
104.40 112.13
-1.00 -1.00
5 0
0 
 3
120.62 116.60
121.16 115.91
121.40 114.97
121.55 113.91
121.55 113.07
121.73 111.13
121.61 108.32
122.78 108.41
123.48 108.50
123.72 109.23
123.99 111.07
123.93 114.00
123.57 115.88
123.33 116.51
122.99 117.11
-1.00 -1.00
5 0
0 
 3
67.51 51.80
68.20 51.01
69.65 50.23
71.63 49.77
73.40 49.59
75.62 49.47
77.25 49.56
81.90 50.20
83.37 50.29
85.72 50.86
87.19 51.56
87.94 51.86
-1.00 -1.00
5 0
0 
 3
87.43 82.92
87.64 82.04
88.69 73.34
88.78 71.83
89.20 67.33
89.17 65.63
89.26 64.09
88.96 58.69
88.42 55.45
87.52 47.96
87.07 45.54
86.86 44.73
-1.00 -1.00
5 0
0 
 3
86.59 44.24
87.07 43.82
88.03 43.19
89.02 42.88
89.74 42.52
94.67 41.62
95.60 41.56
97.34 41.86
98.18 41.83
99.47 41.89
100.92 42.07
103.44 42.95
105.96 44.21
107.04 44.88
107.89 45.33
108.52 45.85
109.15 46.30
109.93 46.72
110.62 47.14
111.58 47.90
112.33 48.59
112.90 49.32
113.29 50.20
-1.00 -1.00
5 0
0 
 3
74.42 122.34
73.04 120.68
72.32 119.65
71.24 117.18
70.61 115.36
69.92 111.71
69.35 109.50
68.47 103.61
68.32 101.89
68.05 95.42
68.32 89.50
68.23 87.05
68.29 80.86
67.93 73.91
67.66 71.68
67.45 67.57
67.36 61.47
67.51 59.59
67.48 57.78
67.27 56.57
67.42 55.42
67.45 52.22
67.57 51.59
-1.00 -1.00
5 0
0 
 3
125.04 124.06
125.34 122.49
125.61 121.62
125.94 120.89
127.14 117.24
127.35 116.42
128.01 113.07
128.25 110.86
128.28 109.56
128.25 108.66
128.25 103.97
127.23 99.38
126.27 96.15
124.50 92.89
124.11 91.86
122.54 89.11
121.43 86.36
119.51 82.37
119.12 81.28
117.92 78.72
116.93 75.82
114.40 66.09
113.56 60.77
113.26 53.79
113.08 52.40
113.02 50.77
113.11 50.08
-1.00 -1.00
5 0
0 
 3
81.12 116.51
82.17 116.15
83.07 115.66
83.67 115.48
84.33 115.15
-1.00 -1.00
5 0
0 
 3
79.05 125.15
78.15 125.03
76.16 123.73
75.59 123.28
75.08 122.73
74.54 122.07
74.21 121.22
75.17 120.14
76.46 119.05
77.07 118.78
-1.00 -1.00
5 0
0 
 3
88.57 127.42
86.86 127.15
86.05 127.11
85.18 126.90
83.16 126.60
-1.00 -1.00
5 0
0 
 3
88.75 113.70
89.44 113.49
90.40 113.31
92.08 113.10
94.67 112.86
102.06 111.74
103.83 111.59
105.51 111.56
107.58 111.68
110.38 112.31
112.57 112.67
116.69 113.73
117.80 114.21
118.82 114.73
119.72 115.30
120.26 115.60
120.92 115.82
123.18 117.57
124.02 118.44
124.80 119.65
125.25 120.98
125.37 121.68
125.40 122.55
125.28 123.76
124.98 125.12
124.56 126.00
124.02 126.63
123.24 127.24
122.45 127.72
117.17 128.78
114.76 129.11
114.01 129.02
112.96 129.17
107.40 129.32
105.21 129.26
103.38 128.99
101.43 129.05
99.86 128.96
98.27 128.72
97.34 128.75
96.11 128.72
95.06 128.81
94.04 128.66
93.35 128.72
-1.00 -1.00
5 0
0 
 3
113.53 151.34
114.10 149.47
114.58 147.21
114.97 146.00
115.58 142.43
115.70 140.83
117.11 132.34
117.26 130.68
117.47 129.32
117.53 128.60
-1.00 -1.00
5 0
0 
 3
80.43 111.56
79.68 111.53
78.90 111.68
78.27 111.86
76.92 112.40
76.28 112.73
76.43 113.61
76.46 114.64
76.73 115.79
77.43 117.54
77.79 120.08
77.85 121.07
78.48 124.73
79.68 127.33
80.28 129.11
80.88 131.74
82.80 137.51
83.49 139.26
84.51 141.10
85.15 142.43
87.16 145.91
88.12 147.36
89.26 148.60
91.75 150.95
93.11 151.80
95.72 153.22
97.88 154.15
99.99 154.85
101.07 155.06
102.33 155.45
102.93 155.54
104.28 155.60
105.54 155.51
106.59 155.33
107.74 155.03
108.67 154.67
-1.00 -1.00
5 0
0 
 3
114.31 151.22
114.97 150.71
115.43 150.17
116.27 148.14
116.60 147.18
116.72 146.36
117.14 144.94
118.10 140.98
118.70 139.47
119.42 135.48
119.99 128.60
120.11 127.87
-1.00 -1.00
5 0
0 
 3
80.43 111.07
80.37 112.92
80.58 114.52
81.09 116.21
81.42 118.14
82.38 125.60
82.77 127.45
83.61 129.86
84.30 132.25
87.40 140.26
88.42 142.31
91.36 146.45
92.78 148.08
94.34 149.65
95.84 150.95
97.64 152.34
100.01 153.79
101.28 154.40
102.96 154.94
106.14 155.18
107.37 155.06
107.98 154.94
110.02 154.34
110.77 153.91
-1.00 -1.00
5 0
0 
 3
114.31 151.62
115.18 151.59
115.79 151.31
116.42 150.95
117.02 150.53
117.65 149.96
118.10 149.35
118.85 148.17
119.27 147.60
119.81 146.75
121.40 142.67
121.91 141.59
123.11 137.90
123.21 136.87
123.60 134.18
123.87 131.44
124.14 130.05
124.41 126.75
124.56 126.15
-1.00 -1.00
5 0
0 
 3
87.52 108.17
86.74 108.05
85.21 108.29
84.30 108.69
83.46 109.17
83.04 109.74
83.34 110.92
83.49 111.89
83.64 113.34
83.88 114.61
85.36 119.65
89.17 130.47
89.95 132.16
90.73 134.21
93.23 139.77
94.13 141.47
95.18 142.95
97.67 145.76
99.02 147.08
100.29 148.05
107.10 152.10
108.28 152.70
110.11 153.40
112.21 153.61
113.02 153.64
114.01 153.61
115.67 153.40
116.57 153.13
117.20 152.86
117.83 152.49
-1.00 -1.00
5 0
0 
 3
87.40 107.87
87.40 108.57
87.55 109.68
89.08 116.81
89.95 119.86
90.34 121.86
92.36 128.60
94.34 133.61
95.30 135.63
96.53 137.81
97.37 139.68
98.48 141.71
99.89 143.82
101.04 144.97
101.73 145.51
102.51 146.36
103.92 147.72
105.24 148.66
108.49 150.59
109.51 150.92
110.53 151.01
112.54 151.47
113.32 151.71
114.22 151.89
116.72 152.22
117.56 152.16
118.28 151.98
119.00 151.65
119.57 151.16
120.02 150.68
120.56 150.17
121.13 149.44
122.51 147.15
123.72 144.70
124.71 142.04
125.04 140.77
125.28 139.32
125.88 136.60
126.21 134.21
126.21 132.98
126.66 127.08
126.66 125.30
126.81 121.53
126.57 118.08
-1.00 -1.00
5 0
0 
 -1
