gremlinfile
0 28.00 48.00
3
94.94 118.19
92.66 122.40
-1.00 -1.00
5 0
0 
 3
55.65 97.59
54.50 99.99
-1.00 -1.00
5 0
0 
 3
55.82 95.11
55.63 97.19
-1.00 -1.00
5 0
0 
 3
56.97 95.04
56.81 95.50
56.63 95.05
-1.00 -1.00
5 0
0 
 3
54.63 100.11
56.26 100.54
58.05 104.41
57.49 100.78
59.07 101.02
57.30 97.58
57.99 95.17
-1.00 -1.00
5 0
0 
 3
59.30 96.89
61.35 97.53
-1.00 -1.00
5 0
0 
 3
61.22 97.46
61.63 101.86
59.77 101.52
-1.00 -1.00
5 0
0 
 3
59.80 101.56
59.35 96.88
-1.00 -1.00
5 0
0 
 3
52.50 99.53
52.25 96.06
54.13 96.29
54.42 99.86
52.52 99.47
-1.00 -1.00
5 0
0 
 3
51.80 95.10
54.38 95.41
-1.00 -1.00
5 0
0 
 3
54.92 101.33
52.39 100.75
-1.00 -1.00
5 0
0 
 3
62.40 96.76
59.32 96.00
-1.00 -1.00
5 0
0 
 3
59.88 102.56
62.63 103.17
-1.00 -1.00
5 0
0 
 3
64.20 96.15
66.23 96.45
-1.00 -1.00
5 0
0 
 3
65.88 99.13
63.87 98.82
-1.00 -1.00
5 0
0 
 3
50.91 102.48
49.97 102.34
-1.00 -1.00
5 0
0 
 3
53.27 103.33
52.36 103.14
-1.00 -1.00
5 0
0 
 3
64.71 105.14
63.53 104.89
-1.00 -1.00
5 0
0 
 3
67.96 105.84
67.07 105.64
-1.00 -1.00
5 0
0 
 3
70.11 106.47
68.81 106.09
-1.00 -1.00
5 0
0 
 3
73.55 107.14
71.98 106.76
-1.00 -1.00
5 0
0 
 3
49.91 102.22
49.70 101.70
49.63 101.30
49.64 100.67
49.63 100.14
49.56 99.68
49.50 99.04
49.42 98.58
49.41 98.11
49.45 97.50
49.44 96.89
49.45 96.39
49.53 95.93
49.64 95.28
49.72 94.97
-1.00 -1.00
5 0
0 
 3
50.97 102.25
50.85 101.95
50.79 101.48
50.66 100.73
50.54 100.05
50.46 99.47
50.35 98.91
50.32 98.33
50.25 97.75
50.22 97.26
50.22 96.77
50.20 96.33
50.20 95.94
50.28 95.62
50.40 95.23
-1.00 -1.00
5 0
0 
 3
52.15 103.09
51.97 102.68
51.74 102.25
51.63 101.89
51.49 101.39
51.28 100.82
51.06 100.29
50.84 99.59
50.76 99.12
50.68 98.58
50.68 98.23
50.66 97.77
50.57 97.26
50.53 96.82
50.46 96.29
50.41 95.90
50.44 95.56
-1.00 -1.00
5 0
0 
 3
53.36 103.34
53.14 103.03
52.86 102.56
52.68 102.23
52.43 101.64
52.31 101.08
52.22 100.59
52.09 100.10
51.94 99.70
51.84 99.30
51.71 98.88
51.52 98.35
51.46 98.05
51.40 97.74
51.35 97.32
51.33 96.80
51.33 96.36
51.30 96.02
51.28 95.60
51.28 95.20
-1.00 -1.00
5 0
0 
 3
62.59 103.00
62.47 102.51
62.46 102.05
62.44 101.71
62.40 101.24
62.33 100.51
62.28 100.13
62.21 99.71
62.22 99.37
62.21 98.82
62.19 98.21
62.16 97.80
62.18 97.47
62.21 97.03
62.21 96.72
-1.00 -1.00
5 0
0 
 3
63.67 104.99
63.46 104.25
63.33 103.58
63.24 103.18
63.12 102.59
63.00 102.01
62.93 101.36
62.87 100.90
62.86 100.36
62.80 99.84
62.74 99.22
62.69 98.67
62.72 98.12
62.77 97.60
62.81 97.19
62.89 96.70
62.99 96.17
63.08 95.72
63.17 95.40
-1.00 -1.00
5 0
0 
 3
64.05 96.11
64.12 95.80
64.23 95.32
-1.00 -1.00
5 0
0 
 3
64.91 105.29
64.71 104.90
64.54 104.43
64.46 104.09
64.32 103.55
64.24 102.81
64.18 102.28
64.12 101.79
64.07 101.25
64.05 100.70
63.98 100.23
63.95 99.74
63.92 99.34
63.90 98.88
-1.00 -1.00
5 0
0 
 3
66.20 96.49
66.19 96.18
66.26 95.88
66.38 95.44
-1.00 -1.00
5 0
0 
 3
67.01 105.63
66.79 105.30
66.73 104.98
66.62 104.65
66.50 104.22
66.35 103.71
66.26 103.14
66.23 102.59
66.22 102.07
66.19 101.49
66.16 100.94
66.10 100.45
66.07 99.95
66.06 99.59
65.94 99.18
-1.00 -1.00
5 0
0 
 3
68.09 105.94
68.00 105.48
67.85 105.11
67.74 104.63
67.59 103.92
67.47 103.23
67.44 102.63
67.41 102.16
67.35 101.76
67.27 101.27
67.12 100.26
67.06 99.77
67.01 99.22
67.07 98.61
67.16 97.81
67.22 97.20
67.29 96.61
67.38 96.03
67.44 95.71
67.52 95.35
-1.00 -1.00
5 0
0 
 3
68.81 106.10
68.81 105.64
68.75 105.21
68.71 104.78
68.65 104.16
68.59 103.31
68.58 102.72
68.59 102.17
68.56 101.31
68.58 100.70
68.62 100.23
68.68 99.70
68.78 99.19
68.96 98.58
69.03 97.96
69.29 96.60
69.36 96.29
69.51 95.93
69.73 95.48
-1.00 -1.00
5 0
0 
 3
70.21 106.50
70.13 106.21
69.92 105.63
69.88 105.20
69.83 104.59
69.83 103.98
69.85 103.39
69.85 102.81
69.82 102.35
69.83 101.89
69.86 101.43
69.90 101.03
69.93 100.57
69.92 100.14
69.95 99.71
70.02 99.40
70.10 99.03
70.21 98.61
70.27 98.32
70.38 97.96
70.52 97.63
-1.00 -1.00
5 0
0 
 3
72.07 106.78
71.91 106.43
71.78 106.16
71.66 105.87
71.56 105.32
71.47 104.90
71.36 104.49
71.28 104.04
71.16 103.64
71.07 103.14
70.92 102.38
70.80 101.83
70.73 101.43
70.63 100.96
70.52 100.53
70.44 100.01
70.39 99.68
70.32 99.25
70.30 98.78
70.32 98.42
70.35 98.11
70.35 97.77
-1.00 -1.00
5 0
0 
 3
73.58 107.01
73.46 106.73
73.36 106.38
73.22 106.12
73.13 105.78
72.97 105.41
72.84 105.06
72.71 104.66
72.59 104.28
72.46 103.86
72.28 103.36
72.16 102.93
72.06 102.56
72.00 102.23
71.94 101.86
71.85 101.45
71.78 101.02
71.73 100.70
71.64 100.26
71.67 99.76
71.67 99.40
71.70 98.61
71.69 97.99
71.69 97.31
71.75 96.95
71.76 96.60
71.81 95.99
71.82 95.59
-1.00 -1.00
5 0
0 
 3
54.17 95.50
54.32 95.23
-1.00 -1.00
5 0
0 
 3
59.69 96.15
59.58 95.87
59.41 95.56
59.16 95.26
-1.00 -1.00
5 0
0 
 3
54.75 101.24
54.94 101.61
55.09 101.89
55.34 102.41
55.68 103.09
56.00 103.51
56.16 103.76
56.40 104.07
56.63 104.32
56.85 104.55
57.16 104.83
57.50 105.09
57.77 105.27
58.14 105.45
58.62 105.64
59.01 105.75
59.46 105.75
59.72 105.58
59.94 105.18
60.00 104.72
60.01 104.37
59.98 103.77
59.98 103.31
59.94 102.93
59.89 102.60
-1.00 -1.00
5 0
0 
 3
84.84 118.40
85.11 118.68
85.39 118.81
85.67 119.03
86.11 119.35
86.48 119.54
86.92 119.67
87.47 119.76
88.03 119.78
88.57 119.73
88.90 119.69
89.28 119.61
89.66 119.52
89.97 119.41
-1.00 -1.00
5 0
0 
 3
86.02 121.72
91.08 122.31
-1.00 -1.00
5 0
0 
 3
79.08 113.75
81.79 120.44
-1.00 -1.00
5 0
0 
 3
75.49 112.91
78.22 119.14
-1.00 -1.00
5 0
0 
 3
82.67 114.60
70.27 111.66
75.05 117.88
84.75 120.55
-1.00 -1.00
5 0
0 
 3
78.40 119.32
78.41 119.43
78.59 119.63
79.19 120.52
79.89 121.24
80.08 121.39
80.70 121.72
80.90 121.78
-1.00 -1.00
5 0
0 
 3
81.83 120.38
82.53 121.67
82.73 121.97
83.10 122.42
83.56 122.79
84.07 123.02
-1.00 -1.00
5 0
0 
 3
104.57 114.94
104.54 115.13
104.56 115.25
105.22 116.37
105.57 116.87
105.71 117.02
105.90 116.93
105.84 116.74
105.72 116.57
105.54 116.28
105.12 115.34
104.98 115.13
104.79 114.90
104.60 114.78
104.47 114.87
-1.00 -1.00
5 0
0 
 3
102.98 110.42
102.82 110.54
102.82 110.79
102.92 110.97
103.01 111.22
103.33 112.44
103.44 112.70
103.66 113.40
103.80 113.49
103.92 113.43
104.00 113.27
103.97 113.01
103.91 112.78
103.80 112.51
103.29 110.74
103.23 110.60
103.08 110.31
102.96 110.21
-1.00 -1.00
5 0
0 
 3
102.68 108.91
102.80 108.86
102.88 108.76
102.90 108.64
102.68 106.77
102.68 106.53
102.65 106.25
102.65 105.89
102.62 105.63
102.52 105.52
102.36 105.52
102.26 105.69
102.21 105.87
102.20 106.21
102.24 106.95
102.42 108.42
102.45 108.55
102.46 108.71
102.51 108.83
102.62 108.86
-1.00 -1.00
5 0
0 
 3
92.69 92.41
92.60 92.04
92.60 91.84
92.63 91.61
92.89 91.55
93.87 91.69
94.04 91.73
94.15 91.79
94.25 92.10
94.29 92.37
94.22 92.55
94.10 92.62
93.63 92.74
93.41 92.77
92.69 92.79
92.57 92.77
-1.00 -1.00
5 0
0 
 3
165.22 102.75
165.00 102.59
164.70 102.45
163.74 102.29
162.98 102.23
162.67 102.14
162.49 102.11
162.11 102.01
-1.00 -1.00
5 0
0 
 3
161.06 101.67
160.85 101.58
160.77 101.48
160.74 101.36
160.72 101.08
160.80 100.90
160.88 100.73
161.06 100.67
161.19 100.70
-1.00 -1.00
5 0
0 
 3
167.93 102.75
167.90 102.97
168.15 103.17
168.35 103.18
168.58 103.14
168.70 103.02
168.74 102.78
168.70 102.62
168.60 102.50
168.43 102.45
168.32 102.44
168.14 102.53
168.08 102.63
-1.00 -1.00
5 0
0 
 3
167.25 102.54
167.34 102.72
167.62 102.68
167.74 102.62
167.92 102.38
167.90 102.19
167.83 102.04
167.55 101.91
167.40 101.98
-1.00 -1.00
5 0
0 
 3
166.63 102.37
166.72 102.45
166.97 102.50
167.12 102.44
167.25 102.29
167.33 102.14
167.34 101.99
167.30 101.82
167.17 101.67
166.99 101.67
166.87 101.68
-1.00 -1.00
5 0
0 
 3
166.40 101.30
166.28 101.31
166.16 101.36
166.06 101.48
165.99 101.64
165.96 101.86
166.07 102.05
166.22 102.23
166.44 102.25
166.55 102.17
166.65 102.04
166.71 101.91
166.71 101.77
166.63 101.59
166.52 101.45
166.38 101.40
166.24 101.40
-1.00 -1.00
5 0
0 
 3
57.84 91.02
57.50 91.23
57.42 91.35
57.36 91.55
57.37 91.76
57.46 91.94
57.58 92.06
57.77 92.18
57.90 92.18
-1.00 -1.00
5 0
0 
 3
54.60 91.04
54.29 91.08
54.19 91.18
54.10 91.35
54.04 91.54
54.08 91.82
54.14 91.94
54.24 92.06
54.54 92.18
-1.00 -1.00
5 0
0 
 3
51.50 90.86
51.12 91.04
50.96 91.23
50.85 91.41
50.82 91.58
50.88 91.72
51.07 91.93
51.22 92.01
-1.00 -1.00
5 0
0 
 3
65.78 91.69
65.64 91.76
65.53 91.90
65.48 92.09
65.48 92.27
65.55 92.41
65.70 92.49
65.91 92.56
66.06 92.49
66.13 92.36
66.22 92.15
66.20 91.88
66.04 91.70
65.85 91.61
65.73 91.60
-1.00 -1.00
5 0
0 
 3
61.16 91.64
61.03 91.67
60.90 91.69
60.78 91.73
60.69 91.85
60.61 92.01
60.61 92.15
60.70 92.34
60.87 92.55
61.01 92.64
61.19 92.61
61.35 92.53
61.51 92.28
61.56 92.12
61.54 91.82
61.44 91.72
61.26 91.64
61.07 91.63
-1.00 -1.00
5 0
0 
 3
56.55 91.38
56.38 91.36
56.15 91.47
56.01 91.72
56.01 91.84
56.07 91.98
56.18 92.10
56.31 92.19
56.47 92.24
56.63 92.18
56.77 92.03
56.87 91.87
56.90 91.61
56.88 91.49
56.75 91.39
56.63 91.35
56.44 91.35
-1.00 -1.00
5 0
0 
 3
52.56 91.29
52.18 91.30
51.97 91.47
51.93 91.58
51.92 91.76
51.93 91.90
52.03 92.09
52.15 92.18
52.40 92.28
52.53 92.27
52.70 92.15
52.77 92.03
52.83 91.81
52.80 91.63
52.76 91.51
52.67 91.35
52.52 91.29
52.39 91.29
-1.00 -1.00
5 0
0 
 3
163.27 102.37
166.81 102.62
-1.00 -1.00
5 0
0 
 3
166.21 102.32
161.22 101.71
-1.00 -1.00
5 0
0 
 3
161.22 100.66
166.52 101.24
-1.00 -1.00
5 0
0 
 3
65.76 92.65
61.62 92.30
-1.00 -1.00
5 0
0 
 3
61.22 90.93
65.94 91.44
-1.00 -1.00
5 0
0 
 3
61.01 92.65
57.89 92.19
-1.00 -1.00
5 0
0 
 3
57.89 90.65
61.22 91.44
-1.00 -1.00
5 0
0 
 3
56.56 91.18
54.51 90.77
-1.00 -1.00
5 0
0 
 3
54.38 92.27
56.50 92.44
-1.00 -1.00
5 0
0 
 3
51.18 92.07
52.39 92.25
-1.00 -1.00
5 0
0 
 3
51.56 90.62
52.71 91.27
-1.00 -1.00
5 0
0 
 3
96.05 87.31
99.19 87.45
-1.00 -1.00
5 0
0 
 3
64.92 88.38
66.37 72.81
65.54 73.42
-1.00 -1.00
5 0
0 
 3
165.04 72.78
162.82 70.81
-1.00 -1.00
5 0
0 
 3
99.06 119.57
104.64 120.27
-1.00 -1.00
5 0
0 
 3
78.15 81.71
64.73 85.49
-1.00 -1.00
5 0
0 
 3
156.92 79.50
152.48 96.37
-1.00 -1.00
5 0
0 
 3
153.50 96.92
158.27 79.48
-1.00 -1.00
5 0
0 
 3
67.53 56.15
67.99 55.21
68.59 54.55
69.40 54.43
70.10 54.86
70.51 55.29
70.75 55.86
70.77 56.47
70.80 57.47
70.67 58.29
-1.00 -1.00
5 0
0 
 3
70.32 67.66
71.03 67.46
71.78 67.35
72.68 67.04
73.18 66.68
73.75 66.08
74.15 65.62
74.59 65.10
74.96 64.46
75.35 63.67
75.68 62.93
75.95 62.22
76.20 61.48
76.32 60.71
76.36 59.94
76.50 58.90
76.55 58.14
76.57 57.18
76.48 56.36
76.38 55.47
76.32 54.72
76.26 53.87
76.11 52.91
75.76 51.82
75.42 51.32
74.81 50.83
73.86 50.59
72.84 50.55
72.09 50.52
71.33 50.58
70.58 50.67
69.61 50.92
68.50 51.57
68.05 52.05
67.27 53.17
66.63 54.37
66.44 54.98
66.19 55.68
-1.00 -1.00
5 0
0 
 3
155.50 75.00
156.15 74.65
156.73 74.23
157.17 73.51
157.36 72.84
157.46 71.64
157.42 70.93
157.24 70.02
157.01 69.13
156.45 67.99
155.96 67.37
155.27 67.37
154.44 67.78
153.76 68.83
153.51 69.44
153.30 70.26
153.26 70.98
153.33 71.64
153.47 72.36
153.63 73.11
153.87 73.85
154.38 74.69
155.13 75.17
155.81 75.18
-1.00 -1.00
5 0
0 
 3
157.30 79.36
157.91 79.22
158.82 78.87
159.41 78.65
160.37 77.87
160.99 77.09
161.40 76.47
161.72 75.76
162.02 75.11
162.30 74.17
162.54 73.09
162.61 72.41
162.73 71.56
162.74 70.72
162.64 69.96
162.45 69.15
162.20 68.29
161.96 67.44
161.41 66.37
160.82 65.44
160.21 64.73
159.45 64.40
158.51 64.24
157.86 64.30
156.52 64.40
155.91 64.52
155.02 64.79
154.25 65.14
153.60 65.54
153.17 65.96
152.57 66.79
152.26 67.57
152.02 68.54
151.80 69.43
151.68 70.24
151.61 71.27
151.61 72.42
151.71 73.43
151.80 74.26
152.08 75.20
152.48 76.43
152.82 77.38
153.19 77.95
153.78 78.58
154.40 79.05
155.15 79.42
156.02 79.57
156.78 79.56
-1.00 -1.00
5 0
0 
 3
44.91 101.95
45.56 102.11
46.49 102.07
47.12 101.95
47.95 101.61
48.49 100.88
48.23 100.01
47.73 99.55
47.12 99.24
46.06 98.81
45.01 98.58
-1.00 -1.00
5 0
0 
 3
62.31 56.99
62.19 57.73
62.27 58.71
62.27 59.33
62.28 60.46
62.31 61.33
62.34 61.95
62.44 62.67
62.56 63.81
62.69 64.46
62.93 65.36
63.22 66.03
-1.00 -1.00
5 0
0 
 3
155.46 96.63
159.31 84.20
160.77 82.98
165.09 72.72
-1.00 -1.00
5 0
0 
 3
152.76 98.38
172.56 103.20
-1.00 -1.00
5 0
0 
 3
152.38 96.33
172.18 101.55
-1.00 -1.00
5 0
0 
 3
152.94 104.09
160.22 105.27
-1.00 -1.00
5 0
0 
 3
45.75 98.60
28.40 97.93
-1.00 -1.00
5 0
0 
 3
45.26 102.08
28.15 100.60
-1.00 -1.00
5 0
0 
 3
65.66 72.97
68.27 70.93
72.62 60.16
66.79 55.18
62.12 56.84
-1.00 -1.00
5 0
0 
 3
63.51 87.79
66.16 67.46
-1.00 -1.00
5 0
0 
 3
65.72 67.32
62.78 66.11
60.28 87.37
-1.00 -1.00
5 0
0 
 3
62.94 87.45
65.61 67.57
-1.00 -1.00
5 0
0 
 3
101.56 91.14
28.06 91.11
-1.00 -1.00
5 0
0 
 3
95.86 87.25
27.79 88.69
-1.00 -1.00
5 0
0 
 3
92.85 95.86
27.56 94.43
-1.00 -1.00
5 0
0 
 3
93.19 95.99
93.81 96.02
94.18 96.15
97.05 96.64
98.20 96.60
98.82 96.51
99.41 96.26
99.94 95.91
100.47 95.47
101.56 94.34
101.84 93.94
101.95 93.66
101.98 92.06
101.86 91.48
100.88 89.21
100.37 88.40
100.07 88.02
99.54 87.58
99.28 87.43
-1.00 -1.00
5 0
0 
 3
43.66 97.29
44.03 94.73
-1.00 -1.00
5 0
0 
 3
43.69 102.01
42.82 130.31
-1.00 -1.00
5 0
0 
 3
40.43 97.47
40.69 94.49
-1.00 -1.00
5 0
0 
 3
72.71 116.11
59.35 108.36
55.06 106.59
54.54 106.31
54.24 106.35
53.95 106.55
44.47 129.55
44.13 129.83
43.39 130.28
42.54 130.20
41.76 129.13
41.31 127.92
40.74 125.50
40.16 118.40
39.81 116.38
39.74 104.16
40.04 101.10
-1.00 -1.00
5 0
0 
 3
118.23 121.75
105.53 119.82
-1.00 -1.00
5 0
0 
 3
88.17 114.42
82.36 113.21
-1.00 -1.00
5 0
0 
 3
74.77 118.35
76.36 120.01
76.78 120.25
77.66 120.52
-1.00 -1.00
5 0
0 
 3
74.46 117.95
67.46 108.70
81.97 112.60
-1.00 -1.00
5 0
0 
 3
88.54 124.15
78.13 120.77
-1.00 -1.00
5 0
0 
 3
82.22 112.75
85.64 121.36
-1.00 -1.00
5 0
0 
 3
85.77 121.48
86.11 122.21
86.55 122.85
87.22 123.60
87.48 123.78
87.92 123.94
89.15 124.20
89.56 124.24
90.09 124.18
91.23 123.85
91.49 123.68
-1.00 -1.00
5 0
0 
 3
95.10 118.22
99.42 119.55
-1.00 -1.00
5 0
0 
 3
92.63 122.40
101.49 124.03
100.90 124.49
91.99 123.20
-1.00 -1.00
5 0
0 
 3
89.52 116.20
94.18 117.79
92.10 122.05
91.67 121.90
89.59 116.23
-1.00 -1.00
5 0
0 
 3
101.24 123.81
101.58 123.50
102.92 122.07
104.72 120.43
105.03 120.09
-1.00 -1.00
5 0
0 
 3
105.31 119.92
104.97 119.94
103.97 119.79
103.60 119.70
97.71 118.04
97.40 117.86
96.99 117.70
96.36 117.52
90.36 115.07
89.56 114.54
88.93 113.98
88.32 113.55
87.86 113.35
87.72 113.64
88.99 115.83
89.16 116.32
89.72 117.20
91.52 123.08
91.58 123.39
91.90 124.33
92.13 124.68
92.57 125.17
92.97 125.52
94.12 126.00
94.49 126.08
95.64 126.06
95.94 126.00
96.46 125.96
99.63 125.28
100.00 125.06
100.62 124.55
-1.00 -1.00
5 0
0 
 3
118.74 117.34
114.05 117.80
-1.00 -1.00
5 0
0 
 3
117.05 113.34
117.44 114.93
118.40 116.77
119.32 118.10
120.94 119.82
122.12 120.78
124.61 121.96
126.41 122.34
128.00 122.46
129.06 122.40
129.36 122.34
129.86 122.33
130.17 122.40
-1.00 -1.00
5 0
0 
 3
115.73 105.44
115.70 105.73
115.93 107.30
115.94 107.79
-1.00 -1.00
5 0
0 
 3
117.37 97.26
115.85 105.21
110.91 104.62
-1.00 -1.00
5 0
0 
 3
116.37 90.13
119.64 90.81
117.33 97.17
113.43 96.49
-1.00 -1.00
5 0
0 
 3
125.14 123.47
124.09 123.42
123.70 123.36
122.86 123.34
122.31 123.19
121.12 122.98
118.79 122.07
116.49 120.71
114.69 119.03
113.58 117.36
112.46 115.16
111.93 113.75
111.81 113.32
111.46 112.33
111.06 110.57
110.65 106.06
110.68 104.01
110.72 103.64
110.93 102.81
111.10 102.51
111.35 102.26
112.00 101.73
112.22 101.45
112.43 101.06
113.60 95.40
114.80 91.81
115.44 90.61
115.81 90.07
116.18 90.06
116.51 90.19
116.81 89.88
117.64 88.65
121.17 84.44
123.73 82.12
125.16 81.17
125.91 80.83
126.98 80.49
127.62 80.45
-1.00 -1.00
5 0
0 
 3
139.90 83.04
113.30 77.55
106.05 77.09
96.79 78.06
78.15 81.72
-1.00 -1.00
5 0
0 
 3
136.27 122.36
130.33 122.31
125.02 123.42
-1.00 -1.00
5 0
0 
 3
134.73 113.62
134.99 114.54
135.58 115.70
136.82 117.27
137.41 117.82
137.79 118.10
138.38 118.47
138.71 118.59
-1.00 -1.00
5 0
0 
 3
151.73 109.97
151.20 112.17
151.09 112.46
150.25 114.02
148.53 116.17
147.97 116.59
147.27 117.20
146.96 117.34
-1.00 -1.00
5 0
0 
 3
148.69 90.44
149.04 90.80
149.21 91.14
149.78 92.10
149.94 92.47
150.06 92.83
150.80 94.58
150.96 95.08
151.28 96.48
151.43 96.89
151.49 97.28
151.93 98.78
152.11 100.82
152.10 101.13
152.13 101.76
151.99 104.59
151.95 104.89
151.93 105.36
151.87 105.76
-1.00 -1.00
5 0
0 
 3
134.99 106.89
135.09 105.87
135.17 105.48
135.17 104.95
135.85 100.69
136.55 98.24
137.28 96.39
138.52 93.72
139.56 91.85
139.90 91.38
140.18 91.05
141.20 90.10
141.51 89.86
143.84 88.54
-1.00 -1.00
5 0
0 
 3
143.22 118.41
142.25 118.46
141.33 118.31
139.69 117.76
138.80 117.23
137.07 115.61
136.42 114.70
136.19 114.26
135.40 112.20
135.17 111.22
135.12 110.92
-1.00 -1.00
5 0
0 
 3
125.24 107.19
125.21 106.34
125.26 105.85
125.26 104.41
125.39 102.22
125.98 99.46
126.53 97.69
126.64 97.15
127.25 95.51
127.69 94.61
129.33 90.74
130.46 88.84
131.91 87.03
134.33 84.66
135.85 83.55
136.27 83.31
137.31 82.92
139.43 82.77
-1.00 -1.00
5 0
0 
 3
135.37 122.25
135.01 122.22
134.17 122.03
133.86 122.00
133.50 121.90
133.21 121.85
132.82 121.66
132.54 121.56
131.23 120.77
129.65 119.46
128.16 117.74
127.21 116.26
126.28 114.35
125.83 112.79
-1.00 -1.00
5 0
0 
 3
143.84 84.63
142.98 84.02
141.54 83.35
140.52 83.07
139.53 82.95
-1.00 -1.00
5 0
0 
 3
152.80 105.82
152.89 105.51
152.97 105.03
152.98 104.65
152.80 100.63
152.35 96.58
151.02 92.09
149.53 88.93
149.13 88.38
148.87 88.16
-1.00 -1.00
5 0
0 
 3
146.61 119.30
147.35 119.00
147.80 118.69
148.22 118.29
149.87 116.05
151.09 114.02
151.43 113.32
152.24 110.85
152.46 109.78
-1.00 -1.00
5 0
0 
 3
135.32 122.30
135.83 122.25
139.05 122.30
139.49 122.22
139.96 122.21
141.74 121.82
142.22 121.79
142.72 121.66
143.13 121.48
-1.00 -1.00
5 0
0 
 3
144.15 105.29
143.66 105.33
143.20 105.33
142.89 105.61
142.84 105.94
142.85 106.64
-1.00 -1.00
5 0
0 
 3
146.98 114.33
147.01 112.33
146.86 111.12
-1.00 -1.00
5 0
0 
 3
151.58 109.23
150.46 109.29
-1.00 -1.00
5 0
0 
 3
147.98 106.65
150.37 106.40
150.69 106.43
151.03 106.38
-1.00 -1.00
5 0
0 
 3
147.48 102.32
147.33 102.69
147.05 105.63
-1.00 -1.00
5 0
0 
 3
144.31 106.37
144.41 105.91
144.43 105.49
144.40 105.12
144.32 104.81
144.22 101.95
-1.00 -1.00
5 0
0 
 3
140.93 107.02
141.83 107.01
143.09 107.07
143.78 107.01
-1.00 -1.00
5 0
0 
 3
143.62 110.18
141.92 110.46
141.20 110.48
-1.00 -1.00
5 0
0 
 3
144.02 111.19
144.56 111.37
145.03 111.38
146.29 111.34
146.60 111.29
146.93 111.14
147.58 110.63
-1.00 -1.00
5 0
0 
 3
144.16 111.00
144.09 109.04
144.18 108.46
144.15 107.27
144.22 106.53
144.58 106.28
145.18 106.12
145.56 106.07
146.61 106.01
147.01 106.13
147.36 106.52
147.52 106.90
-1.00 -1.00
5 0
0 
 3
143.01 110.83
143.38 110.86
144.35 111.32
-1.00 -1.00
5 0
0 
 3
143.34 114.39
143.31 113.95
143.59 111.66
143.59 111.26
-1.00 -1.00
5 0
0 
 3
147.64 109.65
147.54 109.17
147.60 108.74
147.80 108.34
148.08 108.06
148.39 107.90
-1.00 -1.00
5 0
0 
 3
145.68 109.90
148.90 110.52
149.34 110.43
149.71 110.17
150.05 109.84
150.16 109.44
150.22 108.96
150.24 108.49
150.09 107.97
149.81 107.60
149.46 107.38
149.10 107.29
148.54 107.20
145.78 106.86
145.46 107.04
145.18 107.42
145.00 107.87
144.93 108.65
145.17 109.34
145.36 109.60
145.68 109.80
-1.00 -1.00
5 0
0 
 3
113.43 112.61
113.09 112.55
112.68 112.36
112.08 111.96
111.63 111.34
111.50 110.98
111.50 110.45
111.65 110.08
112.09 109.51
112.77 108.96
113.04 108.79
113.36 109.02
113.49 109.45
113.57 109.99
113.52 111.34
113.43 111.66
113.33 112.41
113.18 112.02
113.09 109.57
112.99 109.20
112.73 109.38
112.87 109.84
112.93 110.15
112.96 110.55
112.93 111.29
112.84 112.02
112.53 111.92
112.70 110.88
112.53 109.82
112.18 110.00
112.18 110.48
112.22 111.28
111.94 111.41
111.93 111.12
111.83 110.63
-1.00 -1.00
5 0
0 
 3
145.90 69.62
146.09 69.34
146.24 69.00
146.43 68.66
146.93 68.08
147.24 67.89
147.58 67.80
147.94 67.80
148.22 67.90
148.54 68.06
148.94 68.45
149.46 69.16
149.60 69.47
149.71 69.81
148.50 69.80
147.05 69.68
146.71 69.69
146.30 69.66
146.15 69.40
147.67 69.34
149.21 69.46
149.43 69.25
149.12 69.15
147.97 69.12
147.50 69.04
147.04 69.03
146.70 69.09
146.36 69.09
146.46 68.76
146.80 68.72
147.73 68.76
148.47 68.75
148.88 68.78
148.75 68.48
147.07 68.49
147.21 68.21
147.89 68.23
147.72 67.97
-1.00 -1.00
5 0
0 
 3
144.34 147.70
144.63 147.66
-1.00 -1.00
5 0
0 
 3
144.06 147.58
144.52 147.57
144.81 147.46
-1.00 -1.00
5 0
0 
 3
143.63 147.35
144.90 147.18
-1.00 -1.00
5 0
0 
 3
143.20 146.97
144.12 146.77
144.96 146.71
-1.00 -1.00
5 0
0 
 3
143.01 146.72
143.37 146.71
143.68 146.66
144.15 146.65
144.89 146.51
145.18 146.40
-1.00 -1.00
5 0
0 
 3
142.82 146.34
143.96 146.13
145.24 146.01
145.53 145.94
-1.00 -1.00
5 0
0 
 3
133.55 110.82
133.21 110.69
132.63 110.88
131.63 111.32
129.52 111.90
128.99 112.11
127.34 112.49
126.51 112.57
124.91 113.03
123.81 113.03
123.14 113.12
122.60 113.24
119.26 113.53
115.53 113.25
113.93 112.81
113.57 112.64
113.37 112.32
113.46 111.37
113.46 110.79
113.29 109.48
113.06 108.88
113.64 108.42
114.21 108.19
119.92 107.45
125.32 107.36
125.89 107.41
128.08 107.29
132.97 107.50
133.84 107.41
-1.00 -1.00
5 0
0 
 3
140.79 111.01
140.93 110.67
141.17 110.42
141.32 110.12
141.39 109.72
141.36 109.28
141.08 107.94
140.80 107.29
140.56 107.05
140.27 106.84
139.90 106.78
139.39 106.76
134.47 107.08
134.12 107.19
133.91 107.41
134.06 108.19
133.94 109.93
133.78 110.69
134.30 110.85
135.60 110.98
139.89 110.92
140.62 110.82
141.05 110.69
141.20 110.40
-1.00 -1.00
5 0
0 
 3
144.62 93.66
144.50 93.07
144.10 88.84
144.12 88.26
143.82 82.40
143.91 79.51
144.59 74.71
144.86 73.83
145.33 70.79
145.59 70.05
145.81 69.62
146.71 69.58
148.75 69.80
149.16 69.89
149.54 69.92
149.85 70.66
150.05 76.29
148.19 93.63
148.19 94.02
148.16 94.33
-1.00 -1.00
5 0
0 
 3
144.22 101.88
144.27 101.43
144.12 96.08
144.06 95.57
144.16 94.12
144.27 93.82
144.80 93.75
146.92 94.40
147.58 94.49
148.03 94.48
148.31 94.70
148.44 98.32
148.39 99.18
148.20 100.24
148.10 101.43
148.00 101.71
147.78 102.14
147.35 102.20
145.34 102.01
144.43 101.99
144.19 101.80
-1.00 -1.00
5 0
0 
 3
169.57 103.95
170.01 104.01
170.70 103.97
171.09 103.98
172.78 104.25
-1.00 -1.00
5 0
0 
 3
156.25 106.31
158.32 105.67
160.09 105.35
163.29 104.47
163.79 104.40
164.73 104.20
169.11 103.92
-1.00 -1.00
5 0
0 
 3
169.44 108.94
171.57 108.88
172.67 108.73
-1.00 -1.00
5 0
0 
 3
157.48 109.20
157.85 109.02
158.30 108.94
161.30 108.95
161.86 109.02
165.78 109.08
166.56 109.19
167.03 109.14
167.80 109.16
168.96 109.07
-1.00 -1.00
5 0
0 
 3
151.40 109.65
151.70 109.60
152.10 109.68
152.46 109.68
153.11 109.74
153.60 109.69
154.32 109.75
156.00 109.50
156.48 109.38
157.05 109.31
157.42 109.02
157.49 108.52
157.09 107.07
156.95 106.80
156.70 106.53
156.28 106.37
154.59 106.18
154.09 106.07
151.79 106.06
151.05 106.13
151.12 106.52
151.43 107.24
151.59 107.76
151.65 108.16
151.65 108.95
151.61 109.28
151.48 109.68
-1.00 -1.00
5 0
0 
 3
143.66 122.96
143.54 123.44
143.04 130.91
143.06 131.46
142.82 134.38
142.84 135.18
142.64 139.08
142.82 144.32
142.76 144.68
142.73 145.11
142.79 145.58
143.04 146.46
143.62 147.32
144.10 147.64
144.49 147.72
144.78 147.60
145.09 147.39
145.31 147.17
145.55 146.84
146.08 145.46
146.79 141.64
147.01 136.65
146.91 134.62
146.95 133.29
146.11 125.11
146.02 124.68
145.96 122.82
146.02 122.36
-1.00 -1.00
5 0
0 
 3
143.41 114.44
143.29 114.84
143.22 120.19
143.41 122.06
143.40 122.43
143.56 122.83
144.03 122.99
144.59 122.92
145.73 122.59
146.02 122.21
146.40 120.83
146.89 116.56
146.85 114.63
146.79 114.30
146.01 114.78
145.46 114.96
145.15 114.99
144.83 114.97
144.47 114.90
144.09 114.76
143.54 114.45
-1.00 -1.00
5 0
0 
 -1
