gremlinfile
0 32.00 48.00
3
59.22 86.83
58.60 86.91
59.14 87.04
58.49 87.00
59.06 86.93
58.49 87.10
-1.00 -1.00
5 0
0 
 3
58.41 87.10
58.98 86.99
-1.00 -1.00
5 0
0 
 3
53.55 86.87
53.17 86.49
52.65 86.31
52.16 85.96
52.82 85.92
53.35 85.85
53.54 86.48
52.66 86.21
53.33 86.41
53.06 85.85
53.25 86.37
-1.00 -1.00
5 0
0 
 3
47.00 82.80
46.94 75.86
-1.00 -1.00
5 0
0 
 3
46.91 90.23
46.92 88.63
-1.00 -1.00
5 0
0 
 3
47.04 140.15
46.90 96.36
-1.00 -1.00
5 0
0 
 3
46.94 140.36
159.04 140.24
158.83 72.85
-1.00 -1.00
5 0
0 
 3
160.69 70.79
160.93 70.25
161.25 69.68
-1.00 -1.00
5 0
0 
 3
69.01 70.07
160.68 70.00
-1.00 -1.00
5 0
0 
 3
159.82 72.20
160.61 71.00
-1.00 -1.00
5 0
0 
 3
160.61 69.37
68.63 69.54
-1.00 -1.00
5 0
0 
 3
68.58 70.78
160.62 70.86
-1.00 -1.00
5 0
0 
 3
46.03 90.71
46.11 74.99
-1.00 -1.00
5 0
0 
 3
67.62 71.94
159.62 72.10
159.82 141.34
46.23 141.49
46.05 94.61
-1.00 -1.00
5 0
0 
 3
57.53 53.49
57.93 53.87
58.61 54.22
59.14 54.40
59.84 54.73
59.22 54.46
58.54 54.10
60.45 54.47
57.81 53.41
62.15 54.56
62.70 54.47
60.95 54.34
-1.00 -1.00
5 0
0 
 3
50.89 87.27
50.88 87.86
50.28 88.07
49.85 87.60
50.28 87.08
50.20 86.16
50.19 85.42
50.28 84.51
50.60 83.60
50.73 82.65
50.81 81.79
50.82 81.03
50.64 80.42
50.73 79.81
51.32 79.67
51.78 79.30
51.90 79.95
51.77 80.79
51.69 81.54
51.57 82.12
51.30 82.93
51.46 82.13
51.50 81.50
51.45 80.82
51.37 82.38
51.42 83.04
51.74 82.30
51.66 81.38
51.50 82.38
51.29 83.19
51.22 83.90
50.90 84.94
50.78 85.52
50.64 86.33
50.61 87.04
-1.00 -1.00
5 0
0 
 3
50.86 87.03
50.72 86.25
50.89 85.31
51.08 84.81
51.30 84.27
51.49 83.75
51.62 83.16
51.76 82.18
51.96 81.34
52.00 80.62
51.90 79.96
-1.00 -1.00
5 0
0 
 3
50.94 88.10
51.06 87.38
51.04 86.83
51.16 85.97
51.21 85.42
51.32 84.85
51.48 84.26
51.61 83.59
51.74 83.05
51.78 82.42
51.90 81.61
51.96 81.04
51.96 80.37
52.02 79.83
52.22 79.08
51.85 79.50
51.44 79.85
50.86 79.93
-1.00 -1.00
5 0
0 
 3
51.17 87.47
51.09 88.01
50.56 88.25
50.16 87.80
49.96 87.22
49.89 86.67
49.88 86.09
50.00 85.27
50.08 84.61
50.16 83.99
50.24 83.31
50.27 82.61
50.15 82.08
50.11 81.49
50.15 80.78
50.28 80.25
50.84 80.68
50.89 81.45
50.94 82.28
50.94 82.89
50.89 83.43
50.72 84.12
50.60 84.65
50.44 85.35
50.35 86.20
50.40 86.92
-1.00 -1.00
5 0
0 
 3
50.92 90.35
50.60 89.72
50.41 88.98
50.13 89.52
50.33 90.13
50.60 90.66
50.43 89.83
50.76 90.31
50.57 89.77
-1.00 -1.00
5 0
0 
 3
51.25 90.36
51.34 89.81
51.34 89.02
50.90 88.63
51.10 89.22
51.17 89.76
-1.00 -1.00
5 0
0 
 3
50.40 98.07
49.91 98.29
49.40 97.71
49.40 97.14
49.47 96.48
49.47 95.64
49.64 94.91
49.68 94.36
49.84 93.68
49.96 93.03
50.17 92.33
50.29 91.70
50.40 91.14
50.15 90.44
49.85 89.71
49.80 89.13
50.04 88.62
50.68 88.57
51.13 89.13
51.18 89.83
51.06 90.52
50.73 91.00
-1.00 -1.00
5 0
0 
 3
56.15 83.65
56.59 83.21
57.28 83.00
58.28 83.24
58.65 83.76
59.01 84.46
58.80 84.95
58.44 85.46
57.84 85.85
57.23 85.86
56.65 85.88
56.47 86.48
56.42 87.12
-1.00 -1.00
5 0
0 
 3
55.36 87.42
55.26 86.67
55.51 85.93
55.46 85.25
54.83 84.87
54.68 84.20
54.98 83.64
55.88 83.76
56.71 83.90
-1.00 -1.00
5 0
0 
 3
57.11 87.58
56.57 87.31
56.11 87.78
55.47 87.59
55.26 87.10
54.71 87.08
53.99 87.47
53.29 87.51
52.61 87.40
52.00 87.28
51.48 86.89
51.72 86.33
51.85 85.73
52.41 85.66
53.02 85.68
53.67 85.76
54.27 85.82
54.82 86.27
54.90 86.83
-1.00 -1.00
5 0
0 
 3
61.89 89.10
61.42 88.62
60.98 88.27
60.50 87.88
60.32 87.18
60.12 86.48
59.45 86.25
58.65 86.14
58.04 86.10
57.48 86.31
57.28 86.96
57.31 87.59
57.85 87.71
58.52 87.86
59.09 87.97
59.73 88.10
60.29 87.76
-1.00 -1.00
5 0
0 
 3
57.77 89.36
58.39 89.34
58.90 89.02
59.32 88.61
59.88 88.53
59.33 88.13
58.92 88.61
58.32 88.96
57.83 89.25
58.37 89.16
59.00 88.70
59.49 88.47
-1.00 -1.00
5 0
0 
 3
51.12 87.04
51.64 87.43
51.93 87.91
52.20 88.45
52.50 88.92
53.02 89.21
52.74 88.73
52.37 88.26
52.08 87.79
51.73 87.26
51.24 86.96
51.69 87.47
52.05 88.07
52.44 88.58
52.91 88.97
-1.00 -1.00
5 0
0 
 3
48.79 86.17
48.26 85.70
48.48 85.18
48.70 84.62
49.01 84.06
49.21 83.49
49.05 82.96
-1.00 -1.00
5 0
0 
 3
69.98 97.35
69.54 96.84
69.13 96.12
68.87 95.61
68.59 94.87
68.30 94.31
67.98 93.68
67.74 93.19
67.38 92.61
66.96 92.09
66.46 91.49
66.05 90.78
65.76 90.31
65.35 89.67
64.92 88.98
64.48 88.25
64.16 87.76
63.80 87.15
63.52 86.59
63.24 85.97
-1.00 -1.00
5 0
0 
 3
62.09 88.89
62.74 89.06
63.12 88.59
63.20 87.74
63.27 86.99
63.23 86.25
-1.00 -1.00
5 0
0 
 3
59.49 90.67
60.12 90.36
-1.00 -1.00
5 0
0 
 3
57.64 90.52
58.25 90.31
58.88 90.08
59.36 89.81
-1.00 -1.00
5 0
0 
 3
52.97 90.58
52.45 90.21
51.96 89.81
-1.00 -1.00
5 0
0 
 3
51.56 90.17
51.96 90.54
52.53 90.95
-1.00 -1.00
5 0
0 
 3
56.28 81.12
56.88 80.94
57.52 81.14
58.23 81.34
-1.00 -1.00
5 0
0 
 3
56.64 78.62
56.95 78.17
57.60 77.72
58.12 77.94
58.66 78.15
59.20 78.30
59.66 78.85
-1.00 -1.00
5 0
0 
 3
53.21 80.35
53.50 79.87
53.99 79.49
54.63 78.97
55.15 78.69
55.87 78.47
-1.00 -1.00
5 0
0 
 3
49.72 90.29
50.16 90.82
50.65 91.12
51.28 91.41
52.01 91.59
52.60 91.55
53.31 91.53
54.06 91.38
54.68 90.91
55.62 91.16
56.27 91.41
56.87 91.58
57.69 91.79
58.46 91.75
59.25 91.59
59.85 91.38
60.58 91.02
61.01 90.63
61.39 90.13
61.85 89.38
62.05 88.84
62.31 88.02
62.43 87.40
62.51 86.80
62.68 85.97
62.90 85.46
63.07 84.89
63.20 84.34
63.20 83.78
63.18 83.23
63.14 82.69
63.15 82.06
62.98 81.26
62.71 80.43
62.39 79.97
62.07 79.48
61.66 79.02
60.98 78.54
60.46 78.06
60.04 77.59
59.46 77.19
58.82 76.92
58.24 76.77
57.44 76.49
53.49 77.39
52.98 77.62
52.44 77.94
51.80 78.29
51.41 78.85
-1.00 -1.00
5 0
0 
 3
48.22 88.07
47.68 87.90
47.27 87.20
47.20 86.45
47.16 85.92
47.20 84.90
47.52 83.98
47.74 83.40
48.26 82.65
48.64 82.02
49.27 81.91
49.81 82.24
-1.00 -1.00
5 0
0 
 3
61.46 89.89
61.22 90.52
60.97 91.22
60.65 91.87
60.26 92.61
59.84 93.16
59.16 93.88
58.58 94.27
57.75 94.63
57.01 94.81
56.39 94.86
55.47 94.93
54.53 94.70
53.98 94.50
53.34 94.22
52.56 93.73
52.01 93.43
51.41 92.95
50.76 92.52
49.88 91.71
49.43 91.19
49.09 90.62
49.16 90.08
48.58 90.12
48.06 89.64
47.88 89.09
47.83 88.46
48.42 88.82
48.87 89.26
48.78 88.54
48.67 87.82
48.95 88.37
49.00 87.42
49.08 86.87
49.41 87.32
-1.00 -1.00
5 0
0 
 3
53.99 102.02
53.63 101.59
53.21 101.02
52.82 100.59
52.08 99.80
51.65 99.38
51.21 98.84
50.74 98.31
50.16 97.71
49.71 97.18
49.31 96.63
48.88 96.09
48.44 95.58
47.83 95.02
47.42 94.61
46.88 94.02
46.41 93.48
45.83 92.95
45.50 92.40
46.38 91.79
46.99 91.43
47.59 91.03
48.12 90.60
-1.00 -1.00
5 0
0 
 3
54.02 102.14
54.46 101.77
55.04 101.41
55.78 100.82
56.27 100.42
57.00 100.00
57.57 99.52
58.08 99.25
58.73 98.88
59.28 98.42
59.86 97.94
60.77 97.50
61.42 97.18
62.18 97.00
62.67 96.76
63.15 96.51
63.80 96.25
64.33 96.04
64.91 95.86
64.57 95.41
64.11 94.98
63.47 94.26
63.08 93.80
62.59 93.20
62.15 92.73
61.67 92.05
61.23 91.43
-1.00 -1.00
5 0
0 
 3
75.48 98.30
75.77 97.84
-1.00 -1.00
5 0
0 
 3
74.48 99.24
75.08 99.10
75.21 98.57
74.97 98.01
74.58 97.42
75.00 97.07
75.52 97.22
75.72 97.75
-1.00 -1.00
5 0
0 
 3
73.64 95.26
73.32 94.81
73.80 94.46
74.50 94.46
74.96 94.90
-1.00 -1.00
5 0
0 
 3
74.17 96.36
73.69 96.09
73.69 95.52
74.29 95.39
74.89 95.39
75.32 95.76
-1.00 -1.00
5 0
0 
 3
72.59 98.31
72.52 97.76
73.01 97.51
74.13 97.86
74.37 98.46
75.04 98.69
75.65 98.73
76.22 98.41
76.34 97.86
76.38 97.32
76.01 96.80
75.25 96.63
74.53 96.48
73.88 96.43
73.24 96.27
-1.00 -1.00
5 0
0 
 3
73.86 101.02
74.41 101.07
74.62 101.77
-1.00 -1.00
5 0
0 
 3
70.24 97.08
70.55 97.66
71.06 98.45
71.64 99.09
72.15 99.41
72.72 99.91
73.16 100.50
73.44 101.04
73.96 101.61
74.46 102.06
75.04 101.69
75.24 101.18
75.22 100.56
74.85 99.87
74.48 99.21
74.16 98.66
74.00 98.06
-1.00 -1.00
5 0
0 
 3
70.91 92.90
71.26 93.37
71.74 93.72
72.32 93.56
72.89 93.49
73.32 94.00
-1.00 -1.00
5 0
0 
 3
71.42 93.15
71.55 92.53
71.62 91.99
71.78 91.31
71.78 90.66
71.87 90.05
71.93 89.50
71.95 88.93
72.04 88.14
72.09 87.52
72.12 86.88
72.12 86.27
72.13 85.54
72.12 84.74
72.12 84.10
72.05 83.49
71.75 82.85
-1.00 -1.00
5 0
0 
 3
69.93 97.47
70.02 96.83
70.20 96.32
70.40 95.53
70.62 94.36
70.64 93.47
70.68 92.93
70.76 92.37
70.94 91.54
71.03 90.78
71.14 90.13
71.15 89.53
71.16 88.93
71.31 88.02
71.30 87.44
71.35 86.67
71.36 85.93
71.39 85.21
71.43 84.47
71.58 83.61
71.68 83.03
-1.00 -1.00
5 0
0 
 3
64.12 75.03
64.73 75.49
65.19 75.96
65.65 76.37
66.07 76.88
66.44 77.56
66.89 78.33
67.33 78.97
67.88 79.71
68.13 80.20
68.43 80.67
69.27 81.16
70.15 81.70
70.80 82.01
71.27 82.29
-1.00 -1.00
5 0
0 
 3
61.90 78.85
62.21 78.39
62.43 77.60
62.72 76.95
63.06 76.49
63.48 75.81
63.83 75.23
64.11 74.74
64.56 73.90
64.87 73.31
65.24 72.61
65.65 71.87
66.04 71.03
66.48 70.39
66.82 69.57
67.17 68.55
67.36 67.98
67.54 67.44
67.74 66.87
67.97 66.24
68.22 65.73
68.49 65.07
68.69 64.52
68.94 63.67
-1.00 -1.00
5 0
0 
 3
50.72 78.02
50.29 77.62
49.83 77.16
49.37 76.76
48.92 76.31
48.38 75.85
47.98 75.35
47.47 74.77
47.07 74.14
46.81 73.67
46.22 72.82
45.95 71.97
45.74 71.08
45.65 70.50
45.75 69.77
45.86 69.22
46.27 68.58
46.66 68.18
47.06 67.80
47.50 67.50
48.11 67.39
48.74 67.27
-1.00 -1.00
5 0
0 
 3
51.90 77.64
51.57 77.11
51.37 76.55
51.26 75.98
51.01 75.37
50.82 74.75
50.64 74.16
50.45 73.57
50.21 72.93
49.96 72.45
49.72 71.95
49.51 71.31
49.40 70.67
49.33 70.01
49.25 69.48
49.20 68.92
49.29 68.23
49.32 67.50
49.29 66.68
49.21 65.76
49.08 65.23
49.04 64.65
49.05 64.11
48.96 60.83
48.95 59.96
49.11 59.44
-1.00 -1.00
5 0
0 
 3
49.17 59.32
49.75 59.44
50.48 59.46
51.21 59.50
51.78 59.60
52.49 59.79
53.02 59.99
53.78 60.19
54.46 60.31
55.00 60.43
-1.00 -1.00
5 0
0 
 3
59.41 61.04
59.53 60.46
59.53 59.85
59.54 59.20
59.44 58.54
59.54 57.99
60.10 57.86
60.77 57.64
61.57 57.52
62.11 57.51
62.55 57.82
63.04 57.42
63.62 56.99
64.45 56.52
64.97 56.22
65.47 55.98
65.95 55.66
66.65 55.54
67.36 55.41
68.00 55.29
68.81 55.19
69.69 55.19
70.50 55.27
71.23 55.39
71.76 55.77
72.03 56.52
72.07 57.07
71.74 57.84
71.23 58.30
70.72 58.71
70.12 59.02
69.35 59.21
68.78 59.32
68.18 59.37
67.54 59.45
66.96 59.40
66.28 59.25
65.59 58.90
64.85 59.02
64.29 59.26
63.48 59.25
62.78 59.06
61.83 58.81
61.09 58.77
60.20 58.93
59.65 58.97
-1.00 -1.00
5 0
0 
 3
66.65 62.84
66.82 62.26
66.96 61.50
66.94 60.96
66.85 60.32
66.62 59.69
66.48 59.16
-1.00 -1.00
5 0
0 
 3
49.13 59.30
49.71 59.41
50.28 59.38
50.85 59.52
51.57 59.69
52.14 59.81
52.71 59.95
53.29 60.07
54.10 60.32
54.78 60.44
55.32 60.58
55.94 60.52
56.85 60.70
57.49 60.76
58.17 60.80
58.88 60.98
59.74 61.24
60.45 61.29
61.38 61.47
62.13 61.61
62.95 61.82
63.47 62.20
64.07 62.48
64.73 62.74
65.36 62.88
66.07 62.99
67.06 63.04
67.65 63.11
68.37 63.21
-1.00 -1.00
5 0
0 
 3
50.51 57.87
51.17 57.84
51.78 57.74
52.42 57.46
52.98 57.43
53.90 57.63
54.70 57.64
55.47 57.72
56.00 57.97
56.53 58.33
57.08 58.63
57.71 58.74
58.33 58.78
-1.00 -1.00
5 0
0 
 3
50.36 59.41
50.49 58.82
50.59 58.23
50.27 57.79
49.65 57.64
49.13 57.38
48.60 57.12
48.07 56.89
47.66 56.52
47.43 55.93
47.27 55.22
47.23 54.56
47.18 53.96
-1.00 -1.00
5 0
0 
 3
47.22 53.59
47.90 53.49
48.58 53.52
49.20 53.57
50.04 53.60
50.64 53.64
51.37 53.76
52.21 54.14
52.79 54.40
53.38 54.73
54.15 55.13
54.74 55.60
55.46 56.20
55.91 56.63
56.16 57.11
56.69 57.00
57.63 57.18
58.09 57.67
58.60 57.97
58.62 58.55
58.58 59.20
58.50 59.87
58.50 60.46
-1.00 -1.00
5 0
0 
 3
45.71 52.66
45.11 52.40
44.46 52.18
43.90 52.06
44.28 52.58
44.80 53.15
44.13 53.08
43.57 52.92
43.02 52.88
42.37 52.99
41.80 52.97
41.04 52.76
40.54 52.52
41.17 52.86
41.69 53.09
42.45 53.33
42.97 53.56
43.49 53.69
44.10 53.79
44.68 53.91
45.43 54.07
44.73 54.11
45.37 54.51
44.81 54.40
45.45 54.89
-1.00 -1.00
5 0
0 
 3
43.54 51.31
44.09 51.58
44.64 51.75
45.18 51.97
45.79 52.21
46.35 52.49
-1.00 -1.00
5 0
0 
 -1
