gremlinfile
0 28.00 48.00
3
193.17 97.67
-1.00 -1.00
5 0
0 
 3
50.50 50.00
65.50 53.67
81.83 52.00
96.83 51.33
107.50 54.00
120.83 52.00
131.17 56.00
143.83 58.00
156.17 62.67
166.50 66.33
173.50 69.67
182.17 75.67
190.17 79.67
-1.00 -1.00
5 0
0 
 3
163.83 72.00
168.17 75.67
170.50 75.33
-1.00 -1.00
5 0
0 
 3
158.17 71.67
168.83 78.67
174.83 76.00
-1.00 -1.00
5 0
0 
 3
119.50 60.67
115.50 59.67
125.83 63.00
139.17 68.67
144.83 73.00
153.17 74.00
159.50 77.67
165.50 77.33
-1.00 -1.00
5 0
0 
 3
115.83 65.00
133.17 75.67
137.17 76.67
142.83 77.00
148.83 78.33
150.50 74.33
-1.00 -1.00
5 0
0 
 3
102.17 72.33
108.50 73.33
118.17 75.00
120.83 76.33
126.17 77.00
131.83 79.00
138.50 76.00
-1.00 -1.00
5 0
0 
 3
25.50 56.67
38.50 64.67
43.83 64.67
46.83 66.00
50.83 65.67
58.50 66.67
66.83 66.67
75.17 69.00
82.83 69.00
-1.00 -1.00
5 0
0 
 3
96.17 109.00
97.50 107.00
98.83 106.67
-1.00 -1.00
5 0
0 
 3
141.50 149.67
142.83 150.00
144.17 150.00
145.17 150.00
-1.00 -1.00
5 0
0 
 3
132.83 148.00
136.83 150.00
138.17 150.00
139.83 150.00
-1.00 -1.00
5 0
0 
 3
95.83 75.67
96.17 79.00
95.50 80.67
95.83 81.67
97.50 81.67
-1.00 -1.00
5 0
0 
 3
100.83 78.67
98.17 79.67
98.17 78.00
97.50 75.00
-1.00 -1.00
5 0
0 
 3
105.83 96.00
105.17 98.67
104.17 99.00
103.50 98.00
104.17 97.67
104.50 95.33
104.83 94.00
-1.00 -1.00
5 0
0 
 3
106.50 92.00
104.50 93.67
103.83 95.67
103.83 97.33
102.83 99.33
-1.00 -1.00
5 0
0 
 3
105.17 94.33
104.83 93.67
-1.00 -1.00
5 0
0 
 3
91.50 79.67
92.83 82.33
94.17 83.00
94.83 84.67
98.83 80.67
101.50 78.33
102.83 78.33
104.83 79.67
104.83 82.00
108.50 88.67
107.83 90.33
109.17 93.00
108.83 95.00
107.50 95.67
106.17 96.00
105.17 95.00
104.83 94.33
106.17 94.00
-1.00 -1.00
5 0
0 
 3
100.83 103.00
100.50 101.33
101.50 100.67
101.50 96.33
102.50 95.00
102.83 93.00
104.50 91.67
103.83 89.00
102.83 87.00
101.50 83.33
100.17 84.67
97.50 86.67
94.50 87.67
93.50 86.33
91.83 84.67
91.17 82.33
90.17 80.67
-1.00 -1.00
5 0
0 
 3
98.17 107.00
99.83 105.00
-1.00 -1.00
5 0
0 
 3
104.50 97.67
96.83 110.67
-1.00 -1.00
5 0
0 
 3
101.17 105.00
104.50 102.00
104.50 99.67
-1.00 -1.00
5 0
0 
 3
107.83 111.67
103.50 102.67
93.50 96.67
-1.00 -1.00
5 0
0 
 3
87.50 91.67
89.83 97.33
94.83 104.33
98.17 107.67
102.17 113.67
107.83 120.67
117.83 131.67
127.50 141.00
142.83 150.00
-1.00 -1.00
5 0
0 
 3
83.17 86.00
145.83 150.00
145.17 150.00
82.83 86.67
-1.00 -1.00
5 0
0 
 3
99.50 65.33
101.50 62.00
102.50 61.00
101.17 64.00
-1.00 -1.00
5 0
0 
 3
85.83 75.67
89.83 69.33
90.83 68.33
89.50 73.00
-1.00 -1.00
5 0
0 
 3
55.83 102.00
58.50 102.33
62.17 101.00
64.83 99.33
91.83 79.00
102.17 70.33
104.17 68.00
106.83 64.33
100.83 60.67
97.17 62.33
92.17 65.67
81.50 72.33
71.83 80.00
63.50 87.67
59.50 91.67
56.50 96.33
55.50 99.00
55.50 100.00
55.83 102.00
61.17 96.33
68.17 90.00
103.83 62.67
103.50 62.33
70.83 87.00
61.17 95.67
55.50 102.00
-1.00 -1.00
5 0
0 
 -1
