gremlinfile
0 52.00 52.00
3
51.19 54.46
55.05 54.99
58.86 55.43
65.68 56.20
72.51 56.56
79.30 56.70
87.36 57.27
94.89 57.91
98.97 58.32
100.62 58.46
102.62 58.51
104.56 58.13
105.63 57.94
106.10 58.43
107.06 58.96
108.43 59.48
110.26 60.50
112.97 61.24
115.06 62.10
117.41 62.07
120.45 62.04
122.29 61.66
122.43 61.71
-1.00 -1.00
5 0
0 
 3
98.92 58.40
97.63 58.02
95.88 56.72
95.63 55.84
96.48 54.49
98.81 54.66
99.66 55.81
101.85 56.53
102.84 56.09
102.92 55.76
101.82 56.50
99.58 55.79
98.42 54.22
98.59 52.34
100.18 51.46
101.93 51.87
103.19 52.76
105.25 54.27
105.93 55.24
103.41 52.84
103.33 50.94
105.16 50.25
106.53 50.63
107.52 52.15
107.74 53.89
107.41 51.68
108.18 50.39
-1.00 -1.00
5 0
0 
 3
110.59 50.14
111.06 51.68
111.38 52.18
112.97 52.62
113.77 53.47
114.67 54.77
114.34 56.20
113.16 57.55
111.52 58.51
109.08 59.18
107.41 59.23
106.62 59.04
-1.00 -1.00
5 0
0 
 3
114.89 52.67
117.47 52.34
119.80 52.62
121.74 53.36
125.60 53.83
127.25 55.35
128.21 56.61
128.70 58.40
128.56 60.94
127.55 62.98
126.54 64.27
123.08 65.60
119.00 66.12
115.85 66.67
113.80 67.61
113.14 68.19
-1.00 -1.00
5 0
0 
 3
98.42 72.93
98.10 72.71
96.81 71.58
97.00 70.42
97.99 69.54
99.38 68.68
101.27 68.21
104.21 67.99
105.85 68.43
107.69 68.49
109.82 68.08
112.29 67.97
113.41 68.74
112.86 70.31
112.04 71.77
110.59 72.40
108.73 72.15
106.42 71.96
103.22 72.62
101.44 73.17
99.16 73.39
-1.00 -1.00
5 0
0 
 3
110.53 76.89
109.69 75.90
108.70 73.59
108.86 72.18
-1.00 -1.00
5 0
0 
 3
101.47 76.65
100.62 74.77
99.77 73.48
99.55 73.17
-1.00 -1.00
5 0
0 
 3
132.23 100.70
132.40 100.79
133.08 100.84
134.45 100.51
135.49 99.93
136.40 98.33
136.86 96.96
136.73 95.27
135.88 92.85
134.62 91.14
132.92 90.15
130.26 90.53
128.81 92.02
129.63 91.28
129.85 89.93
129.52 88.33
127.80 85.52
125.74 83.34
122.78 81.03
120.78 79.73
117.74 78.35
116.15 77.94
114.32 77.58
110.92 76.73
108.40 76.48
105.88 76.59
101.25 77.80
98.70 78.82
96.18 79.65
95.05 80.06
-1.00 -1.00
5 0
0 
 3
123.88 80.78
125.41 79.13
127.41 78.41
130.12 78.63
133.85 80.04
134.07 80.20
131.33 80.50
129.36 81.11
130.95 80.75
133.63 81.41
136.48 83.26
138.56 86.04
140.95 90.20
141.85 93.57
141.99 94.75
140.65 91.28
140.67 91.44
141.49 96.16
142.34 102.30
142.51 109.41
142.07 114.04
141.52 117.18
141.17 118.06
-1.00 -1.00
5 0
0 
 3
141.44 107.95
141.36 110.26
140.65 116.08
141.49 123.46
142.40 128.45
142.02 130.24
-1.00 -1.00
5 0
0 
 3
141.06 129.97
137.93 129.11
135.44 128.09
133.03 127.07
130.29 126.74
128.92 126.99
127.36 127.98
126.54 129.17
125.30 130.99
124.89 131.87
-1.00 -1.00
5 0
0 
 3
125.71 134.60
126.18 137.79
125.85 139.06
124.43 140.00
119.52 141.57
117.14 141.29
115.11 136.36
116.45 134.24
121.06 134.65
123.52 136.88
123.58 141.35
120.26 143.28
113.69 141.40
113.49 138.21
115.47 137.65
115.96 139.50
113.99 141.73
109.41 143.63
104.73 142.09
103.33 136.42
105.27 133.77
108.01 134.02
108.81 135.34
108.64 137.46
106.73 140.08
105.16 141.18
101.60 140.36
97.66 138.07
95.63 136.11
94.59 133.58
95.49 132.47
96.53 130.85
100.01 129.28
103.60 129.55
106.10 130.55
107.58 131.37
108.04 133.55
110.95 135.23
114.04 135.15
115.36 132.31
114.12 128.37
110.86 127.38
107.88 129.99
106.81 131.26
102.86 129.03
101.99 124.81
103.08 122.39
107.11 122.09
110.53 123.66
114.48 127.60
114.95 129.77
112.67 127.76
108.48 123.88
107.44 121.07
111.52 119.22
115.41 119.77
116.10 121.76
112.95 123.66
110.56 127.90
115.38 129.44
119.22 126.74
120.56 122.77
118.70 121.01
115.69 121.09
111.58 125.09
114.12 128.40
117.60 127.98
121.11 127.40
123.60 130.99
122.07 134.38
117.25 133.71
117.25 127.85
119.52 126.77
122.37 128.78
123.74 130.27
125.22 127.24
124.04 123.60
119.00 120.82
116.23 120.10
-1.00 -1.00
5 0
0 
 3
102.04 121.01
99.19 121.45
95.30 123.96
94.42 128.37
96.89 132.03
100.59 132.58
103.22 131.15
101.93 129.17
98.15 129.66
95.60 131.79
94.78 134.27
96.64 137.30
100.34 139.86
104.15 140.77
107.71 139.03
108.48 136.08
108.32 134.38
-1.00 -1.00
5 0
0 
 3
94.89 129.28
94.62 129.58
91.05 131.65
88.37 134.49
86.94 136.91
86.12 136.00
83.55 131.51
81.71 126.85
81.36 123.08
-1.00 -1.00
5 0
0 
 3
82.59 129.47
81.27 127.96
78.94 124.81
76.94 121.56
76.67 120.16
-1.00 -1.00
5 0
0 
 3
97.74 125.94
97.03 125.50
93.16 122.33
90.31 119.22
89.52 117.81
-1.00 -1.00
5 0
0 
 3
62.07 126.03
63.79 126.00
65.41 125.42
67.55 124.32
70.64 122.33
74.04 121.45
78.48 119.77
80.48 118.64
84.37 117.40
87.57 117.21
90.67 117.65
94.42 117.21
94.81 117.07
94.92 116.41
93.93 111.34
93.41 107.15
93.25 102.03
92.62 92.93
93.08 87.15
93.19 84.36
94.31 78.08
95.79 70.03
96.26 67.36
96.59 65.98
-1.00 -1.00
5 0
0 
 3
97.44 66.12
94.18 66.70
90.29 66.92
85.41 66.89
80.59 66.89
76.31 67.00
72.51 68.08
70.53 69.98
67.99 72.02
65.41 74.28
64.31 75.76
-1.00 -1.00
5 0
0 
 3
63.41 76.45
63.49 76.89
64.01 81.96
64.48 86.26
64.48 90.20
63.85 92.19
64.23 90.29
65.60 90.26
65.30 92.79
63.27 93.35
61.14 94.25
61.24 96.32
61.27 95.55
64.12 93.18
65.27 93.26
65.60 95.30
64.15 96.40
61.74 96.16
61.57 98.94
64.04 99.27
65.68 98.11
65.25 96.05
63.49 96.21
-1.00 -1.00
5 0
0 
 3
63.57 105.19
61.71 104.15
61.88 101.64
64.75 99.88
67.03 100.95
67.63 103.49
65.96 105.14
64.62 104.37
64.12 102.93
-1.00 -1.00
5 0
0 
 3
60.86 100.68
58.29 98.94
56.92 96.93
56.37 95.77
58.18 95.94
60.42 97.09
61.85 97.95
-1.00 -1.00
5 0
0 
 3
64.26 105.72
64.23 108.97
64.15 113.54
62.70 115.83
62.07 119.36
61.96 124.07
61.74 125.97
-1.00 -1.00
5 0
0 
 3
88.12 66.92
86.67 65.13
84.89 61.90
84.07 58.98
83.90 57.50
-1.00 -1.00
5 0
0 
 3
84.83 62.92
81.96 63.20
78.97 64.52
77.19 66.01
76.01 67.11
-1.00 -1.00
5 0
0 
 3
93.00 117.90
102.67 117.57
101.11 117.90
-1.00 -1.00
5 0
0 
 3
114.53 117.46
115.44 117.02
116.62 116.63
-1.00 -1.00
5 0
0 
 3
132.01 114.67
129.33 111.31
128.07 109.55
-1.00 -1.00
5 0
0 
 3
131.33 105.41
134.97 106.57
136.97 106.41
-1.00 -1.00
5 0
0 
 3
110.21 113.65
108.32 113.63
106.23 113.90
104.81 113.21
103.30 110.71
103.38 107.45
104.56 105.94
106.40 105.69
108.84 105.19
-1.00 -1.00
5 0
0 
 3
113.58 108.80
113.38 107.48
113.90 107.01
115.17 107.37
115.74 108.39
115.08 109.58
113.63 109.11
113.36 107.45
114.56 107.56
115.44 108.80
114.48 108.91
114.10 108.09
115.30 108.86
114.18 108.89
115.08 108.39
114.15 108.78
114.97 108.91
114.04 107.87
114.62 109.25
115.00 108.36
113.77 107.65
113.77 109.05
-1.00 -1.00
5 0
0 
 3
100.42 109.82
99.66 109.00
99.85 108.42
100.18 108.00
100.97 108.23
101.96 108.89
102.21 109.71
101.36 110.60
100.42 110.29
99.74 108.78
100.18 108.00
101.38 108.56
101.58 109.88
100.40 109.74
100.56 108.53
101.96 109.99
100.75 109.30
101.63 109.82
100.70 108.45
100.40 109.36
101.22 110.04
101.52 110.04
101.63 109.08
101.96 109.33
101.22 108.58
-1.00 -1.00
5 0
0 
 3
102.45 85.46
103.85 85.82
104.21 85.96
106.29 84.91
108.26 83.98
108.70 83.89
-1.00 -1.00
5 0
0 
 3
128.95 58.96
129.08 58.96
132.84 58.87
138.86 58.79
142.92 58.35
149.96 57.41
-1.00 -1.00
5 0
0 
 -1
