gremlinfile
0 32.00 48.00
3
36.24 128.57
36.80 128.76
37.11 128.88
37.32 128.93
37.65 128.95
37.94 128.96
38.34 128.98
38.79 129.08
39.12 129.17
39.56 129.30
39.84 129.42
40.34 129.68
40.80 129.83
41.10 129.91
41.49 130.01
41.89 130.14
42.19 130.16
42.48 130.07
43.44 129.76
43.75 129.73
44.18 129.62
44.78 129.45
45.41 129.31
47.58 128.88
48.38 128.77
49.66 128.67
51.72 128.35
52.68 128.24
53.45 128.16
54.05 127.98
54.85 127.95
55.85 127.85
56.84 127.69
57.77 127.66
58.75 127.86
59.07 128.05
59.57 128.51
59.96 128.69
60.74 128.59
61.01 128.65
61.10 128.84
61.40 128.95
61.61 128.93
61.67 129.16
61.92 129.36
62.29 129.45
62.70 129.61
63.01 129.90
63.33 130.11
63.67 130.13
64.25 130.17
64.59 130.37
65.02 130.59
65.64 130.77
66.23 131.01
66.62 131.29
67.03 131.55
67.42 131.69
67.77 131.93
68.11 132.22
68.56 132.60
68.96 132.81
69.44 133.21
69.61 133.08
69.81 133.03
70.24 133.13
70.63 133.15
71.32 133.08
72.90 133.13
73.67 133.17
76.33 133.54
77.00 133.73
77.54 133.99
77.93 134.25
78.31 134.59
78.78 135.12
79.09 135.59
79.39 136.12
79.63 136.68
79.70 137.09
79.69 137.65
79.62 138.14
79.55 138.39
79.40 138.74
78.98 138.70
78.52 138.56
78.50 138.77
78.58 139.14
78.82 139.30
79.05 139.35
79.27 139.24
79.61 139.19
79.96 139.57
80.53 140.08
81.20 140.42
82.11 140.81
82.82 141.14
83.41 141.38
84.58 141.75
85.03 141.65
86.73 141.19
87.56 141.17
88.04 141.19
88.53 141.00
88.85 141.06
89.17 141.24
89.52 141.22
89.92 141.48
90.36 141.50
90.88 141.24
91.81 141.38
92.32 141.30
92.79 141.56
92.94 141.37
93.06 141.19
93.25 141.06
93.45 141.01
93.40 140.52
93.33 140.22
93.51 139.80
93.88 139.54
94.29 139.49
94.78 139.42
94.96 139.35
95.26 139.17
95.46 138.89
95.86 138.92
96.37 138.96
96.97 138.82
97.48 138.73
98.25 138.58
98.95 138.61
99.65 138.59
100.72 138.60
101.60 138.54
102.33 138.74
103.13 138.83
104.28 138.90
105.38 139.09
106.98 139.42
108.32 139.67
109.43 140.00
110.66 140.30
112.01 140.68
113.34 140.81
114.53 140.88
115.81 140.93
118.62 141.13
119.37 141.25
119.69 141.49
119.99 141.54
120.55 141.30
121.02 140.91
121.35 140.43
121.34 140.03
121.15 139.28
121.19 138.53
121.43 138.19
121.87 137.80
122.48 137.53
122.97 137.37
123.35 137.27
123.82 137.17
123.98 137.08
124.11 136.89
124.09 136.73
124.06 136.35
123.88 136.05
123.69 135.66
123.54 135.27
123.53 134.65
123.65 134.05
123.80 133.29
123.90 132.51
123.84 132.21
123.65 131.79
123.74 131.42
123.89 130.85
123.84 130.35
123.97 129.77
124.06 129.30
124.07 128.98
123.85 128.46
123.70 128.25
123.74 128.03
123.36 127.96
123.12 127.94
122.90 127.66
122.46 127.55
122.16 127.34
121.85 127.02
121.07 126.54
120.90 126.33
120.73 126.52
120.55 126.77
119.78 126.75
119.50 126.62
119.32 126.47
119.23 126.27
118.99 126.05
118.98 126.35
118.80 126.42
118.41 126.48
117.88 126.37
117.51 126.21
117.25 126.07
116.91 126.02
116.66 125.95
116.43 126.25
116.27 126.08
116.33 125.79
-1.00 -1.00
5 0
0 
 3
116.38 126.05
116.18 125.73
115.99 126.00
116.00 125.72
115.86 125.45
115.54 125.48
115.51 125.98
115.49 126.89
115.42 127.08
115.35 126.66
115.35 126.23
115.31 125.93
115.20 125.55
115.17 125.25
114.83 124.93
114.44 124.64
114.38 125.09
113.78 125.20
113.39 125.06
113.50 124.82
113.19 124.38
113.15 123.99
112.94 123.40
112.42 123.08
112.16 123.67
111.77 123.72
111.53 123.47
111.28 123.76
111.02 123.82
111.28 124.36
111.41 124.84
111.90 125.34
112.10 125.74
112.01 126.20
112.21 126.53
111.41 125.70
110.97 125.31
110.38 125.31
109.90 125.42
109.53 125.48
109.53 126.48
108.62 126.75
107.22 126.64
105.71 126.43
105.16 126.38
104.96 126.00
104.96 125.33
104.41 125.15
104.04 125.84
104.12 126.11
103.77 126.27
103.93 125.91
103.63 125.59
103.35 125.07
102.79 125.49
101.90 124.84
101.53 124.98
101.08 125.29
101.02 126.40
100.56 127.10
99.69 127.49
99.33 127.34
99.61 127.11
100.02 126.84
99.45 126.61
99.44 126.23
99.23 125.72
98.56 125.95
98.41 126.21
98.15 125.90
98.18 125.20
97.72 124.39
97.66 124.00
97.79 123.56
97.23 122.91
96.61 122.89
95.96 122.42
95.33 122.51
95.02 122.89
95.46 123.57
95.76 124.03
96.03 124.20
95.88 124.75
95.38 124.95
94.96 125.01
94.74 124.32
94.02 123.65
93.42 123.13
93.04 122.71
92.83 121.99
92.61 120.76
92.63 120.17
-1.00 -1.00
5 0
0 
 3
92.67 119.99
92.04 119.73
92.12 119.52
92.44 119.11
92.86 118.78
92.84 118.26
92.31 118.11
91.32 117.61
90.60 116.80
89.94 115.56
89.69 114.25
89.77 113.51
89.94 112.68
89.95 112.09
89.82 111.45
89.67 111.08
89.44 110.58
89.21 110.30
88.80 110.00
88.24 109.74
87.31 109.45
86.97 109.72
86.67 110.08
86.35 110.36
86.01 110.44
85.65 110.41
85.48 110.68
85.47 111.18
85.26 111.34
84.84 111.53
84.42 111.60
84.33 112.07
84.05 112.43
-1.00 -1.00
5 0
0 
 3
86.67 110.25
86.76 109.92
86.96 109.64
86.89 109.36
86.74 109.09
86.51 108.54
86.45 107.98
86.51 107.57
86.44 107.26
-1.00 -1.00
5 0
0 
 3
86.82 107.69
86.97 107.86
87.12 108.00
87.15 108.21
87.12 108.42
87.07 108.78
86.94 108.91
86.71 108.70
86.68 108.37
86.62 108.01
86.54 107.67
86.71 107.58
86.85 107.82
-1.00 -1.00
5 0
0 
 3
86.23 107.82
86.20 107.55
86.25 107.26
86.32 107.00
85.89 107.13
84.93 107.85
84.47 108.39
83.79 109.13
83.17 109.64
82.56 109.98
81.72 110.14
81.18 109.94
80.73 109.50
81.15 109.62
81.78 109.54
82.62 109.48
83.15 109.19
83.69 108.65
84.16 108.21
84.70 107.78
85.63 106.62
85.48 105.82
84.89 104.34
84.46 103.86
83.84 103.90
83.16 104.33
82.69 104.60
82.84 105.04
83.13 105.80
83.22 106.20
83.07 106.42
83.24 105.87
82.83 105.02
82.29 105.26
81.84 105.71
81.15 105.82
80.44 106.39
79.93 106.68
79.58 106.99
79.54 107.51
80.34 107.69
80.31 107.96
79.91 108.11
79.70 108.38
79.62 108.65
80.12 108.77
80.59 108.75
80.74 109.17
-1.00 -1.00
5 0
0 
 3
80.88 105.97
81.11 105.55
81.37 105.33
81.61 104.91
81.56 104.56
81.30 103.99
81.07 103.59
80.69 103.54
80.39 104.20
79.85 104.39
80.34 104.15
80.25 103.68
79.74 103.49
79.65 102.94
79.86 102.24
79.89 102.01
79.08 102.02
78.36 101.82
79.33 101.74
80.21 101.53
80.31 102.33
80.00 103.03
80.27 103.36
80.80 102.94
81.48 103.16
81.85 103.91
82.07 104.48
82.52 104.56
82.79 104.11
82.36 103.46
82.07 102.87
82.40 102.67
82.21 102.03
81.43 101.57
80.73 100.91
80.07 100.60
79.34 100.60
79.08 100.43
79.08 100.13
78.90 99.49
78.55 99.42
78.09 98.88
78.00 97.84
77.85 97.63
-1.00 -1.00
5 0
0 
 3
79.52 99.62
79.78 99.27
80.27 98.35
80.49 96.97
80.01 96.23
79.18 95.62
78.10 95.64
77.01 95.72
75.94 95.80
75.03 95.62
74.33 94.88
74.16 94.32
74.16 93.38
74.21 93.11
74.32 92.44
73.94 92.62
73.21 92.63
73.16 92.80
73.94 93.18
74.07 93.91
73.63 93.93
73.78 93.56
73.39 93.10
72.74 93.20
72.48 93.77
72.11 93.72
71.90 93.38
71.42 93.26
-1.00 -1.00
5 0
0 
 3
72.39 93.58
72.56 93.22
72.49 92.75
72.39 92.47
72.27 92.28
72.00 91.87
71.77 91.71
71.26 91.62
71.02 91.95
70.48 91.70
70.08 91.88
69.92 92.40
-1.00 -1.00
5 0
0 
 3
71.90 91.70
71.79 91.44
71.79 91.11
71.95 90.62
71.96 90.34
71.55 90.37
71.72 89.97
71.46 89.41
71.22 88.47
71.19 87.78
71.31 86.98
71.62 86.48
71.97 85.75
72.18 85.10
71.91 84.66
71.27 84.62
71.29 85.44
70.84 85.60
70.38 85.10
70.49 84.62
70.04 83.98
69.52 83.36
69.35 82.61
69.23 82.00
-1.00 -1.00
5 0
0 
 3
71.62 84.65
72.03 84.55
72.39 84.95
72.44 85.32
72.98 85.12
73.37 84.49
73.38 83.88
72.86 83.63
72.03 83.38
71.41 83.04
71.00 82.05
70.85 81.76
70.46 81.18
70.06 80.65
69.57 80.12
69.09 79.51
-1.00 -1.00
5 0
0 
 3
71.97 83.21
72.42 82.94
73.01 83.11
73.39 83.40
73.60 82.82
73.42 81.24
73.47 80.45
73.30 80.33
72.99 80.09
73.19 80.16
73.71 79.98
73.38 79.18
73.21 78.32
72.97 77.83
72.97 76.99
72.37 77.00
71.96 76.94
71.72 77.04
-1.00 -1.00
5 0
0 
 3
73.38 76.56
73.31 75.80
72.82 75.44
72.57 74.72
72.33 74.35
-1.00 -1.00
5 0
0 
 3
73.27 77.44
73.47 76.22
73.36 75.49
73.62 74.84
74.15 74.67
74.33 74.15
-1.00 -1.00
5 0
0 
 3
73.70 79.66
74.09 78.82
74.34 78.26
74.29 77.52
74.09 77.04
74.46 76.42
74.76 76.10
75.06 75.87
-1.00 -1.00
5 0
0 
 3
74.04 79.94
74.29 80.51
74.39 81.13
74.97 81.75
75.53 81.77
75.77 81.06
-1.00 -1.00
5 0
0 
 3
74.37 81.09
74.37 81.95
74.47 82.71
74.45 83.33
74.44 84.23
74.48 85.22
74.40 86.08
74.04 86.81
74.49 87.37
75.10 87.36
76.66 87.56
77.34 87.76
77.80 87.07
77.76 86.01
76.78 85.39
75.91 84.68
76.12 83.88
76.56 83.40
76.68 82.67
77.34 82.48
77.92 82.06
-1.00 -1.00
5 0
0 
 3
77.64 85.42
77.51 85.93
77.90 86.65
78.32 87.53
78.47 87.77
78.46 88.44
78.67 88.76
78.89 89.28
79.02 90.06
79.42 90.80
79.80 91.19
80.40 90.58
80.40 89.35
79.53 88.54
-1.00 -1.00
5 0
0 
 3
79.75 90.70
79.87 90.96
80.36 91.03
81.01 90.76
81.09 91.45
81.48 91.72
82.08 91.41
82.67 91.50
83.01 91.98
83.46 91.66
83.40 90.85
83.52 89.92
-1.00 -1.00
5 0
0 
 3
79.46 91.63
79.19 92.37
78.98 92.90
78.93 93.38
79.07 93.77
79.80 94.02
80.98 94.29
-1.00 -1.00
5 0
0 
 3
81.45 94.33
82.02 94.12
82.75 94.06
83.53 94.29
84.19 94.72
85.18 95.01
86.10 95.53
86.75 95.94
87.47 96.31
88.35 96.42
88.79 96.20
89.07 95.78
89.28 95.19
89.15 94.68
88.94 94.09
-1.00 -1.00
5 0
0 
 3
88.21 96.46
88.07 96.72
88.78 97.12
89.45 97.12
90.99 98.05
91.51 98.44
92.02 98.56
92.32 98.37
92.58 97.63
92.52 97.17
92.55 96.59
-1.00 -1.00
5 0
0 
 3
92.38 98.35
92.38 98.53
92.79 98.58
93.23 98.44
93.77 98.55
94.04 98.47
94.33 98.27
94.47 98.01
94.51 98.18
94.64 98.44
94.98 98.56
95.62 98.68
96.42 98.79
97.01 98.91
97.59 99.11
97.75 99.29
98.20 99.15
98.91 99.23
99.89 99.48
100.17 99.68
100.43 99.63
101.31 99.68
101.96 99.84
102.28 99.98
103.11 100.15
103.97 100.52
104.22 100.74
104.51 100.93
105.09 101.33
106.03 102.14
106.94 102.83
-1.00 -1.00
5 0
0 
 3
107.04 102.21
107.06 101.67
-1.00 -1.00
5 0
0 
 3
107.20 102.88
107.68 103.29
107.53 103.48
107.52 103.88
-1.00 -1.00
5 0
0 
 3
107.67 103.54
108.28 103.50
108.53 103.83
108.23 103.89
108.09 104.12
108.55 103.97
108.94 103.57
109.72 103.93
109.20 104.00
109.08 104.41
109.80 104.36
110.20 104.13
110.19 104.72
108.92 105.43
107.71 105.61
107.77 106.39
110.24 109.08
110.95 109.61
111.06 108.70
112.41 109.68
113.51 110.63
114.22 110.93
115.13 110.88
115.62 109.95
115.64 109.22
115.27 108.07
114.74 107.14
113.91 106.33
112.86 105.62
113.45 105.86
114.53 106.42
114.84 106.42
114.54 105.79
114.43 105.45
115.39 105.94
116.28 106.14
116.81 106.35
116.90 106.93
117.59 107.47
118.65 108.11
118.93 108.86
119.71 109.70
119.88 109.90
120.63 110.67
121.03 111.53
121.18 112.35
121.28 113.05
121.92 114.20
122.01 115.15
121.92 116.18
121.82 116.57
121.74 118.57
121.95 119.32
122.16 119.91
-1.00 -1.00
5 0
0 
 3
115.71 108.99
116.05 108.48
116.23 107.94
116.83 107.72
117.39 107.84
117.86 108.13
118.24 108.60
118.65 109.56
119.26 110.04
119.67 110.68
120.03 111.21
119.78 111.59
120.17 111.77
120.15 111.99
120.39 112.25
120.45 112.60
120.90 112.98
121.02 113.55
121.43 114.04
121.58 114.74
121.58 115.53
121.48 116.45
121.53 117.57
121.56 118.18
121.73 119.00
121.83 119.56
121.99 119.93
121.57 120.08
120.87 120.37
120.61 120.50
120.40 120.25
120.30 119.78
120.16 119.38
-1.00 -1.00
5 0
0 
 3
120.21 119.69
120.06 119.18
120.06 118.69
119.86 118.40
119.51 118.15
119.34 117.78
119.39 117.28
119.78 117.14
120.04 116.93
119.71 116.27
119.42 116.44
119.02 116.60
118.55 116.02
118.44 115.38
118.56 114.95
118.42 114.11
118.24 113.94
117.71 113.61
117.40 113.29
116.90 112.63
116.54 112.20
116.14 111.62
115.81 111.10
115.67 110.75
115.71 110.38
115.82 109.87
115.81 109.45
115.87 109.08
-1.00 -1.00
5 0
0 
 3
122.57 119.22
123.33 118.99
123.39 119.33
123.80 119.31
123.99 119.63
123.71 120.64
123.73 121.45
124.26 121.22
124.56 120.47
124.47 119.56
124.92 119.01
125.33 118.32
125.42 117.66
125.93 117.83
125.83 118.69
125.99 119.61
126.33 119.15
126.54 118.15
126.73 117.47
127.15 116.60
127.82 116.18
128.43 116.40
128.33 117.37
128.36 117.14
129.02 116.65
129.57 116.93
129.74 117.20
130.47 116.74
131.85 117.08
132.80 117.57
132.71 118.18
131.81 118.21
132.13 118.52
132.41 118.64
132.62 118.29
132.87 118.31
133.14 118.74
133.64 118.58
133.42 118.10
132.81 117.67
133.09 117.33
134.02 117.58
134.85 117.94
135.49 118.38
135.98 118.70
136.08 118.91
136.16 118.25
136.29 118.13
136.82 118.64
136.76 119.35
137.42 119.39
137.59 118.83
138.77 119.38
139.36 120.15
139.08 120.76
139.14 121.04
138.58 121.44
138.80 122.28
139.10 122.26
139.31 122.20
139.37 122.88
138.65 123.03
138.62 123.63
139.86 123.85
140.16 124.14
140.72 125.23
140.05 124.64
138.89 124.21
138.34 124.82
138.68 125.45
138.94 125.81
138.70 126.59
138.44 127.15
139.66 127.00
140.65 126.93
141.24 127.35
141.92 128.10
142.04 128.71
142.06 129.60
142.67 130.38
143.07 129.82
143.82 129.62
144.49 130.41
144.21 131.04
144.51 130.60
145.05 130.57
145.57 130.75
145.95 131.26
146.55 131.39
147.07 131.54
146.93 130.67
146.66 129.95
146.39 129.32
145.43 129.33
145.31 128.75
145.00 128.09
145.23 127.60
145.69 127.70
146.34 127.98
145.58 127.10
144.43 126.73
-1.00 -1.00
5 0
0 
 3
146.31 127.56
146.68 127.44
146.76 127.10
147.13 126.44
147.86 126.24
148.52 126.20
148.63 125.82
148.49 125.20
148.72 124.44
149.72 123.87
150.68 123.60
151.43 123.60
152.03 123.94
152.79 124.36
153.54 124.34
154.08 124.08
153.86 123.67
153.47 123.35
153.21 122.64
152.88 121.61
152.76 121.04
152.67 120.34
153.02 119.62
153.44 118.97
153.85 118.42
153.99 117.78
153.88 117.04
154.17 116.55
154.60 116.12
155.06 115.75
155.46 115.44
155.49 115.04
155.76 114.68
156.39 114.25
157.23 113.75
157.70 113.66
157.97 113.25
158.37 112.79
158.74 112.39
159.49 112.17
160.07 111.99
160.18 111.19
160.30 110.89
160.70 110.62
160.88 109.98
160.98 109.13
160.73 108.58
160.48 107.88
160.46 107.29
160.52 106.58
160.35 105.66
160.30 105.45
159.90 103.97
159.77 103.42
159.72 103.02
159.09 102.36
158.33 102.03
157.42 101.50
156.77 100.60
156.35 99.94
155.94 98.84
156.20 97.92
156.55 96.91
157.03 96.00
157.59 95.16
158.12 94.18
158.83 92.76
159.09 92.17
159.03 91.88
159.01 91.66
158.95 91.43
159.75 91.24
159.55 89.58
160.18 89.17
160.34 88.68
160.35 87.39
160.69 86.15
160.91 85.30
161.21 83.91
161.11 82.89
160.76 81.98
160.84 80.66
160.76 80.14
160.34 79.59
159.88 79.33
159.52 79.34
159.58 78.43
159.43 77.67
159.57 76.10
159.76 75.56
159.65 74.86
159.40 74.53
158.97 73.55
158.66 72.40
158.42 71.48
158.31 70.45
158.18 69.62
158.27 68.46
158.27 67.58
158.33 67.20
158.01 66.94
157.49 66.22
157.06 65.35
156.76 64.52
156.46 63.53
-1.00 -1.00
5 0
0 
 3
156.57 64.15
156.51 63.48
156.36 62.67
156.14 61.91
155.97 61.27
155.74 60.28
155.30 59.45
154.91 58.49
154.81 57.29
154.84 55.93
155.07 54.47
155.15 53.08
154.90 52.15
154.48 50.97
-1.00 -1.00
5 0
0 
 3
131.68 149.89
131.54 149.79
131.38 149.67
131.27 149.33
131.45 149.08
131.46 148.56
131.22 148.33
130.82 147.91
130.55 147.39
130.03 146.83
129.47 146.57
129.16 146.29
128.87 146.04
128.50 145.59
128.31 145.48
127.92 145.22
127.49 144.62
127.04 144.16
126.79 144.03
126.49 143.89
125.91 143.72
125.78 143.30
125.93 142.83
126.25 142.66
126.52 142.40
126.51 142.07
126.23 141.25
126.16 140.63
126.12 140.09
126.15 139.42
126.37 139.10
126.64 138.53
126.66 137.74
126.80 137.20
127.22 137.03
127.81 136.97
127.50 136.70
127.84 136.55
128.78 136.64
129.62 137.12
130.20 137.16
131.32 137.11
131.84 137.42
132.49 138.47
133.06 139.57
133.58 140.18
134.33 140.81
135.01 141.54
135.66 142.13
136.44 142.37
136.24 142.23
135.60 141.64
135.76 141.28
135.56 140.97
134.97 140.75
134.77 140.21
134.49 139.76
134.95 139.43
135.70 139.56
135.50 139.81
136.08 140.03
136.57 139.98
136.13 139.40
136.40 138.87
136.14 138.22
135.44 137.45
134.53 136.95
133.91 136.79
132.78 136.26
131.94 135.33
131.86 135.04
132.71 135.40
133.07 135.13
133.30 134.25
133.34 133.74
133.79 133.50
134.23 133.11
134.77 132.81
135.26 132.84
136.10 133.37
136.71 134.25
136.92 135.33
137.57 136.22
138.12 136.75
138.57 136.99
139.09 137.05
139.30 136.79
139.82 137.16
140.48 137.85
141.06 138.63
141.46 139.46
141.69 140.01
142.15 140.19
142.80 140.40
143.46 140.52
143.89 140.81
143.42 140.02
142.96 139.41
142.73 138.60
142.87 137.94
143.24 137.61
143.67 137.47
144.56 138.00
145.61 138.88
146.60 139.36
147.06 139.62
147.18 139.41
147.66 139.52
148.00 139.83
147.98 139.37
147.77 138.65
148.05 137.96
148.11 137.44
147.93 137.76
147.75 137.85
147.76 137.44
148.22 136.95
149.02 136.60
149.45 136.09
149.54 135.66
149.35 135.11
149.61 134.43
150.17 133.74
150.85 133.90
151.07 133.99
151.95 134.86
152.79 135.51
153.24 136.35
153.37 137.40
153.65 137.88
154.07 138.59
154.35 139.68
154.40 140.65
154.54 141.38
154.50 141.91
154.06 142.41
153.93 143.07
153.45 143.14
-1.00 -1.00
5 0
0 
 3
154.57 140.27
154.58 139.90
155.09 139.54
155.86 139.67
156.36 139.92
157.38 139.83
157.94 139.72
158.57 139.30
159.35 139.18
159.91 138.97
160.25 138.90
161.07 138.57
162.13 138.33
163.09 138.28
163.59 138.29
-1.00 -1.00
5 0
0 
 3
79.12 95.96
80.38 94.32
-1.00 -1.00
5 0
0 
 3
96.22 98.84
92.44 109.74
89.83 111.59
-1.00 -1.00
5 0
0 
 3
126.06 119.90
125.55 121.91
124.58 123.92
124.00 124.51
121.20 126.82
-1.00 -1.00
5 0
0 
 3
142.42 129.64
143.00 134.82
143.97 137.43
-1.00 -1.00
5 0
0 
 3
124.08 137.03
126.85 137.43
-1.00 -1.00
5 0
0 
 3
124.57 123.47
124.40 123.54
124.16 123.54
123.86 123.55
123.65 123.64
123.61 123.98
123.66 124.28
123.68 124.65
123.90 125.06
124.14 125.05
124.39 124.95
124.79 125.12
125.11 125.29
125.57 125.45
125.92 125.59
126.27 125.72
126.48 125.64
126.68 125.38
126.65 125.05
126.36 124.77
126.01 124.48
125.73 124.32
125.45 124.29
125.21 124.48
125.10 124.72
124.80 124.64
124.84 124.32
124.92 124.08
-1.00 -1.00
5 0
0 
 3
36.32 80.12
36.63 80.10
36.93 80.00
37.15 79.87
37.44 79.82
37.79 79.67
38.37 79.04
38.88 78.38
39.62 77.92
40.89 77.26
42.23 76.50
43.27 75.87
44.42 75.25
45.32 74.82
46.20 74.48
47.14 74.14
48.04 73.77
48.96 73.84
50.11 73.83
51.58 73.74
53.85 73.71
54.60 73.40
55.55 72.61
56.36 71.79
57.00 71.26
57.80 70.67
58.61 70.25
59.71 69.77
60.56 69.70
62.03 69.84
63.84 70.21
65.91 70.69
67.57 71.00
68.83 71.40
69.91 71.57
71.41 71.71
72.54 71.93
74.08 72.45
75.69 73.05
77.23 74.07
78.57 75.12
79.72 76.61
81.12 78.14
82.05 78.97
83.01 80.18
84.04 81.60
84.59 82.62
84.91 83.25
86.23 83.74
87.28 84.52
88.02 85.27
89.07 85.97
90.01 86.55
90.97 86.84
92.12 87.59
93.25 88.35
94.28 89.01
96.25 90.08
97.30 90.71
98.45 91.36
99.43 91.96
100.40 92.62
101.66 93.25
102.78 93.82
103.75 94.30
104.56 94.77
105.36 95.61
106.83 97.46
107.61 98.38
108.50 99.36
109.25 100.31
110.12 101.23
110.92 101.99
112.55 103.10
114.52 104.47
116.21 105.77
118.34 107.23
118.79 107.58
119.14 108.30
119.90 109.14
120.51 109.56
120.91 110.41
121.12 111.14
121.53 111.88
122.20 112.42
122.67 113.34
123.08 114.19
123.53 114.95
124.07 115.42
124.67 115.44
126.02 115.28
127.21 115.66
128.16 115.97
129.88 116.38
131.06 116.55
132.34 116.84
133.50 117.15
134.76 117.40
136.33 117.40
138.37 118.52
139.10 118.74
139.97 118.84
140.76 118.85
141.75 119.25
142.51 119.65
143.47 119.57
144.30 119.85
145.16 119.85
146.06 120.19
146.87 119.84
147.68 119.13
148.60 118.51
149.40 118.11
150.49 117.82
151.13 117.26
151.45 116.28
151.89 115.39
152.54 114.38
153.44 113.61
154.55 112.84
156.04 111.91
157.18 111.04
157.90 110.20
158.59 109.32
159.39 108.57
160.43 108.13
160.90 108.00
161.47 107.78
162.02 107.94
162.78 108.42
163.68 108.65
-1.00 -1.00
5 0
0 
 3
37.05 50.40
37.79 51.15
38.44 51.78
39.06 52.67
40.69 54.77
41.37 55.89
42.14 56.56
42.89 57.47
44.08 57.99
45.85 58.25
47.09 58.62
48.39 58.85
49.60 59.27
50.83 60.17
52.21 61.05
53.43 62.04
54.80 63.11
56.49 64.39
57.86 65.65
58.78 67.06
59.21 68.62
59.68 70.74
60.50 72.53
61.01 74.80
61.93 77.24
63.04 80.38
63.82 82.70
64.21 84.33
64.79 86.36
65.30 88.38
66.09 90.32
67.42 92.04
69.13 93.69
71.22 95.54
73.15 97.09
74.43 98.39
75.17 99.90
75.93 101.27
77.39 103.58
77.65 104.94
77.95 106.34
78.59 107.75
79.27 108.95
80.37 110.44
81.96 111.61
83.71 113.03
84.89 114.15
86.34 115.08
87.55 115.99
88.92 117.03
90.16 118.05
90.98 118.70
91.65 119.47
91.91 120.25
92.02 121.14
92.07 121.90
92.24 122.87
92.43 123.57
-1.00 -1.00
5 0
0 
 3
92.58 123.48
93.02 124.13
93.52 124.78
94.04 125.42
95.58 127.28
96.23 127.75
98.47 128.42
99.52 128.66
100.66 128.78
101.46 128.81
102.52 128.59
103.14 128.10
103.85 127.44
104.41 127.02
105.18 126.78
106.03 126.85
107.11 127.08
108.40 127.24
109.56 127.30
110.39 127.51
111.60 128.08
112.67 128.50
113.55 128.83
114.24 128.86
115.13 128.80
115.98 128.62
116.75 128.69
117.41 128.92
118.09 128.89
118.91 128.96
119.23 128.92
120.16 128.30
120.82 127.60
121.13 127.24
121.38 126.89
-1.00 -1.00
5 0
0 
 3
100.06 92.30
99.49 92.60
98.97 92.91
98.72 93.15
98.16 94.23
97.82 95.06
97.57 95.84
97.21 96.64
96.87 97.45
96.32 98.56
96.18 99.05
-1.00 -1.00
5 0
0 
 3
85.67 84.12
84.91 84.57
84.24 84.94
83.66 85.24
83.25 85.96
83.03 86.78
82.76 87.53
82.74 88.15
83.32 89.13
83.71 89.80
83.89 90.28
83.86 91.03
83.72 91.72
83.54 92.20
83.11 92.59
82.65 92.86
82.02 93.20
81.58 93.53
80.88 93.99
80.64 94.18
-1.00 -1.00
5 0
0 
 3
79.14 95.99
78.84 96.48
78.49 96.84
78.04 97.26
77.59 97.60
77.11 97.86
76.77 98.28
76.52 98.77
76.05 99.19
75.48 99.56
75.03 99.71
-1.00 -1.00
5 0
0 
 3
119.64 127.23
119.35 127.62
118.65 127.97
118.28 128.01
117.90 127.70
117.27 127.47
116.31 127.23
115.71 127.21
114.93 127.18
114.02 127.95
113.31 128.65
112.95 129.75
112.86 131.11
112.83 131.86
112.57 132.92
112.10 133.54
111.26 133.74
110.27 134.09
109.87 134.69
109.58 135.45
109.19 136.09
108.50 136.17
107.51 136.09
106.35 136.11
105.67 136.07
104.53 135.96
103.74 135.57
103.01 135.26
102.23 135.10
101.74 134.78
101.08 134.09
100.62 133.75
100.09 133.22
99.76 132.68
99.05 132.05
98.41 131.63
97.38 131.08
96.60 130.76
95.67 130.48
94.66 130.61
93.72 130.54
92.70 129.79
91.78 128.96
91.23 128.53
90.49 128.00
89.81 127.43
88.75 126.50
87.77 125.60
85.14 123.89
83.97 123.23
82.63 122.37
81.48 121.38
80.71 120.44
79.66 119.30
78.88 118.41
78.26 117.56
77.23 116.73
76.32 116.29
75.04 116.18
74.35 115.59
73.80 115.01
72.59 114.51
71.68 113.49
71.41 112.50
71.18 111.48
70.69 110.45
69.75 109.18
68.78 108.13
68.22 107.20
67.38 106.14
66.36 104.75
64.47 102.23
63.79 101.41
63.43 100.87
63.22 100.07
62.52 99.43
61.70 98.77
60.85 98.14
60.14 97.33
59.65 96.85
58.85 95.99
58.54 95.24
57.81 94.20
56.78 93.21
55.96 92.15
55.33 91.13
54.93 90.54
54.62 89.73
54.37 88.72
54.36 88.13
54.47 87.29
54.53 86.41
54.47 85.31
54.43 84.22
54.30 83.40
54.14 82.81
53.80 82.06
53.10 81.15
52.61 80.21
52.50 78.33
52.32 76.90
52.25 75.79
52.21 73.44
52.29 72.24
52.28 71.13
52.30 70.24
52.30 69.83
52.81 69.16
53.16 68.55
53.51 67.91
53.79 67.01
54.67 65.06
55.24 64.12
55.73 63.23
56.56 62.62
57.67 62.51
59.15 63.49
60.29 64.35
61.58 65.11
62.59 65.77
63.56 66.22
64.39 66.49
67.32 67.23
68.32 67.38
69.92 67.65
71.12 67.89
72.79 68.79
74.59 69.68
76.11 70.18
77.89 71.44
79.29 72.60
80.99 73.63
82.26 73.81
83.12 73.38
84.81 72.31
87.29 70.82
88.36 70.26
88.91 69.60
89.68 68.10
90.42 67.08
91.33 66.52
92.72 66.13
94.59 66.05
96.37 66.21
98.49 66.59
99.92 67.49
100.84 68.28
102.44 69.55
104.14 70.74
105.98 71.18
107.63 71.64
108.83 72.14
109.96 72.77
111.64 73.84
113.26 75.06
117.08 77.15
119.17 78.15
123.23 79.98
124.62 80.51
125.91 80.58
126.82 80.88
127.97 82.43
129.36 83.74
130.83 84.42
132.36 85.10
133.89 86.12
135.18 87.31
136.41 88.51
137.53 89.48
138.51 89.43
139.50 88.98
140.56 88.43
141.81 88.12
143.47 88.12
144.70 88.00
145.72 87.80
146.53 87.68
147.53 88.18
149.01 88.73
150.57 89.37
152.18 90.07
152.96 90.57
154.09 91.62
155.12 92.64
155.56 93.25
156.35 94.11
157.49 95.01
-1.00 -1.00
5 0
0 
 3
157.49 95.25
157.95 95.82
158.61 96.33
158.93 96.55
159.15 96.97
159.45 97.28
159.68 97.94
160.61 98.60
161.17 99.29
161.70 100.22
161.97 101.33
162.36 102.48
163.08 103.37
-1.00 -1.00
5 0
0 
 3
159.35 97.02
160.00 97.19
160.53 96.89
161.35 96.83
162.93 95.89
163.58 95.41
-1.00 -1.00
5 0
0 
 3
108.77 50.26
108.62 50.87
108.60 51.61
108.78 52.59
108.69 53.64
108.35 54.88
108.16 56.64
108.24 58.41
108.47 61.24
108.63 63.91
108.59 66.98
108.44 69.74
108.43 71.45
108.26 72.27
107.99 73.73
108.14 75.76
107.96 77.28
108.13 78.76
108.51 80.33
108.47 81.87
108.35 83.71
108.14 84.45
108.44 85.40
108.24 86.11
107.59 86.60
107.30 87.15
106.94 88.41
106.81 90.25
106.90 92.47
106.79 94.36
106.76 95.67
106.95 96.71
106.95 97.29
106.80 97.52
-1.00 -1.00
5 0
0 
 3
137.11 89.42
136.96 89.91
136.87 90.49
137.21 91.06
137.31 91.62
137.32 92.66
137.25 93.61
137.03 94.92
136.49 96.24
136.32 97.63
136.30 98.89
136.37 100.25
136.05 101.54
135.57 102.42
134.37 103.20
133.59 103.69
133.13 104.67
132.72 105.34
131.99 105.89
131.41 106.26
131.11 106.62
130.69 107.10
130.31 107.57
130.17 107.96
130.22 108.61
130.18 109.52
129.87 110.54
129.41 111.34
128.78 111.94
128.08 112.29
127.51 112.37
127.15 112.43
126.01 112.83
124.88 113.19
124.40 113.47
124.07 113.70
-1.00 -1.00
5 0
0 
 3
126.97 115.77
126.84 116.47
126.68 117.05
126.54 117.61
126.32 118.30
126.14 118.79
126.07 119.22
126.07 119.70
-1.00 -1.00
5 0
0 
 3
126.94 137.37
127.37 137.38
127.70 137.80
128.07 138.21
128.31 138.35
129.29 138.12
129.82 138.60
130.80 139.21
131.61 139.79
131.89 140.27
132.66 140.55
133.38 140.67
134.06 141.16
134.57 141.79
135.22 141.97
135.77 141.81
137.25 141.91
138.59 141.76
139.99 141.36
140.91 141.32
141.95 141.74
143.00 141.72
144.01 141.60
144.82 141.38
145.80 141.21
146.95 141.14
147.22 141.63
148.07 142.27
149.07 142.44
150.07 142.80
151.46 143.72
152.41 144.29
153.77 144.67
155.33 144.79
156.67 144.50
158.19 144.21
160.19 143.76
161.04 143.63
162.25 144.49
163.54 144.87
-1.00 -1.00
5 0
0 
 3
146.67 141.12
146.29 140.77
145.90 140.36
145.33 139.83
144.84 139.28
144.41 138.71
144.14 138.22
144.04 137.74
143.91 137.39
-1.00 -1.00
5 0
0 
 3
142.30 129.36
142.20 128.66
142.22 128.07
142.17 127.49
141.88 126.86
141.56 126.38
141.40 126.09
-1.00 -1.00
5 0
0 
 3
141.38 125.88
141.34 125.18
141.34 124.44
141.28 124.14
140.85 123.57
140.86 122.80
140.85 121.77
140.74 121.10
140.50 120.57
140.20 120.29
139.46 119.90
138.86 119.49
138.41 119.13
137.81 118.51
137.14 118.05
136.46 117.79
135.67 117.43
135.00 117.24
-1.00 -1.00
5 0
0 
 3
36.20 87.61
36.15 88.01
36.35 88.40
36.63 89.35
37.41 89.81
38.14 90.45
38.42 91.10
38.46 91.64
38.79 92.43
39.71 92.65
39.98 93.42
40.77 94.00
41.28 94.39
41.94 94.71
42.67 95.15
43.44 95.73
43.59 96.32
44.31 97.32
46.12 98.81
47.40 99.15
48.07 99.41
48.42 99.84
49.05 100.35
49.76 100.43
50.32 100.43
50.97 100.93
51.77 101.44
51.64 101.80
51.72 102.25
52.07 102.63
52.54 102.86
53.05 102.68
53.54 102.37
53.94 101.86
53.94 101.58
54.15 101.60
54.62 101.82
55.49 102.54
56.47 103.28
57.15 103.81
58.30 104.10
59.41 104.17
60.35 104.16
61.42 103.86
62.69 103.41
63.86 103.23
64.97 103.44
65.89 103.29
66.42 102.99
66.77 102.85
67.31 102.86
69.02 102.69
69.84 102.40
70.52 102.05
70.89 101.58
71.70 100.99
72.34 100.45
72.56 99.75
73.03 98.88
72.42 98.12
71.80 97.10
71.73 96.56
72.29 95.87
73.11 95.71
74.08 95.84
74.45 95.40
74.65 94.80
74.60 93.91
74.64 92.90
74.65 92.08
74.30 91.88
74.81 91.19
75.27 90.65
75.54 90.55
75.31 90.15
74.86 89.51
74.28 88.83
73.70 87.98
73.50 86.97
73.37 86.07
73.61 85.16
73.65 83.82
73.87 81.71
73.92 80.81
73.73 79.81
73.39 78.69
73.40 77.58
73.69 76.57
73.69 75.87
73.51 75.27
73.60 74.71
73.11 73.69
72.45 72.91
72.25 71.95
72.89 71.06
73.57 69.57
73.77 68.58
74.33 67.37
75.40 66.35
76.51 65.47
76.71 65.02
76.66 62.88
76.88 53.64
-1.00 -1.00
5 0
0 
 3
36.60 109.60
37.44 109.53
37.55 106.95
37.47 105.32
37.50 103.63
37.44 101.79
37.25 100.38
37.57 99.82
38.10 99.51
38.82 99.41
39.32 99.04
39.90 98.75
40.11 98.82
41.57 99.06
43.13 99.15
46.12 99.27
48.23 99.26
-1.00 -1.00
5 0
0 
 3
75.63 90.65
79.22 94.75
109.67 117.68
-1.00 -1.00
5 0
0 
 3
109.48 139.96
109.67 117.75
135.02 125.13
137.24 117.38
-1.00 -1.00
5 0
0 
 3
135.17 125.20
141.79 131.97
130.60 130.81
127.46 136.90
-1.00 -1.00
5 0
0 
 3
141.89 132.15
145.28 133.03
148.32 133.02
-1.00 -1.00
5 0
0 
 3
163.79 126.53
162.32 122.81
163.83 123.40
-1.00 -1.00
5 0
0 
 3
162.44 122.72
161.06 112.28
161.14 106.53
-1.00 -1.00
5 0
0 
 3
160.49 104.06
160.30 103.55
160.22 103.22
160.07 102.83
159.45 102.46
158.83 101.98
158.04 101.56
157.44 101.16
156.97 100.49
156.76 99.69
156.71 98.86
157.05 97.73
157.77 95.84
158.11 94.77
158.73 93.38
159.45 91.84
160.26 90.47
160.88 89.03
161.44 87.39
161.62 85.96
161.70 84.15
161.10 82.49
160.79 80.78
160.79 79.20
160.63 77.50
160.46 75.80
160.06 74.45
159.64 73.31
159.27 71.87
159.14 70.42
159.28 69.15
159.89 67.85
160.79 66.81
161.62 65.76
161.52 64.85
160.62 63.90
159.34 63.37
158.35 62.76
157.60 62.26
157.18 61.83
156.76 61.36
156.35 60.60
156.01 59.71
155.63 58.53
155.43 57.19
155.51 55.82
155.72 54.87
155.98 53.86
156.41 50.87
-1.00 -1.00
5 0
0 
 3
161.91 65.51
162.42 65.56
162.79 65.18
163.02 64.55
163.02 63.85
162.82 62.96
162.58 62.19
162.20 61.15
161.73 59.67
161.67 58.12
161.97 56.84
162.38 55.95
163.05 54.99
163.77 54.19
-1.00 -1.00
5 0
0 
 3
137.29 117.40
137.45 116.61
137.43 116.02
137.49 115.62
137.52 114.82
137.74 114.24
138.27 113.74
138.33 113.04
138.33 112.65
137.76 111.79
137.24 111.25
136.89 110.69
136.62 110.45
136.22 110.40
135.71 110.40
135.22 110.25
134.74 109.70
134.67 109.03
134.53 108.29
134.17 107.42
133.29 106.94
132.97 107.27
132.30 106.93
131.39 106.22
130.70 105.30
130.42 104.82
130.34 104.65
130.14 104.16
129.83 103.88
129.33 103.84
128.73 103.58
127.82 103.13
126.96 102.85
126.24 102.88
125.63 102.46
125.12 101.40
124.93 100.52
125.26 99.84
124.98 99.06
124.06 98.39
123.80 97.04
123.43 94.50
123.26 91.27
122.92 88.40
122.70 86.10
121.98 85.37
121.07 84.25
120.18 83.40
119.27 82.32
118.43 81.71
117.75 81.02
116.88 81.59
116.06 82.51
114.96 82.64
114.17 81.79
113.56 80.56
112.75 79.52
112.37 78.64
112.30 77.80
111.65 77.09
111.14 76.30
111.65 74.64
116.95 60.37
118.60 54.72
119.73 50.31
-1.00 -1.00
5 0
0 
 3
53.57 138.54
70.68 138.59
63.99 140.71
64.05 135.56
-1.00 -1.00
5 0
0 
 3
46.61 146.64
46.70 125.48
47.23 125.44
-1.00 -1.00
5 0
0 
 3
47.18 146.56
47.19 125.39
-1.00 -1.00
5 0
0 
 3
46.63 146.61
47.04 146.55
48.11 146.47
-1.00 -1.00
5 0
0 
 3
47.01 144.32
47.84 144.32
-1.00 -1.00
5 0
0 
 3
47.00 142.22
47.81 142.25
-1.00 -1.00
5 0
0 
 3
47.10 140.18
47.70 140.20
-1.00 -1.00
5 0
0 
 3
46.99 138.01
47.80 138.04
-1.00 -1.00
5 0
0 
 3
47.04 135.86
47.83 135.92
-1.00 -1.00
5 0
0 
 3
47.05 133.76
47.77 133.76
-1.00 -1.00
5 0
0 
 3
47.00 131.61
47.83 131.66
-1.00 -1.00
5 0
0 
 3
47.10 129.52
47.71 129.51
-1.00 -1.00
5 0
0 
 3
47.04 127.33
47.76 127.34
-1.00 -1.00
5 0
0 
 3
47.01 125.25
48.23 125.31
-1.00 -1.00
5 0
0 
 -1
