gremlinfile
0 52.00 48.00
3
82.62 47.25
88.56 47.99
97.76 49.16
107.24 50.64
119.17 52.35
129.64 53.65
142.23 55.43
-1.00 -1.00
5 0
0 
 3
118.79 47.16
132.18 49.03
143.70 50.69
-1.00 -1.00
5 0
0 
 3
51.96 59.40
55.87 59.81
60.05 60.46
65.67 61.20
70.52 61.42
71.59 61.09
-1.00 -1.00
5 0
0 
 3
57.57 57.34
62.44 58.37
67.70 59.60
73.13 60.55
78.98 61.06
83.67 61.24
-1.00 -1.00
5 0
0 
 3
69.85 58.55
72.86 59.24
77.46 59.72
84.74 60.61
88.00 60.88
-1.00 -1.00
5 0
0 
 3
94.32 70.79
93.72 70.45
92.00 69.17
88.87 67.31
85.77 65.91
81.90 64.50
80.36 64.63
-1.00 -1.00
5 0
0 
 3
83.18 64.93
83.09 65.15
82.80 66.34
84.54 68.50
90.41 70.79
93.54 71.84
-1.00 -1.00
5 0
0 
 3
108.00 74.42
93.69 73.57
93.63 71.64
96.10 70.00
97.64 69.98
97.58 69.69
96.26 66.65
95.95 63.96
95.99 63.51
93.20 63.08
90.99 61.71
90.19 61.24
89.63 60.17
89.58 58.48
92.89 58.19
97.60 57.92
101.66 58.05
105.55 58.03
108.14 57.94
108.94 58.08
108.23 59.45
106.98 60.79
-1.00 -1.00
5 0
0 
 3
108.52 57.99
110.64 58.03
113.09 58.48
113.74 59.18
111.80 60.46
110.30 61.40
-1.00 -1.00
5 0
0 
 3
113.85 59.06
115.53 59.49
115.57 60.37
113.43 62.21
110.57 63.78
107.49 64.90
105.15 64.99
104.07 64.75
103.34 66.41
102.71 68.56
102.65 68.90
-1.00 -1.00
5 0
0 
 3
109.05 69.87
109.61 68.63
109.77 68.34
111.31 68.34
-1.00 -1.00
5 0
0 
 3
114.50 82.51
113.97 85.25
111.98 88.82
108.83 92.59
105.50 95.71
103.34 97.87
102.00 100.25
101.62 103.30
103.61 107.41
106.93 109.41
110.79 111.12
114.08 111.88
118.61 113.50
121.76 114.12
123.83 115.43
125.69 117.47
126.98 120.68
127.27 123.53
126.58 126.61
125.57 129.21
123.81 132.00
122.40 133.41
120.10 135.46
117.36 137.39
114.57 138.49
113.27 139.14
110.86 139.59
-1.00 -1.00
5 0
0 
 3
95.01 138.94
104.16 138.89
110.30 139.43
114.14 139.48
118.30 139.36
118.99 139.77
118.85 140.64
117.52 141.83
111.93 143.09
104.92 142.78
99.30 141.63
96.15 140.42
95.75 140.26
95.84 140.28
-1.00 -1.00
5 0
0 
 3
92.82 139.00
91.26 138.53
89.47 137.66
87.73 137.18
86.48 137.63
86.53 137.54
84.00 136.67
82.04 136.42
80.45 136.31
80.27 136.87
78.27 136.51
75.99 136.13
75.34 136.26
75.36 136.78
74.98 136.51
73.17 135.66
71.84 136.08
73.40 137.16
75.61 138.06
79.85 138.35
83.38 138.91
85.59 138.67
86.48 138.44
86.73 138.98
88.76 139.92
91.35 140.62
94.72 140.76
95.34 140.17
-1.00 -1.00
5 0
0 
 3
91.04 140.87
90.37 141.77
87.64 142.98
84.63 143.61
81.44 143.20
79.38 142.04
77.37 140.06
76.32 138.67
-1.00 -1.00
5 0
0 
 3
75.72 136.06
74.72 135.39
72.97 133.26
71.14 130.85
68.75 127.24
67.64 123.76
67.24 119.72
66.92 115.25
68.31 109.84
70.00 106.35
72.57 103.91
75.27 102.94
78.64 102.02
82.51 102.56
83.67 103.28
84.72 105.46
85.05 106.96
84.85 109.99
83.69 114.12
82.26 118.32
81.03 121.17
79.76 123.15
-1.00 -1.00
5 0
0 
 3
70.96 124.23
70.29 120.32
69.60 117.54
69.96 113.67
70.99 108.85
72.95 106.13
75.36 103.95
78.35 103.50
80.03 103.93
81.23 104.56
81.97 105.43
82.53 107.10
82.46 109.68
81.90 112.37
81.03 115.94
79.65 119.49
77.62 122.12
75.47 124.68
73.60 125.69
71.86 125.64
-1.00 -1.00
5 0
0 
 3
106.71 134.76
106.28 134.45
105.10 133.88
103.81 133.44
103.11 133.59
101.80 133.93
100.66 134.76
99.65 135.32
97.85 135.66
96.66 135.23
95.21 134.94
94.43 135.34
93.47 134.83
91.95 133.12
91.13 131.48
91.50 129.75
92.13 127.82
92.89 127.15
94.52 127.26
-1.00 -1.00
5 0
0 
 3
98.81 135.16
98.72 134.38
98.18 133.10
97.69 131.86
97.33 130.61
97.47 130.18
99.16 130.65
100.66 131.91
100.84 133.28
100.48 134.29
99.79 135.21
98.85 133.79
97.80 131.84
97.31 130.22
98.72 131.03
100.41 133.64
99.85 134.33
98.89 132.00
97.69 130.11
98.47 131.32
99.94 133.55
98.72 133.01
98.09 130.16
99.36 132.99
98.43 130.40
99.01 132.90
97.89 130.40
100.06 131.91
100.06 134.24
99.88 134.29
99.83 134.42
99.70 134.22
100.01 134.45
100.70 133.97
100.06 133.03
100.08 131.50
-1.00 -1.00
5 0
0 
 3
98.83 131.35
100.10 133.86
-1.00 -1.00
5 0
0 
 3
110.68 111.12
110.04 111.18
108.74 111.59
107.02 111.95
105.35 111.20
103.54 110.53
101.77 110.60
100.70 111.45
100.15 110.85
99.74 109.30
99.85 108.56
99.65 109.66
99.16 110.04
98.11 109.79
97.02 108.78
97.20 107.88
97.49 107.66
96.62 107.41
96.10 106.40
96.01 105.39
97.38 105.23
98.05 104.96
97.80 104.06
97.06 104.94
96.91 105.77
98.34 104.63
97.15 104.13
97.33 105.97
96.66 105.48
97.73 104.29
96.68 106.15
-1.00 -1.00
5 0
0 
 3
84.76 106.15
85.32 105.52
86.64 104.63
88.40 104.54
89.94 104.76
91.73 104.69
93.42 103.46
95.39 101.57
96.37 99.10
96.82 97.44
97.04 94.84
96.95 92.19
96.57 90.34
95.34 87.56
94.63 84.51
94.68 82.91
94.72 82.62
93.96 82.62
93.25 81.16
92.84 80.15
92.53 79.14
92.24 78.47
92.44 81.09
91.42 82.44
89.90 81.79
88.91 79.88
88.49 76.74
89.72 74.92
91.62 74.47
92.71 74.94
93.51 73.91
93.87 72.76
-1.00 -1.00
5 0
0 
 3
105.73 78.94
107.78 78.80
111.02 78.40
112.29 78.33
112.71 78.83
113.85 79.95
114.32 81.32
114.84 82.73
116.11 84.80
116.93 86.55
118.30 88.39
119.68 89.31
121.69 90.19
123.52 90.86
125.49 91.29
129.08 91.80
133.41 91.56
137.77 90.66
141.23 89.11
144.71 86.71
146.58 84.46
147.99 80.89
148.46 78.40
148.66 74.04
148.15 70.83
147.19 67.51
145.80 64.59
143.57 62.12
139.15 59.78
135.55 58.66
132.38 57.85
128.12 57.67
125.13 57.99
122.16 58.44
120.33 58.75
117.43 59.90
115.04 61.45
112.45 63.17
111.89 64.90
111.00 68.16
110.71 72.11
110.91 73.82
109.52 74.45
105.73 75.64
104.05 75.95
-1.00 -1.00
5 0
0 
 3
114.79 76.56
114.95 78.11
116.24 80.98
118.30 84.42
121.47 86.73
125.28 87.81
128.97 88.77
132.16 89.18
135.93 89.00
139.28 87.36
142.36 85.11
144.40 81.92
146.00 78.24
146.58 74.47
146.23 71.55
145.71 68.25
144.28 65.17
141.83 62.37
138.97 60.52
136.98 60.30
134.68 59.76
131.80 59.36
128.32 59.06
125.37 59.63
122.56 60.84
118.97 62.28
116.29 64.07
114.72 66.77
114.34 68.81
113.92 71.57
114.17 74.72
114.84 78.13
116.64 81.16
118.97 84.08
-1.00 -1.00
5 0
0 
 3
145.74 68.36
147.48 67.53
-1.00 -1.00
5 0
0 
 3
144.62 66.30
145.22 66.34
146.58 65.44
-1.00 -1.00
5 0
0 
 3
125.98 58.80
125.64 57.16
-1.00 -1.00
5 0
0 
 3
128.37 58.77
128.25 57.22
-1.00 -1.00
5 0
0 
 3
127.38 90.88
127.41 90.68
127.45 89.36
-1.00 -1.00
5 0
0 
 3
129.77 91.51
129.79 91.15
130.02 89.72
-1.00 -1.00
5 0
0 
 3
100.86 89.36
100.57 87.99
100.46 86.08
100.23 84.10
100.48 81.65
100.77 80.89
101.08 80.80
102.65 82.26
103.69 81.90
104.77 79.99
104.59 78.53
103.32 77.23
102.87 77.12
102.98 77.05
103.11 75.79
102.89 73.93
101.73 73.35
100.46 73.14
99.56 73.08
98.94 73.35
98.20 72.00
96.46 71.37
95.05 71.80
94.30 73.26
94.45 74.40
94.38 74.27
92.53 75.01
91.93 76.69
92.51 79.23
93.65 80.67
93.87 80.94
93.69 82.33
-1.00 -1.00
5 0
0 
 3
126.22 126.36
126.31 127.46
126.98 128.97
128.43 129.48
129.42 129.10
131.00 127.60
131.94 126.03
132.25 123.60
131.16 121.47
129.62 120.41
127.92 120.21
127.03 120.50
127.09 122.19
127.20 124.43
126.65 126.34
-1.00 -1.00
5 0
0 
 3
127.70 123.49
127.34 123.22
127.18 124.14
128.72 125.08
129.86 125.13
130.44 124.32
130.78 122.79
130.38 121.58
129.26 120.70
128.86 120.37
-1.00 -1.00
5 0
0 
 3
116.49 80.28
114.81 68.27
-1.00 -1.00
5 0
0 
 3
116.87 64.68
119.93 84.37
-1.00 -1.00
5 0
0 
 3
121.27 85.61
118.90 63.40
-1.00 -1.00
5 0
0 
 3
120.10 62.23
123.88 86.91
-1.00 -1.00
5 0
0 
 3
123.63 83.50
122.63 61.51
-1.00 -1.00
5 0
0 
 3
124.06 61.56
128.19 89.09
-1.00 -1.00
5 0
0 
 3
129.66 88.66
125.15 61.80
-1.00 -1.00
5 0
0 
 3
130.11 89.49
126.80 60.75
-1.00 -1.00
5 0
0 
 3
131.94 86.26
129.75 59.83
-1.00 -1.00
5 0
0 
 3
135.47 88.84
132.32 60.03
-1.00 -1.00
5 0
0 
 3
137.52 87.38
133.90 60.17
-1.00 -1.00
5 0
0 
 3
140.71 67.19
137.68 61.62
-1.00 -1.00
5 0
0 
 3
138.93 62.14
143.15 81.95
-1.00 -1.00
5 0
0 
 3
143.10 72.76
142.41 64.48
-1.00 -1.00
5 0
0 
 3
142.81 72.13
145.40 76.62
-1.00 -1.00
5 0
0 
 3
145.09 73.12
143.99 67.64
-1.00 -1.00
5 0
0 
 3
139.89 85.16
136.58 61.36
-1.00 -1.00
5 0
0 
 3
120.19 62.30
136.69 61.31
-1.00 -1.00
5 0
0 
 3
138.88 62.70
117.18 64.50
-1.00 -1.00
5 0
0 
 3
120.08 65.82
141.56 63.76
-1.00 -1.00
5 0
0 
 3
143.28 65.60
114.34 68.97
-1.00 -1.00
5 0
0 
 3
114.66 70.61
145.13 68.32
-1.00 -1.00
5 0
0 
 3
144.51 69.89
113.90 73.28
-1.00 -1.00
5 0
0 
 3
117.43 73.46
146.03 70.58
-1.00 -1.00
5 0
0 
 3
145.87 72.54
117.02 75.79
-1.00 -1.00
5 0
0 
 3
120.71 77.12
146.05 74.72
-1.00 -1.00
5 0
0 
 3
134.33 80.33
116.06 80.55
-1.00 -1.00
5 0
0 
 3
119.64 82.22
144.42 80.58
-1.00 -1.00
5 0
0 
 3
142.99 81.90
120.02 86.03
-1.00 -1.00
5 0
0 
 3
121.89 86.39
142.90 83.61
-1.00 -1.00
5 0
0 
 3
140.11 86.53
124.44 87.67
-1.00 -1.00
5 0
0 
 3
128.90 88.75
137.27 87.38
-1.00 -1.00
5 0
0 
 3
117.00 78.85
145.42 77.30
-1.00 -1.00
5 0
0 
 -1
