gremlinfile
0 52.00 44.00
3
51.00 83.93
51.37 84.29
52.04 84.69
52.56 84.59
53.06 84.29
53.30 83.93
53.18 83.37
53.05 82.85
53.25 82.39
53.69 82.07
54.56 82.08
55.17 82.47
55.61 82.63
56.34 82.55
56.51 82.21
56.66 81.89
56.41 81.63
56.55 81.00
57.62 80.64
58.45 80.72
59.01 80.76
59.19 80.97
59.50 81.93
60.06 82.93
60.72 83.52
61.72 83.56
62.35 83.23
61.91 83.21
61.42 83.04
61.77 82.29
61.69 81.56
62.11 81.69
62.38 82.01
62.72 82.08
63.20 83.08
63.72 84.07
64.50 84.35
65.21 83.97
65.66 83.57
65.95 83.23
65.89 82.67
65.74 82.76
65.93 83.29
66.31 83.75
67.01 84.00
67.24 84.13
66.85 84.76
67.35 85.84
67.57 85.98
67.98 85.63
68.50 85.43
69.26 86.32
70.41 86.59
70.86 86.23
71.36 84.99
71.04 83.91
70.68 83.07
71.67 82.92
71.93 82.77
71.60 82.11
71.52 81.04
71.65 80.64
72.32 80.85
72.98 80.68
73.59 80.60
73.31 81.52
73.59 81.85
74.82 82.40
75.45 82.16
75.49 81.53
76.02 81.18
76.27 80.86
76.35 80.49
76.08 80.14
76.42 80.74
76.79 81.01
77.62 81.56
78.15 82.05
78.58 82.85
79.06 82.93
79.56 82.69
79.68 82.07
79.44 81.34
79.72 80.70
80.01 80.52
80.73 80.66
81.22 80.61
-1.00 -1.00
5 0
0 
 3
139.31 80.76
140.02 81.32
140.77 81.59
141.34 81.32
141.54 80.89
141.43 80.34
142.00 80.00
142.68 80.32
142.66 81.08
142.78 81.69
143.43 82.61
144.26 82.79
145.21 82.55
145.16 82.40
144.97 82.21
145.13 81.65
145.48 81.36
145.26 81.22
145.37 80.36
145.71 80.08
146.30 80.12
147.21 80.10
147.85 79.88
147.93 79.70
147.63 80.29
147.92 80.92
148.82 81.89
148.70 82.96
149.08 83.39
149.84 83.19
-1.00 -1.00
5 0
0 
 3
87.40 46.42
87.34 46.77
87.32 48.89
87.27 51.04
87.06 53.38
87.06 54.88
-1.00 -1.00
5 0
0 
 3
135.91 45.50
135.76 47.06
135.64 50.89
135.91 52.75
135.83 53.92
135.74 54.40
135.72 54.79
-1.00 -1.00
5 0
0 
 3
141.96 54.67
140.51 54.74
136.23 55.26
132.22 55.00
127.15 54.96
121.75 55.18
114.51 54.99
109.04 54.99
103.54 55.70
98.27 55.59
94.05 55.68
89.37 55.22
86.21 55.35
83.14 55.26
81.96 55.30
81.27 55.50
80.49 56.72
79.83 57.54
79.34 57.87
80.09 57.90
83.50 57.63
87.24 57.25
92.95 57.67
97.98 57.50
104.85 57.71
110.44 57.66
116.78 57.74
122.19 57.87
127.82 57.86
131.98 58.07
136.25 57.86
138.88 57.83
140.99 57.74
141.57 57.70
-1.00 -1.00
5 0
0 
 3
79.65 57.14
78.72 58.65
78.66 58.77
78.86 60.06
79.32 62.04
79.85 64.64
80.13 67.27
80.21 71.42
80.21 74.10
80.38 77.06
80.91 80.72
81.23 83.65
82.24 87.14
84.51 96.48
84.80 97.48
85.15 97.69
86.46 97.76
88.53 97.70
90.68 97.76
91.40 97.73
91.94 97.72
92.56 97.64
93.13 97.49
93.86 97.37
94.69 97.32
95.46 97.38
95.76 97.45
96.04 97.41
96.04 97.06
95.93 96.17
95.50 94.05
95.20 92.31
94.90 90.74
94.69 89.27
94.61 87.70
94.42 85.91
94.31 84.52
94.24 82.80
94.21 81.10
94.47 79.44
94.82 78.29
95.47 77.03
96.17 76.22
96.81 75.81
97.23 75.99
98.16 77.06
98.61 78.69
98.92 81.12
98.92 83.15
98.83 85.24
98.63 86.59
98.39 88.51
98.16 90.91
98.04 93.13
97.99 94.93
98.00 95.89
97.98 96.77
97.99 97.14
98.10 97.45
98.91 97.48
99.77 97.46
100.72 97.74
101.61 98.13
102.69 98.32
104.09 98.33
105.13 98.29
105.92 98.55
106.10 98.39
106.44 97.94
106.61 97.74
106.89 97.82
107.36 98.21
107.57 98.21
108.55 97.99
109.07 97.85
110.17 97.46
111.63 97.72
112.11 97.77
113.00 98.03
113.85 98.28
114.43 98.32
114.65 98.32
114.73 98.17
115.08 97.52
115.37 97.08
115.57 96.80
115.86 96.60
116.21 96.54
116.33 96.66
116.55 97.20
116.75 98.20
116.82 98.43
116.68 97.74
116.68 97.28
116.59 96.80
116.60 96.68
116.75 96.52
116.98 96.36
117.52 96.30
117.96 96.29
118.74 96.29
119.14 96.44
119.31 96.62
119.51 97.56
119.50 98.43
119.46 98.71
119.79 97.30
119.88 96.86
120.07 96.89
120.44 97.18
120.73 97.49
120.93 97.96
121.05 98.25
121.31 98.60
121.85 98.64
123.61 98.27
124.98 97.94
125.92 97.82
126.87 97.56
127.72 97.46
129.04 97.26
129.55 97.21
130.32 97.14
131.05 96.92
131.65 96.80
132.04 96.82
132.30 97.48
132.29 97.84
133.02 98.03
134.01 98.08
135.05 98.07
135.55 98.01
135.79 97.78
136.29 97.01
136.64 95.88
136.92 94.08
137.24 91.82
137.61 89.67
137.83 86.92
138.22 84.72
139.07 78.88
139.48 76.85
139.96 74.34
140.51 71.90
140.94 69.86
141.34 67.16
141.76 65.11
142.20 62.72
142.49 61.01
142.78 59.58
143.03 58.58
143.05 57.34
142.80 56.70
142.08 55.71
141.80 55.24
141.63 54.84
141.57 54.74
-1.00 -1.00
5 0
0 
 3
80.85 69.62
81.30 69.71
83.24 70.23
86.06 70.00
91.38 70.18
97.37 70.14
104.78 70.16
110.36 70.12
115.91 70.32
121.21 70.58
125.96 70.27
129.16 70.42
133.16 70.52
136.03 70.28
137.51 70.35
138.30 70.47
139.03 70.51
-1.00 -1.00
5 0
0 
 3
135.99 84.83
132.49 85.08
128.63 84.64
125.33 84.49
120.72 84.47
117.24 85.01
113.58 84.93
110.51 85.19
107.04 85.00
104.16 84.63
100.82 84.33
100.02 84.24
-1.00 -1.00
5 0
0 
 3
93.29 84.77
91.71 84.95
89.45 84.73
87.44 84.77
85.78 84.91
83.99 84.49
83.70 84.33
-1.00 -1.00
5 0
0 
 3
92.35 107.59
92.60 107.75
93.00 107.81
93.51 107.66
93.93 107.47
94.41 107.21
94.95 106.87
95.50 106.46
95.84 106.18
96.04 106.00
96.09 105.87
96.05 105.76
95.85 105.70
95.69 105.70
95.44 105.78
94.99 106.02
94.61 106.21
94.00 106.46
93.62 106.63
93.19 106.85
92.83 107.03
92.47 107.25
92.30 107.42
92.26 107.66
92.50 107.70
92.99 107.49
93.81 107.06
94.41 106.74
95.08 106.42
95.58 106.17
95.84 105.99
96.00 105.82
95.91 105.72
95.52 105.75
95.03 105.94
94.39 106.29
93.92 106.59
93.40 106.98
92.96 107.27
92.71 107.43
92.62 107.49
93.01 107.22
94.67 106.51
95.12 106.25
95.60 105.92
94.73 106.42
93.80 106.85
93.19 107.19
92.79 107.45
92.62 107.57
92.97 107.50
93.97 106.97
95.69 106.11
96.12 105.82
95.83 105.96
93.93 106.81
92.84 107.43
92.58 107.51
93.09 107.06
94.83 106.06
95.46 105.74
95.69 105.59
95.28 105.99
93.85 106.94
93.17 107.37
92.78 107.65
92.59 107.73
93.20 107.21
94.31 106.65
95.08 106.30
95.60 105.99
95.76 105.80
-1.00 -1.00
5 0
0 
 3
91.32 98.11
91.01 98.03
90.35 97.99
89.60 98.28
88.78 99.25
88.20 100.43
88.03 101.35
88.30 102.54
89.02 103.99
89.76 105.06
90.29 106.29
90.45 107.34
90.37 108.55
90.27 109.75
90.20 110.90
90.11 112.17
90.03 113.46
89.91 114.85
89.87 116.59
89.91 118.04
90.03 119.20
90.21 119.99
90.53 120.94
91.05 121.98
91.62 122.81
92.55 123.82
93.48 124.46
94.42 124.82
95.38 125.10
96.60 125.39
97.33 125.51
98.19 125.59
99.46 125.50
100.23 125.37
101.00 125.14
101.69 124.70
103.03 123.38
103.71 122.67
104.31 121.92
104.68 121.28
104.93 120.47
105.23 118.61
105.31 117.53
105.42 116.60
105.51 115.44
105.55 114.53
105.63 113.56
105.74 112.41
106.00 111.01
106.30 109.91
106.59 108.78
107.04 107.61
107.42 107.05
107.78 107.02
108.23 107.14
108.72 107.67
109.55 109.50
110.21 110.56
111.40 111.89
112.69 112.76
113.71 113.12
114.75 113.33
115.81 113.41
117.14 113.28
117.94 112.94
119.27 111.72
119.90 110.94
120.43 110.18
120.94 109.22
121.29 108.34
121.57 107.25
121.74 106.38
121.90 105.34
122.04 104.67
122.30 103.94
122.80 103.51
123.69 103.08
125.07 102.60
126.33 102.11
127.06 101.87
127.30 101.77
127.46 101.73
126.97 102.23
126.04 103.23
125.61 104.31
125.30 105.67
125.11 106.77
125.00 107.98
125.02 109.25
125.18 110.23
125.35 111.14
125.57 111.72
125.99 112.29
126.38 112.82
126.79 113.14
127.52 113.49
128.03 113.60
128.51 113.37
129.05 112.88
129.46 112.38
129.94 111.72
130.24 111.08
130.58 110.23
130.88 109.22
131.12 108.21
131.39 107.14
131.80 105.18
131.93 104.24
132.13 103.12
132.22 101.87
132.29 100.77
132.29 97.70
132.21 97.22
132.08 97.00
-1.00 -1.00
5 0
0 
 3
130.64 109.53
130.23 109.15
129.59 108.81
129.14 108.66
128.52 108.45
128.19 108.34
-1.00 -1.00
5 0
0 
 3
129.38 111.24
128.84 111.12
128.28 110.88
127.95 110.65
127.59 110.41
-1.00 -1.00
5 0
0 
 3
127.01 113.69
126.79 113.53
125.79 112.86
125.27 112.48
124.76 112.08
124.37 111.41
123.97 110.53
123.68 109.63
123.58 108.95
123.58 108.14
123.68 107.31
123.85 106.26
124.02 105.42
124.49 104.12
124.61 103.74
124.79 103.28
124.90 102.95
-1.00 -1.00
5 0
0 
 3
107.69 108.27
107.61 107.54
107.38 106.49
107.21 105.52
107.01 104.19
106.64 102.24
106.48 101.21
106.35 99.91
106.28 98.97
106.35 98.36
106.51 97.80
106.65 97.68
106.87 97.69
107.09 98.44
107.22 99.51
107.30 100.64
107.45 102.07
107.70 103.86
107.81 105.47
107.85 106.77
107.89 107.63
107.89 108.38
107.81 108.27
107.50 107.37
107.21 105.86
106.89 103.99
106.76 102.26
106.72 100.24
106.67 98.96
106.68 98.05
107.13 100.28
107.14 102.95
107.22 105.43
107.65 107.62
107.87 108.50
107.37 105.71
107.12 102.75
106.87 100.84
106.80 98.77
106.83 98.55
107.48 102.39
107.81 105.88
108.01 107.67
108.06 107.86
107.14 103.88
106.89 101.03
106.69 99.19
106.72 98.20
107.12 101.29
107.62 104.94
108.15 106.97
108.06 107.41
107.33 105.71
106.84 103.22
106.57 100.45
106.43 98.44
106.73 99.48
107.33 103.15
107.58 106.21
108.14 108.02
107.81 106.82
107.28 103.50
107.08 101.25
106.88 98.41
107.03 100.36
107.61 104.32
108.03 108.29
107.73 106.94
107.37 103.78
107.00 100.09
106.88 99.07
106.81 98.80
106.77 98.48
106.75 98.08
107.24 100.88
107.52 103.39
107.81 105.70
108.10 107.26
108.14 107.86
107.36 105.43
107.09 102.92
106.83 100.08
106.83 98.39
106.84 97.84
-1.00 -1.00
5 0
0 
 3
121.00 98.20
121.01 98.37
121.01 98.68
121.09 99.19
120.77 100.76
120.49 101.49
120.15 101.99
119.68 102.35
119.06 102.63
118.34 102.86
117.63 102.99
116.98 103.03
116.23 103.11
115.41 103.19
114.04 103.22
113.25 103.26
112.44 103.28
111.82 103.30
111.28 103.34
-1.00 -1.00
5 0
0 
 3
99.20 125.67
99.52 125.85
99.85 126.11
100.07 126.54
100.23 126.93
100.47 127.48
100.51 127.89
100.30 128.36
99.91 129.02
99.30 129.86
98.33 130.49
97.53 130.65
96.69 130.48
96.08 130.20
95.63 129.80
95.19 129.37
94.90 129.06
94.66 128.48
94.54 128.00
94.53 127.50
94.66 126.77
94.83 126.26
95.14 125.86
95.54 125.53
95.84 125.37
96.09 125.29
-1.00 -1.00
5 0
0 
 3
93.80 128.90
93.73 128.81
93.61 128.54
93.72 127.98
93.94 127.64
94.12 127.50
-1.00 -1.00
5 0
0 
 3
93.25 129.49
92.64 128.78
92.19 127.93
92.03 127.36
92.05 127.16
-1.00 -1.00
5 0
0 
 3
91.73 129.76
91.26 129.06
91.01 128.41
90.98 128.10
-1.00 -1.00
5 0
0 
 3
89.59 130.14
90.02 129.86
90.55 130.01
91.14 130.48
91.36 130.81
91.40 131.12
91.36 131.52
91.25 131.96
91.02 132.36
90.85 132.76
90.69 133.40
90.59 134.03
90.57 134.55
90.67 134.97
90.81 135.59
90.94 136.04
91.16 136.40
91.56 136.74
91.99 136.78
92.68 136.70
93.15 136.51
93.66 136.07
94.01 135.47
94.55 134.64
95.18 134.08
95.65 133.84
96.07 134.00
96.40 134.40
96.69 134.85
97.13 135.14
97.70 135.27
98.49 135.16
99.04 135.00
99.37 134.80
99.60 134.57
99.75 134.37
99.62 134.11
99.28 133.96
98.52 134.08
97.88 133.92
97.26 133.67
96.84 133.43
96.93 133.49
97.83 133.87
98.79 133.81
99.41 133.65
99.85 133.35
99.91 133.07
99.09 133.23
98.11 133.19
97.45 132.96
97.22 132.81
97.64 132.91
98.27 132.76
98.92 132.61
99.32 132.27
99.38 132.16
98.75 131.88
97.90 131.73
97.26 131.65
96.99 131.53
97.31 131.23
98.04 131.21
98.80 131.47
99.17 131.52
99.33 131.45
99.99 131.05
100.48 130.80
100.64 130.62
101.00 130.36
101.31 129.98
101.41 129.60
101.01 129.06
100.63 129.13
100.06 129.72
99.09 130.60
99.20 130.99
99.90 131.16
100.70 131.28
101.29 131.07
101.70 130.78
101.84 130.38
101.33 130.32
100.87 130.58
101.13 131.23
101.27 132.24
101.37 132.99
101.53 133.45
101.73 133.85
101.98 134.09
102.20 134.01
102.22 133.56
101.93 132.72
101.59 131.89
101.31 131.37
101.13 131.07
101.77 131.79
102.10 132.73
102.21 133.35
102.38 133.69
102.75 133.92
103.02 133.61
102.99 132.91
102.49 132.04
101.97 131.24
101.60 130.54
101.45 130.18
101.29 129.89
101.20 129.45
101.20 129.30
101.74 129.29
102.55 128.88
103.18 128.64
103.55 128.29
103.85 127.64
103.70 127.26
103.35 126.94
102.79 127.02
102.29 127.65
101.68 128.30
101.00 128.60
100.90 128.72
-1.00 -1.00
5 0
0 
 3
92.48 132.19
92.62 132.16
93.24 132.05
93.58 131.97
93.86 131.77
93.73 131.59
93.41 131.59
92.93 131.73
92.52 131.91
92.34 132.01
92.35 132.12
92.63 132.04
93.17 131.85
93.56 131.69
93.74 131.71
93.09 132.13
92.60 132.15
92.46 132.11
92.82 131.76
93.36 131.63
92.62 132.08
92.39 132.07
93.47 131.64
92.35 131.96
93.12 131.53
92.31 132.01
92.91 131.89
93.09 131.95
92.83 132.17
93.29 131.91
92.72 132.08
92.78 131.91
93.09 131.83
92.30 131.92
93.04 131.80
93.44 131.83
92.46 132.13
93.19 131.85
92.36 131.97
93.07 131.80
92.67 131.95
92.56 131.92
93.57 131.65
92.54 131.97
92.93 131.85
93.21 131.89
-1.00 -1.00
5 0
0 
 3
83.53 134.13
83.40 133.99
83.02 133.67
82.60 133.43
82.37 133.43
82.02 133.53
81.41 133.63
81.03 133.56
80.74 133.75
80.46 134.07
80.24 134.60
79.89 135.14
79.56 135.26
79.20 135.05
78.65 134.92
78.21 135.34
77.94 135.70
77.74 136.07
77.46 137.67
77.31 138.26
77.58 138.40
78.04 138.52
78.69 139.21
79.34 140.34
79.56 141.34
79.40 142.10
78.96 142.73
78.39 143.49
78.19 144.13
78.29 144.66
78.14 145.18
77.45 145.84
76.64 146.40
75.43 147.02
73.80 147.53
72.30 147.52
70.82 147.18
69.80 146.85
68.87 146.74
67.71 146.38
67.20 145.97
66.21 145.45
65.66 145.29
65.28 144.84
64.59 144.08
63.71 143.64
62.94 142.63
62.83 141.66
62.94 140.23
63.21 138.02
63.84 136.67
64.70 135.59
65.68 134.95
66.55 134.89
67.82 134.80
68.95 134.69
70.07 134.69
71.14 134.11
71.91 133.71
73.13 133.43
73.92 133.67
74.80 134.49
75.33 135.10
75.95 136.23
76.55 137.08
76.91 137.51
76.84 137.28
76.76 136.39
77.08 135.62
77.58 135.00
77.97 134.81
78.50 134.87
78.88 134.95
-1.00 -1.00
5 0
0 
 3
84.20 107.51
84.07 107.42
83.53 107.19
83.05 107.59
82.31 108.26
81.94 108.87
81.35 109.69
80.42 110.34
79.64 110.73
78.91 111.08
78.59 111.65
78.71 114.05
78.71 114.61
78.41 115.04
78.58 115.77
78.61 116.76
78.25 117.87
77.50 118.99
76.38 120.22
75.74 121.06
74.77 121.87
73.47 122.39
72.24 122.77
71.39 123.21
70.15 123.34
69.17 123.50
67.79 123.74
66.20 123.91
65.46 123.62
64.25 122.67
63.59 122.03
62.98 121.46
62.11 120.98
61.69 120.19
61.28 118.56
60.46 117.24
59.63 115.71
59.06 114.53
58.29 113.70
57.92 112.48
58.11 111.48
58.97 110.45
60.46 109.42
61.82 108.67
63.10 107.70
64.50 106.87
65.84 105.80
66.70 104.88
67.71 104.47
68.72 104.23
69.81 104.27
71.16 104.24
72.66 104.07
73.15 104.34
74.08 105.16
76.63 107.98
77.94 109.10
78.57 109.71
78.75 109.27
79.39 108.78
80.09 108.53
80.66 108.59
81.10 108.75
81.66 108.90
81.91 108.77
82.53 108.05
83.06 107.57
83.50 107.35
-1.00 -1.00
5 0
0 
 3
114.93 135.83
115.65 136.31
116.94 136.82
118.33 136.58
118.86 135.92
118.93 135.80
119.02 135.96
119.90 136.76
121.66 137.48
123.20 137.35
124.50 136.80
124.66 136.32
-1.00 -1.00
5 0
0 
 3
126.00 146.40
126.36 146.74
127.42 147.09
127.98 146.66
128.03 146.30
128.19 146.46
128.98 147.33
130.08 147.51
130.71 147.14
130.93 146.53
-1.00 -1.00
5 0
0 
 -1
