gremlinfile
0 48.00 32.00
3
63.82 112.56
62.60 112.52
61.18 112.14
59.67 111.49
58.32 110.00
57.78 107.74
57.97 105.28
58.52 103.18
59.67 101.41
61.44 100.15
63.24 99.63
65.30 100.15
67.32 101.02
67.96 102.18
67.71 103.86
66.65 105.54
64.36 107.26
62.95 107.87
61.70 107.55
60.93 105.96
60.54 104.57
60.35 103.47
61.28 104.22
62.18 105.48
62.85 106.45
64.33 106.42
65.36 106.00
63.66 106.06
61.31 104.22
60.83 102.99
63.46 105.45
65.30 104.77
63.72 104.41
62.11 102.38
65.07 103.34
62.72 103.86
64.33 102.54
64.27 103.70
65.10 102.60
64.78 104.09
65.52 101.92
67.10 103.54
65.13 102.60
66.48 101.41
65.26 103.31
63.79 101.21
63.69 102.73
62.15 101.31
61.83 102.63
60.12 101.70
59.38 102.76
59.58 103.28
-1.00 -1.00
5 0
0 
 3
66.32 105.87
65.04 107.48
64.07 109.10
63.21 111.10
62.60 113.49
62.63 116.82
63.37 121.02
64.56 125.13
65.68 129.39
68.22 133.47
72.30 137.73
75.77 140.61
79.05 142.19
82.94 143.00
86.02 143.55
89.27 144.07
92.48 145.13
94.57 146.68
96.18 149.92
97.08 152.66
98.46 155.70
100.42 158.64
103.28 161.65
105.78 163.13
108.61 163.75
112.11 163.97
116.77 163.30
119.70 162.16
122.94 160.61
127.12 157.96
130.91 154.63
134.67 150.79
138.91 145.42
141.81 140.32
144.28 133.82
144.99 128.55
144.86 122.48
143.70 116.89
141.93 114.17
139.72 112.20
136.47 109.55
132.97 106.96
128.57 105.41
125.42 105.28
123.07 105.57
120.73 106.71
119.22 108.13
117.96 110.52
117.51 114.56
117.45 120.41
117.87 125.13
119.09 129.20
121.05 133.37
122.11 135.76
122.69 136.89
-1.00 -1.00
5 0
0 
 3
127.89 138.02
125.13 134.37
123.65 130.75
122.49 127.16
121.59 121.70
121.18 115.92
120.89 112.17
122.27 109.78
125.03 107.74
128.28 108.19
132.46 110.46
136.38 112.85
138.56 116.66
140.10 121.09
140.97 125.32
141.00 129.52
140.26 134.60
138.88 138.67
136.50 140.80
134.58 139.57
133.87 140.93
132.07 140.09
130.21 137.18
130.40 140.32
127.67 138.47
126.61 136.21
125.22 133.98
124.33 130.49
-1.00 -1.00
5 0
0 
 3
120.31 108.13
119.86 107.64
118.64 106.29
116.90 104.44
114.07 101.66
112.76 98.89
112.21 95.23
112.31 90.93
113.46 86.15
114.49 83.37
115.91 80.04
117.38 76.26
118.41 72.71
118.99 69.83
119.34 67.50
119.73 65.18
119.76 63.14
119.57 61.49
119.60 60.04
122.20 58.39
125.67 57.19
129.18 56.22
131.94 55.32
134.03 54.16
135.25 53.25
135.60 52.54
133.39 51.76
128.28 52.15
123.20 53.77
119.09 54.87
116.36 55.84
115.42 56.42
115.23 55.22
116.29 51.51
116.58 48.18
116.48 46.43
117.22 45.69
121.72 44.17
124.84 42.13
126.57 40.07
127.64 37.48
125.93 37.00
123.10 36.09
120.82 34.86
117.19 34.05
112.89 33.18
108.64 33.12
103.44 33.41
97.94 34.22
96.66 35.35
96.98 36.74
98.84 38.19
-1.00 -1.00
5 0
0 
 3
96.98 33.50
94.18 33.34
91.48 33.12
90.17 33.89
90.30 35.83
93.03 38.45
94.09 38.90
-1.00 -1.00
5 0
0 
 3
91.55 34.35
90.20 34.35
87.44 34.77
86.21 35.57
85.73 37.29
86.95 40.16
90.81 43.14
95.50 44.04
101.99 44.49
105.37 44.43
107.04 44.65
106.94 47.21
106.62 51.02
-1.00 -1.00
5 0
0 
 3
83.45 36.19
81.01 35.22
79.37 35.35
78.66 36.64
79.50 38.26
80.94 39.48
-1.00 -1.00
5 0
0 
 3
79.18 36.25
77.83 36.06
75.45 36.06
73.62 37.93
74.20 40.23
77.92 43.36
82.84 45.98
87.34 47.27
90.39 47.50
93.48 47.60
96.75 47.21
97.20 49.21
97.49 51.41
97.94 52.99
-1.00 -1.00
5 0
0 
 3
99.20 53.51
97.01 54.09
93.99 55.19
91.77 56.55
90.42 58.81
89.30 62.62
88.95 66.50
89.97 72.25
92.38 77.59
94.99 82.50
97.81 86.89
100.39 90.13
101.80 92.36
102.57 94.72
102.70 97.04
102.15 99.24
101.57 100.11
-1.00 -1.00
5 0
0 
 3
102.96 100.31
102.44 100.34
98.62 100.27
95.50 100.02
91.29 100.15
85.28 99.98
80.66 99.82
76.12 100.21
72.62 101.37
70.31 102.86
67.80 105.03
-1.00 -1.00
5 0
0 
 3
107.94 77.75
107.81 74.19
107.52 69.64
107.42 65.98
107.26 63.04
107.39 60.07
108.00 57.13
109.35 55.74
111.73 56.03
113.59 56.32
114.59 56.77
114.69 59.39
114.14 61.10
114.88 59.26
116.42 56.84
117.80 57.10
119.15 59.23
119.02 61.07
118.16 62.59
117.93 63.59
118.73 63.11
119.60 63.40
120.15 64.47
119.83 65.76
117.87 66.83
116.81 67.67
116.84 69.80
117.51 72.32
118.09 74.03
118.48 75.42
-1.00 -1.00
5 0
0 
 3
95.63 134.02
95.89 132.88
96.27 131.79
97.17 130.20
98.33 128.91
98.71 128.71
99.55 129.43
99.45 130.43
98.71 131.66
97.94 133.17
97.17 134.50
96.21 135.21
95.76 134.24
96.53 133.05
97.56 131.20
98.30 129.94
99.10 129.56
99.36 129.88
98.14 132.14
97.27 133.59
96.40 134.92
96.40 134.24
97.14 132.85
98.26 131.01
98.71 129.94
97.27 132.08
96.27 134.63
96.72 134.60
98.26 132.63
98.68 130.46
98.39 129.75
96.79 132.98
-1.00 -1.00
5 0
0 
 3
100.16 94.55
100.93 94.00
103.57 92.62
105.91 92.00
108.84 92.13
111.15 92.10
113.56 92.16
114.20 92.39
114.24 93.42
112.69 94.55
110.22 95.17
108.35 95.43
106.23 95.46
104.50 95.46
102.92 95.20
101.83 94.94
101.90 94.36
103.34 93.58
104.88 93.16
106.62 92.81
108.61 92.65
111.47 92.26
112.76 92.39
112.53 93.16
110.54 93.75
108.23 94.20
105.98 94.75
103.47 94.78
102.25 94.65
104.37 94.07
107.07 93.91
109.38 93.81
111.34 93.62
109.35 93.00
105.78 93.65
102.57 94.04
102.12 94.52
105.91 94.55
109.61 93.91
112.11 94.04
109.25 93.68
-1.00 -1.00
5 0
0 
 3
55.75 34.54
60.25 35.90
64.59 35.96
67.45 36.09
-1.00 -1.00
5 0
0 
 3
65.52 32.79
67.99 33.28
72.75 33.70
75.80 34.44
77.35 34.51
-1.00 -1.00
5 0
0 
 3
71.82 32.15
75.71 32.50
79.76 32.63
83.39 33.08
85.31 33.34
-1.00 -1.00
5 0
0 
 3
120.08 34.57
122.88 34.77
128.50 35.12
134.38 35.83
136.54 36.19
134.99 35.93
131.07 34.93
126.38 34.12
122.62 33.28
126.35 33.96
133.48 34.05
139.17 34.51
-1.00 -1.00
5 0
0 
 -1
