gremlinfile
0 20.00 48.00
3
98.28 86.07
94.08 78.44
-1.00 -1.00
5 0
0 
 3
87.99 62.63
143.80 62.44
161.76 86.74
-1.00 -1.00
5 0
0 
 3
169.17 61.10
168.25 60.94
167.50 60.12
167.90 59.14
169.33 59.03
170.06 60.20
-1.00 -1.00
5 0
0 
 3
170.72 65.01
168.94 65.50
168.17 64.93
168.50 63.53
169.87 63.09
170.75 63.47
-1.00 -1.00
5 0
0 
 3
171.39 69.53
170.14 69.32
169.44 68.63
169.91 67.59
171.89 67.08
172.89 68.40
-1.00 -1.00
5 0
0 
 3
172.20 73.92
171.60 72.71
171.97 71.62
174.20 71.50
174.99 72.25
175.11 73.84
173.86 74.55
-1.00 -1.00
5 0
0 
 3
173.03 80.78
171.33 79.95
171.22 78.94
172.85 77.81
174.70 77.81
175.15 79.28
174.70 80.70
-1.00 -1.00
5 0
0 
 3
162.51 54.71
161.10 54.27
160.25 53.41
161.89 52.57
163.18 53.09
163.34 54.62
-1.00 -1.00
5 0
0 
 3
163.97 60.71
163.01 59.51
162.95 58.62
163.84 57.88
164.97 58.26
165.15 59.18
-1.00 -1.00
5 0
0 
 3
165.80 66.90
164.97 66.60
163.68 65.85
163.66 64.81
164.51 63.74
166.30 63.55
166.61 64.99
165.32 65.98
-1.00 -1.00
5 0
0 
 3
166.75 74.09
165.34 73.71
164.18 72.73
164.72 71.39
166.86 70.91
167.75 71.71
168.44 72.31
168.25 73.55
-1.00 -1.00
5 0
0 
 3
168.54 80.34
167.77 80.70
166.42 80.43
165.67 79.53
165.96 78.42
166.71 77.94
168.15 78.19
168.90 79.32
-1.00 -1.00
5 0
0 
 3
163.45 84.59
163.30 83.25
164.36 82.87
164.28 82.02
163.47 81.47
163.18 80.64
162.93 79.65
162.80 78.40
163.63 78.13
163.66 77.23
163.63 76.33
163.20 74.91
164.03 74.01
163.88 72.31
163.41 71.54
163.22 70.58
162.30 70.01
161.41 69.95
160.95 69.03
161.62 68.32
161.35 67.15
160.25 66.98
159.95 66.19
160.33 65.41
161.16 64.93
160.72 63.80
159.50 63.86
158.91 63.17
159.33 62.34
159.35 61.50
158.44 61.65
157.58 60.62
157.81 59.72
157.96 58.51
157.00 58.28
156.23 57.59
156.69 56.73
157.17 55.77
155.69 55.35
155.07 54.68
154.34 53.81
155.03 53.07
154.59 52.03
152.95 51.67
152.57 50.84
153.97 50.48
-1.00 -1.00
5 0
0 
 3
103.88 62.46
104.54 60.62
104.88 59.62
105.21 58.55
105.58 57.36
105.79 56.42
106.04 55.35
106.23 54.39
106.56 53.18
107.68 52.59
108.54 52.22
110.36 52.13
111.86 51.92
113.53 51.84
115.46 51.80
117.27 51.57
119.16 51.44
121.99 51.65
123.88 51.69
125.21 51.59
126.23 51.57
132.55 51.53
133.51 51.40
134.34 51.51
135.98 51.61
141.24 51.69
146.90 51.46
148.41 51.11
149.66 51.17
152.49 50.98
153.82 50.88
155.63 50.96
157.29 51.15
159.19 51.17
160.54 51.19
161.93 51.13
163.61 51.17
164.78 51.07
166.23 51.00
167.48 51.32
168.31 51.82
169.27 52.82
169.79 53.60
170.00 54.73
170.39 55.54
170.68 56.38
170.58 57.63
171.35 58.51
171.68 59.41
171.08 60.29
172.43 60.67
172.95 61.52
173.12 62.65
172.82 63.55
172.93 64.45
174.09 65.10
174.03 66.04
173.43 66.88
173.97 67.73
174.80 67.84
175.22 69.20
174.80 70.16
174.65 71.56
175.55 72.12
176.26 73.23
175.99 74.13
175.96 75.05
177.02 75.20
177.36 76.85
177.27 78.40
176.30 79.11
176.09 80.30
176.17 81.20
176.98 81.43
177.02 83.04
176.88 83.98
176.03 83.96
175.57 84.82
176.19 85.51
176.07 87.20
-1.00 -1.00
5 0
0 
 3
24.12 71.00
25.05 71.31
26.28 71.43
27.67 71.56
28.61 71.50
29.69 71.52
30.58 72.00
31.17 73.25
31.56 74.68
31.65 75.93
31.60 77.52
31.52 78.88
31.23 81.16
30.81 82.71
30.29 83.96
29.84 84.96
29.28 86.09
28.63 86.93
-1.00 -1.00
5 0
0 
 3
25.41 74.11
27.42 74.19
28.63 74.13
29.57 73.92
-1.00 -1.00
5 0
0 
 3
26.97 79.21
28.26 78.98
29.55 78.86
-1.00 -1.00
5 0
0 
 3
25.78 83.17
27.57 83.25
29.28 83.44
30.63 83.52
-1.00 -1.00
5 0
0 
 3
26.45 58.59
27.97 58.76
29.57 58.62
-1.00 -1.00
5 0
0 
 3
24.99 61.38
27.30 61.54
29.48 61.65
30.88 61.71
-1.00 -1.00
5 0
0 
 3
24.12 65.12
25.64 65.14
28.05 65.22
30.13 65.20
-1.00 -1.00
5 0
0 
 3
23.20 68.99
24.16 68.99
26.70 69.01
29.11 68.74
29.96 68.72
-1.00 -1.00
5 0
0 
 3
20.94 71.81
21.54 71.12
21.69 70.24
22.48 69.66
22.41 68.80
22.46 67.82
23.31 67.86
22.43 67.65
22.60 66.50
23.52 66.10
23.95 65.33
23.68 64.49
23.45 62.65
24.29 62.15
24.89 61.50
24.29 60.90
24.10 59.87
24.31 58.53
25.30 58.18
26.09 57.42
25.14 57.03
25.43 55.81
26.78 55.58
26.72 54.41
-1.00 -1.00
5 0
0 
 3
71.73 58.62
70.30 58.93
69.40 59.03
68.51 58.87
67.87 58.20
68.57 56.92
69.42 56.71
70.32 56.59
71.21 56.52
72.29 56.78
73.29 57.11
74.58 57.51
75.27 58.09
74.37 59.05
73.35 59.43
72.07 59.37
-1.00 -1.00
5 0
0 
 3
79.24 59.26
78.93 58.09
80.03 57.57
80.88 57.34
82.00 57.17
83.54 57.34
84.31 58.05
83.77 59.12
82.52 59.60
80.94 59.70
79.49 59.66
-1.00 -1.00
5 0
0 
 3
83.90 64.62
83.00 64.43
81.98 64.18
81.09 63.53
81.21 62.57
82.59 62.38
84.10 62.28
85.39 62.19
86.56 62.21
87.45 62.28
85.79 63.20
84.17 63.49
-1.00 -1.00
5 0
0 
 3
87.64 68.03
86.77 68.28
85.64 68.19
84.58 68.09
82.90 67.73
82.65 66.65
83.63 65.66
84.83 65.54
86.20 65.45
87.41 65.64
88.49 65.81
89.39 66.00
89.97 66.98
88.70 67.90
87.35 68.21
86.33 68.44
-1.00 -1.00
5 0
0 
 3
70.09 61.98
69.05 62.13
68.80 61.08
70.19 60.77
71.55 60.69
73.25 60.58
74.19 60.56
75.35 60.58
74.69 61.46
73.54 61.73
72.17 62.11
70.96 62.28
-1.00 -1.00
5 0
0 
 3
74.75 64.97
73.75 65.04
71.46 64.81
70.73 64.39
70.84 63.30
72.56 63.03
73.73 62.97
74.91 62.97
75.85 62.90
76.91 62.84
77.72 63.47
76.95 64.18
-1.00 -1.00
5 0
0 
 3
73.31 67.94
72.44 67.40
71.90 66.62
73.71 66.54
75.35 66.42
76.49 66.42
77.62 66.48
78.97 66.83
78.49 67.63
77.41 67.96
76.08 68.03
74.54 68.15
-1.00 -1.00
5 0
0 
 3
85.14 72.69
83.92 71.92
83.56 70.33
84.19 69.64
85.93 69.32
86.97 69.28
88.18 69.18
89.26 69.18
90.86 69.89
91.90 70.91
90.99 72.10
89.53 72.69
88.64 72.65
86.47 72.65
-1.00 -1.00
5 0
0 
 3
75.43 72.52
74.39 72.21
73.50 72.21
72.63 72.12
72.46 71.14
73.15 70.49
74.17 70.05
75.89 69.57
76.91 69.55
78.03 69.43
79.86 69.72
80.63 70.33
80.86 71.41
80.09 72.33
78.80 72.84
76.66 72.79
75.39 72.77
-1.00 -1.00
5 0
0 
 3
86.25 79.03
84.21 77.67
84.13 76.68
84.67 75.28
85.71 74.34
90.32 75.09
91.53 75.99
91.88 77.35
91.11 77.98
89.86 78.67
85.19 78.92
-1.00 -1.00
5 0
0 
 3
76.06 79.05
75.25 78.44
73.79 77.90
73.15 77.02
75.31 76.29
76.41 75.68
77.72 75.18
80.11 75.35
82.19 76.50
82.40 77.50
80.72 78.67
79.80 79.00
78.41 79.07
75.79 78.94
-1.00 -1.00
5 0
0 
 3
86.52 85.86
85.75 85.11
84.92 84.65
84.60 83.71
85.46 82.81
86.52 82.29
89.68 82.14
91.88 83.02
92.69 83.38
92.03 84.38
90.74 85.22
89.78 85.38
86.85 85.47
85.10 85.57
-1.00 -1.00
5 0
0 
 3
76.56 86.24
75.56 85.30
74.29 84.59
74.08 83.65
74.96 82.89
75.91 82.43
78.03 82.29
79.95 82.20
80.92 82.66
81.94 83.35
82.25 84.36
80.72 85.26
79.70 85.74
78.16 85.95
76.95 86.05
-1.00 -1.00
5 0
0 
 3
92.50 71.58
91.86 69.28
90.55 68.55
89.82 67.80
90.13 66.83
90.26 65.89
89.30 65.68
88.41 65.08
89.01 64.32
89.45 63.51
88.60 62.99
87.64 63.03
87.10 61.90
87.91 61.46
87.41 60.31
86.47 60.23
85.66 59.35
86.33 58.57
86.06 57.44
84.92 57.82
84.48 56.84
85.23 56.21
84.92 55.23
83.79 55.14
82.69 54.31
82.13 53.58
81.15 53.22
78.89 53.24
75.77 53.85
73.08 54.10
70.36 54.06
67.93 54.27
66.22 54.25
64.71 54.27
62.88 54.48
-1.00 -1.00
5 0
0 
 3
92.32 78.63
91.96 76.70
93.42 76.35
93.29 73.23
91.51 73.19
91.26 71.73
-1.00 -1.00
5 0
0 
 3
92.23 78.61
94.06 78.71
-1.00 -1.00
5 0
0 
 3
92.01 88.52
92.01 87.60
93.21 87.47
94.04 86.30
93.96 84.99
93.21 84.38
92.34 83.54
92.21 82.64
93.69 82.18
94.11 78.77
-1.00 -1.00
5 0
0 
 3
26.78 88.58
26.84 87.72
-1.00 -1.00
5 0
0 
 3
25.51 88.31
25.62 87.26
-1.00 -1.00
5 0
0 
 3
24.08 88.21
24.29 87.18
-1.00 -1.00
5 0
0 
 3
69.24 94.21
69.15 93.33
-1.00 -1.00
5 0
0 
 3
67.39 94.40
67.22 93.33
-1.00 -1.00
5 0
0 
 3
65.70 93.08
65.56 94.02
-1.00 -1.00
5 0
0 
 3
64.23 94.83
63.89 93.52
-1.00 -1.00
5 0
0 
 3
62.46 93.45
62.38 94.42
-1.00 -1.00
5 0
0 
 3
61.21 94.94
61.15 93.66
-1.00 -1.00
5 0
0 
 3
59.49 93.52
59.44 94.40
-1.00 -1.00
5 0
0 
 3
58.01 94.75
57.99 93.60
-1.00 -1.00
5 0
0 
 3
56.70 93.12
56.70 94.00
-1.00 -1.00
5 0
0 
 3
54.91 93.91
54.85 92.83
-1.00 -1.00
5 0
0 
 3
53.91 92.53
53.87 93.48
-1.00 -1.00
5 0
0 
 3
52.27 93.37
52.15 92.43
-1.00 -1.00
5 0
0 
 3
50.84 91.82
50.96 92.83
-1.00 -1.00
5 0
0 
 3
49.57 93.14
49.51 91.93
-1.00 -1.00
5 0
0 
 3
47.97 91.13
48.13 92.20
-1.00 -1.00
5 0
0 
 3
46.53 91.78
46.49 92.64
-1.00 -1.00
5 0
0 
 3
45.16 92.22
45.33 91.28
-1.00 -1.00
5 0
0 
 3
43.77 91.97
43.83 90.69
-1.00 -1.00
5 0
0 
 3
42.54 91.76
42.77 90.76
-1.00 -1.00
5 0
0 
 3
40.86 91.55
41.02 90.51
-1.00 -1.00
5 0
0 
 3
39.80 91.13
39.75 90.26
-1.00 -1.00
5 0
0 
 3
38.49 90.95
38.49 89.88
-1.00 -1.00
5 0
0 
 3
37.09 90.84
37.16 89.77
-1.00 -1.00
5 0
0 
 3
36.03 89.23
35.80 90.05
-1.00 -1.00
5 0
0 
 3
34.37 90.28
34.35 89.25
-1.00 -1.00
5 0
0 
 3
33.45 88.77
33.29 89.65
-1.00 -1.00
5 0
0 
 3
31.77 89.65
31.96 88.73
-1.00 -1.00
5 0
0 
 3
30.75 88.23
30.73 89.06
-1.00 -1.00
5 0
0 
 3
29.40 89.21
29.38 87.98
-1.00 -1.00
5 0
0 
 3
27.84 88.69
27.97 87.85
-1.00 -1.00
5 0
0 
 3
23.10 86.32
24.45 86.39
25.51 86.64
26.51 86.85
27.80 87.20
30.13 88.04
31.46 88.18
33.08 88.41
34.93 88.81
36.66 89.02
38.07 89.27
39.15 89.65
40.38 89.82
42.02 90.11
42.96 90.32
44.35 90.53
45.72 90.76
46.87 91.07
48.18 91.38
49.49 91.45
50.90 91.61
52.62 91.99
54.00 92.12
55.31 92.33
56.43 92.58
57.37 92.87
58.22 93.02
59.38 93.20
60.55 93.18
62.27 93.06
63.31 93.02
64.52 92.99
65.79 92.97
67.22 92.85
68.16 92.79
69.38 92.53
70.30 92.33
70.34 91.15
70.38 90.32
71.44 89.80
72.36 89.75
72.90 88.60
71.55 88.06
71.07 86.72
71.23 85.45
72.59 84.76
73.29 84.11
73.23 83.00
71.90 82.22
71.30 81.20
71.23 80.36
71.32 79.38
71.86 78.63
72.90 78.44
72.75 77.46
72.73 76.45
71.86 76.37
70.88 75.32
70.59 74.42
71.92 73.32
72.00 71.87
71.13 72.00
70.01 71.96
69.49 70.93
69.13 69.87
70.53 69.39
71.11 68.65
69.90 68.34
69.03 68.70
68.45 67.90
68.61 66.94
69.49 66.65
69.40 65.73
68.09 65.52
67.22 65.12
66.66 64.18
67.33 63.57
68.22 63.13
66.87 62.57
66.08 62.94
65.33 62.23
65.22 61.40
66.64 61.25
66.45 59.93
65.06 60.54
63.83 58.97
64.64 58.34
65.72 58.45
65.37 57.51
63.75 57.51
62.92 57.61
62.79 56.61
63.35 55.63
64.75 55.63
-1.00 -1.00
5 0
0 
 3
23.45 88.10
24.31 88.16
25.68 88.39
26.66 88.73
28.01 88.92
29.19 89.11
30.34 89.23
31.25 89.48
32.10 89.65
33.06 89.88
33.95 90.05
34.76 90.28
35.64 90.42
36.53 90.63
37.63 90.88
38.86 91.18
40.19 91.45
41.63 91.68
42.77 91.95
44.33 92.33
45.31 92.49
46.26 92.76
47.20 92.97
49.51 93.25
50.80 93.29
51.65 93.41
53.10 93.60
54.25 93.83
55.31 94.06
56.72 94.50
57.76 94.75
58.72 95.00
60.07 95.17
61.61 95.06
63.15 95.04
64.31 94.98
65.20 94.88
66.56 94.81
67.55 94.75
68.43 94.73
69.34 94.56
70.11 94.21
70.57 93.41
71.42 91.95
71.82 90.38
72.21 88.62
72.42 87.81
72.71 86.57
72.90 85.57
73.08 84.44
73.17 83.38
73.23 81.89
73.25 80.66
73.23 79.38
73.23 78.19
73.04 76.73
72.79 75.35
72.42 74.15
72.09 72.90
71.75 71.81
71.50 70.72
71.23 69.87
70.76 68.40
70.26 66.94
69.80 65.87
69.38 65.01
68.86 64.01
68.47 63.22
67.99 62.38
67.60 61.52
67.08 60.37
66.72 59.54
66.37 58.68
65.85 57.36
65.45 56.44
64.81 55.58
63.94 54.77
63.15 54.33
61.94 53.81
61.09 53.70
59.80 53.68
58.76 53.66
57.18 53.56
56.18 53.56
55.02 53.62
53.33 53.68
52.42 53.72
51.44 53.72
50.46 53.76
48.74 53.68
47.59 53.62
46.66 53.70
45.01 53.83
43.91 53.81
42.31 53.78
41.36 53.85
39.94 53.93
38.09 53.93
36.84 53.99
35.99 54.04
34.83 54.10
33.68 54.08
32.19 54.04
31.25 54.08
30.13 54.16
29.15 54.27
27.88 54.31
27.07 54.56
26.45 55.58
25.95 57.28
25.70 58.72
25.45 60.16
25.18 61.56
24.74 63.38
24.49 64.60
24.31 65.73
23.97 67.71
23.66 69.20
23.29 70.47
22.85 71.37
-1.00 -1.00
5 0
0 
 3
40.81 84.48
40.27 83.65
40.34 82.48
41.50 82.06
-1.00 -1.00
5 0
0 
 3
66.06 88.18
65.43 87.47
65.50 86.51
66.31 85.74
-1.00 -1.00
5 0
0 
 3
52.60 86.05
51.61 85.13
52.02 84.19
52.96 84.04
-1.00 -1.00
5 0
0 
 3
23.39 83.58
23.83 82.66
24.16 81.53
24.31 80.11
24.47 78.82
24.43 77.42
24.16 76.16
23.83 75.24
23.04 74.59
22.52 75.35
22.12 76.43
21.89 77.52
21.85 78.36
21.96 79.21
22.18 80.72
22.37 81.70
22.75 83.02
23.70 83.35
24.33 82.50
24.58 80.93
-1.00 -1.00
5 0
0 
 3
34.10 63.76
32.81 63.01
33.16 61.98
33.91 61.19
-1.00 -1.00
5 0
0 
 3
40.11 62.69
39.23 62.65
38.86 61.54
39.50 60.62
40.40 60.44
-1.00 -1.00
5 0
0 
 3
46.37 64.24
45.24 64.07
45.08 62.88
45.68 62.25
46.32 61.63
-1.00 -1.00
5 0
0 
 3
53.21 64.74
51.90 64.30
51.56 63.09
52.10 62.30
52.92 61.90
-1.00 -1.00
5 0
0 
 3
66.81 66.42
65.99 65.85
65.77 64.78
66.12 63.89
-1.00 -1.00
5 0
0 
 3
60.15 65.29
58.86 65.29
58.24 64.07
58.63 62.84
59.72 62.65
-1.00 -1.00
5 0
0 
 3
40.84 79.51
39.94 79.61
39.38 80.24
38.90 80.93
38.49 81.97
38.32 82.92
38.40 84.11
38.61 85.40
38.90 86.34
39.28 87.14
40.11 87.98
41.44 87.39
41.88 86.47
42.10 85.49
42.31 84.59
42.33 83.40
42.12 82.12
41.63 80.49
41.04 79.23
40.09 78.59
-1.00 -1.00
5 0
0 
 3
51.86 80.61
51.46 81.37
50.77 82.77
50.44 83.58
50.25 84.59
50.19 86.41
50.46 87.85
50.92 89.33
51.54 90.44
52.75 90.23
53.25 89.50
53.66 88.60
53.91 87.31
54.02 86.30
54.10 85.11
53.98 83.94
53.83 82.87
53.60 81.93
53.19 81.01
52.58 80.32
-1.00 -1.00
5 0
0 
 3
65.79 82.25
64.89 83.10
64.27 84.65
64.19 85.65
64.19 86.66
64.29 87.75
64.31 89.04
64.64 90.46
65.06 91.34
65.79 91.91
66.87 92.01
67.66 90.74
67.74 89.84
67.91 88.06
67.89 86.09
67.76 85.24
67.55 84.38
67.20 83.29
66.58 82.66
-1.00 -1.00
5 0
0 
 3
23.56 86.41
24.31 85.82
24.91 85.11
25.49 84.02
25.70 83.15
25.89 82.00
25.95 80.68
25.99 79.53
25.95 78.36
25.70 77.08
25.55 75.87
25.41 74.65
25.12 73.25
24.45 71.98
23.66 71.25
22.68 71.48
21.94 72.40
21.48 73.71
21.42 75.35
21.52 76.93
21.50 78.02
21.44 79.28
21.44 80.61
21.54 81.97
21.75 83.17
22.10 84.19
22.48 85.03
23.14 85.80
-1.00 -1.00
5 0
0 
 3
32.73 71.58
33.18 70.83
33.75 69.68
34.31 68.40
34.79 67.29
34.91 66.44
35.03 65.29
35.12 64.14
35.12 62.78
35.16 61.65
35.08 60.79
34.93 59.18
34.83 58.22
34.45 56.96
33.97 55.94
33.45 54.85
32.56 54.02
31.29 54.33
30.71 55.23
30.44 56.52
30.21 58.03
30.19 58.97
30.19 59.89
30.21 60.94
30.23 62.38
30.21 63.26
30.27 64.62
30.31 65.50
30.44 66.46
30.63 67.78
30.92 68.86
31.48 70.24
32.00 71.08
32.89 71.66
33.91 71.69
34.85 71.73
35.91 71.69
36.82 71.48
37.38 70.72
37.68 69.82
-1.00 -1.00
5 0
0 
 3
39.11 71.02
40.02 70.26
40.57 69.32
40.98 68.11
41.21 66.65
41.23 65.37
41.11 63.97
40.98 62.40
41.00 61.15
41.09 60.00
41.00 59.12
40.73 57.70
40.54 56.67
40.32 55.71
40.02 54.83
39.32 54.12
38.34 53.89
37.45 54.39
37.13 55.40
36.93 56.61
36.72 58.11
36.51 59.54
36.39 61.25
36.37 62.59
36.53 64.32
36.64 65.31
36.97 66.79
37.26 68.13
37.47 68.99
38.13 70.18
38.80 71.10
39.67 71.31
40.73 71.23
41.83 71.16
43.00 70.87
43.64 70.16
-1.00 -1.00
5 0
0 
 3
44.72 72.23
45.76 72.00
46.47 71.16
46.87 70.41
47.18 69.55
47.32 68.47
47.49 67.34
47.70 66.06
47.84 65.14
47.84 64.09
47.80 63.09
47.76 61.61
47.74 60.69
47.66 59.62
47.49 58.66
47.24 57.44
46.99 56.50
46.72 55.69
46.37 54.75
45.87 53.97
45.01 53.43
44.02 53.78
43.50 54.73
43.10 56.13
42.85 57.07
42.60 58.22
42.42 59.10
42.42 60.69
42.33 62.02
42.44 63.40
42.52 64.30
42.64 65.14
42.83 66.37
43.08 67.98
43.23 68.99
43.46 70.24
43.83 71.35
44.77 72.35
45.62 72.44
46.51 72.48
47.74 72.56
48.65 72.48
49.42 71.69
49.88 70.85
-1.00 -1.00
5 0
0 
 3
51.88 73.04
53.04 73.09
54.50 73.34
55.37 73.34
56.18 72.67
56.74 71.58
-1.00 -1.00
5 0
0 
 3
49.01 61.54
49.09 62.40
49.17 63.49
49.26 64.93
49.36 65.83
49.53 66.98
49.80 68.53
49.98 69.80
50.21 70.66
50.57 71.69
51.13 72.52
51.94 72.86
52.69 72.31
53.17 70.81
53.54 69.43
53.83 68.44
54.14 67.17
54.37 66.14
54.29 65.06
54.23 64.22
54.08 62.88
53.81 61.40
53.81 60.46
53.71 59.60
53.64 58.64
53.54 57.70
53.17 56.80
52.92 55.92
52.48 54.98
51.92 54.06
51.27 53.47
50.48 53.76
49.78 54.50
49.40 55.56
49.30 57.09
49.11 58.39
48.99 59.26
48.94 60.18
48.90 61.13
-1.00 -1.00
5 0
0 
 3
58.57 73.80
59.40 73.23
59.86 72.46
60.21 71.54
60.53 70.08
60.80 68.78
60.86 67.34
60.92 65.73
60.96 64.18
60.80 62.65
60.42 60.85
60.05 59.37
59.86 58.45
59.47 57.13
58.97 56.25
58.28 55.31
57.20 55.65
56.55 56.86
56.31 57.76
56.16 58.64
55.89 60.35
55.85 61.23
55.74 62.15
55.76 64.16
55.85 65.24
55.85 66.27
56.16 68.15
56.41 69.24
56.64 70.60
56.80 71.50
57.20 72.54
57.70 73.40
58.45 73.88
59.20 73.50
59.67 74.22
60.92 74.40
62.27 74.34
63.19 73.67
63.52 72.81
63.79 71.92
-1.00 -1.00
5 0
0 
 3
65.91 75.01
67.16 75.30
68.39 75.28
69.49 75.16
70.38 74.51
-1.00 -1.00
5 0
0 
 3
63.48 58.78
63.12 60.06
63.10 61.29
62.96 62.80
62.94 63.80
62.85 65.06
62.88 65.96
63.02 67.31
63.00 68.57
63.19 69.78
63.46 70.74
63.87 72.00
64.12 72.88
64.75 74.13
65.47 74.78
66.49 74.65
67.10 73.92
67.68 72.69
67.93 71.37
68.09 70.20
68.30 68.97
-1.00 -1.00
5 0
0 
 3
137.89 106.15
124.00 107.01
-1.00 -1.00
5 0
0 
 3
97.31 105.88
102.36 107.17
-1.00 -1.00
5 0
0 
 3
101.86 131.30
69.72 131.56
-1.00 -1.00
5 0
0 
 3
91.05 126.29
97.58 127.58
-1.00 -1.00
5 0
0 
 3
62.00 127.06
62.42 127.81
62.85 128.59
63.54 129.40
64.64 129.97
65.68 130.43
66.66 130.74
68.61 131.30
69.70 131.56
70.96 131.58
72.09 131.33
72.96 131.05
74.37 130.47
75.33 130.11
76.16 129.90
-1.00 -1.00
5 0
0 
 3
123.57 121.18
122.40 122.35
120.76 123.42
119.31 123.73
117.39 124.09
116.23 124.22
114.38 124.53
113.48 124.51
111.70 124.51
110.70 124.51
109.10 124.28
107.72 124.03
105.31 123.67
104.21 123.25
102.94 122.67
101.90 121.52
101.20 120.31
100.86 119.01
100.84 117.08
101.36 115.16
102.13 113.43
102.84 112.36
103.71 111.42
104.98 110.54
107.31 109.58
110.12 108.89
112.03 108.78
114.44 108.82
116.25 108.93
118.12 108.99
120.89 109.33
122.99 109.56
123.92 109.85
125.07 110.69
125.73 111.36
126.27 112.02
126.87 113.09
-1.00 -1.00
5 0
0 
 3
119.64 118.88
118.97 118.11
118.64 117.31
118.43 116.29
118.45 115.33
118.70 114.49
119.24 113.70
120.01 113.15
121.05 113.09
122.01 113.17
123.15 113.43
124.03 113.57
-1.00 -1.00
5 0
0 
 3
128.95 114.03
128.58 113.13
128.27 111.79
127.98 110.73
127.64 109.89
126.87 108.70
126.02 107.97
125.09 107.49
124.09 107.34
122.86 107.13
121.34 106.98
119.68 106.84
118.72 106.88
117.50 106.92
116.25 107.05
114.00 107.15
112.96 107.26
110.93 107.38
109.53 107.49
107.66 107.51
106.48 107.47
105.56 107.38
104.38 107.26
103.50 107.07
102.59 107.19
-1.00 -1.00
5 0
0 
 3
102.40 107.99
101.55 108.78
100.51 109.79
99.95 110.50
99.32 111.40
98.70 112.57
98.22 113.45
97.81 114.39
97.47 115.58
97.41 116.44
97.33 117.92
97.35 119.34
97.35 120.45
97.41 121.77
97.37 122.84
97.18 124.28
97.04 125.43
97.16 126.29
97.37 127.19
97.83 128.13
98.62 128.86
99.30 129.46
100.03 130.01
101.11 130.78
102.26 131.53
103.00 131.97
104.34 132.14
105.67 132.18
106.75 132.18
108.72 132.04
110.61 131.81
112.22 131.70
113.96 131.64
115.40 131.58
117.29 131.51
118.64 131.51
119.68 131.45
120.62 131.39
121.82 131.26
122.92 130.91
123.98 130.30
124.65 129.69
125.42 128.54
126.10 127.31
126.52 126.41
126.83 125.45
127.14 124.47
127.35 123.61
127.44 122.67
-1.00 -1.00
5 0
0 
 3
139.35 103.05
139.33 99.94
-1.00 -1.00
5 0
0 
 3
70.19 102.82
140.62 103.03
-1.00 -1.00
5 0
0 
 3
78.66 107.67
96.33 105.98
-1.00 -1.00
5 0
0 
 3
140.64 102.89
140.64 106.19
133.78 115.12
-1.00 -1.00
5 0
0 
 3
56.91 109.26
62.02 126.83
-1.00 -1.00
5 0
0 
 3
130.80 114.41
131.22 113.59
132.26 112.82
133.36 111.94
134.05 111.46
135.29 110.52
136.31 109.64
137.29 108.51
137.91 107.78
138.75 107.17
139.52 106.75
-1.00 -1.00
5 0
0 
 3
56.41 108.51
56.35 107.38
56.37 106.29
56.66 105.33
57.45 104.66
58.38 104.41
59.40 104.37
60.38 104.41
62.13 104.64
63.35 104.81
64.83 104.94
66.35 105.14
67.41 105.29
69.34 105.63
71.38 105.86
73.67 106.27
75.91 106.67
77.74 107.21
78.91 107.51
80.32 107.78
82.61 108.30
84.94 108.76
86.58 109.22
88.12 109.64
89.55 110.08
91.22 110.60
92.61 111.10
93.79 111.56
95.23 112.23
96.16 112.65
97.00 113.26
97.66 114.16
97.93 115.16
97.87 116.21
97.64 117.27
97.20 118.40
96.81 119.18
96.33 119.97
95.83 120.79
95.27 121.62
94.67 122.44
94.00 123.44
93.23 124.34
92.61 124.97
91.53 125.87
90.43 126.54
89.45 127.00
87.93 127.71
86.43 128.27
84.98 128.63
82.73 129.07
81.55 129.30
80.49 129.59
78.78 129.97
77.39 130.15
76.10 130.28
75.04 130.57
73.92 130.97
-1.00 -1.00
5 0
0 
 3
125.52 122.04
124.61 121.69
123.86 120.85
123.46 120.01
122.96 118.84
122.92 117.78
123.15 116.73
123.51 115.77
124.13 114.93
124.92 114.51
125.73 114.24
126.67 114.09
-1.00 -1.00
5 0
0 
 3
135.27 116.48
134.65 115.56
133.47 115.24
132.45 115.12
131.53 115.24
130.70 115.45
129.58 116.00
128.93 116.67
128.48 117.82
128.25 118.72
128.20 119.55
128.45 120.37
128.93 121.35
129.41 122.12
130.24 122.73
131.07 123.11
132.18 123.32
133.13 123.13
133.94 122.56
134.46 121.71
-1.00 -1.00
5 0
0 
 3
132.61 121.12
131.59 120.33
131.32 119.45
131.28 118.47
131.51 117.57
132.16 116.85
132.95 116.31
133.82 116.19
-1.00 -1.00
5 0
0 
 3
156.77 120.56
155.78 120.51
154.90 120.68
154.34 121.46
153.76 122.44
153.51 123.38
153.61 124.26
154.26 125.01
154.96 125.51
155.90 125.60
156.79 125.43
157.69 124.97
158.40 124.24
158.54 123.36
158.46 122.12
158.00 121.20
157.27 120.66
156.38 120.49
-1.00 -1.00
5 0
0 
 3
123.07 119.80
120.28 119.39
-1.00 -1.00
5 0
0 
 3
133.15 115.33
125.11 114.01
-1.00 -1.00
5 0
0 
 3
131.74 123.30
125.79 122.25
-1.00 -1.00
5 0
0 
 3
156.40 120.81
133.26 116.33
-1.00 -1.00
5 0
0 
 3
155.82 125.78
132.36 121.25
-1.00 -1.00
5 0
0 
 3
45.91 101.90
49.88 101.63
-1.00 -1.00
5 0
0 
 3
38.19 93.25
38.22 100.27
45.83 102.03
45.89 100.86
-1.00 -1.00
5 0
0 
 3
31.17 97.68
37.97 97.62
-1.00 -1.00
5 0
0 
 3
25.70 90.74
25.84 96.24
31.10 97.53
30.88 91.55
-1.00 -1.00
5 0
0 
 3
41.54 93.54
23.72 89.94
22.21 88.58
21.44 87.18
21.15 90.63
25.62 91.57
-1.00 -1.00
5 0
0 
 3
148.35 103.60
140.85 101.94
-1.00 -1.00
5 0
0 
 3
162.35 99.44
161.91 103.81
148.64 103.76
148.87 99.85
-1.00 -1.00
5 0
0 
 3
70.59 99.18
69.90 103.16
56.89 103.12
56.93 96.49
42.00 93.75
41.79 99.69
56.87 102.86
-1.00 -1.00
5 0
0 
 3
74.64 94.10
71.77 97.87
-1.00 -1.00
5 0
0 
 3
74.79 94.23
72.81 92.43
-1.00 -1.00
5 0
0 
 3
75.75 88.31
73.54 87.22
72.71 92.58
70.80 96.15
69.53 97.28
57.18 96.42
-1.00 -1.00
5 0
0 
 3
96.02 94.63
93.04 98.03
91.44 99.04
87.68 99.31
70.15 99.18
57.68 97.89
-1.00 -1.00
5 0
0 
 3
161.83 86.93
163.59 86.47
-1.00 -1.00
5 0
0 
 3
163.34 95.06
158.02 99.67
-1.00 -1.00
5 0
0 
 3
176.73 94.54
173.59 99.12
151.24 99.73
-1.00 -1.00
5 0
0 
 3
163.57 86.89
164.67 89.31
178.63 88.94
176.48 94.96
162.97 95.09
164.55 89.54
-1.00 -1.00
5 0
0 
 3
97.91 88.81
75.97 88.41
74.87 94.42
96.16 94.67
97.89 89.00
98.16 86.34
162.12 87.03
150.95 99.79
70.92 100.02
-1.00 -1.00
5 0
0 
 -1
