gremlinfile
0 64.00 36.00
3
125.25 116.93
125.58 117.10
125.92 117.22
126.29 117.32
126.59 117.44
126.96 117.69
127.24 117.85
-1.00 -1.00
5 0
0 
 3
122.70 123.70
123.04 123.73
123.34 123.84
123.74 123.95
-1.00 -1.00
5 0
0 
 3
99.05 124.10
99.32 123.92
99.58 123.57
-1.00 -1.00
5 0
0 
 3
99.13 119.82
99.07 119.49
98.99 119.13
98.86 118.74
98.73 118.40
-1.00 -1.00
5 0
0 
 3
98.73 117.71
98.79 118.16
98.96 119.10
-1.00 -1.00
5 0
0 
 3
103.47 60.20
103.68 60.54
-1.00 -1.00
5 0
0 
 3
100.68 85.67
100.50 86.17
100.34 86.48
100.25 86.86
100.22 87.33
100.12 87.80
100.05 88.28
100.00 88.80
99.89 89.34
99.81 89.92
99.86 90.39
99.88 90.74
99.95 91.24
100.19 92.02
100.25 92.36
100.34 92.74
100.39 93.13
-1.00 -1.00
5 0
0 
 3
116.43 62.25
116.45 65.70
-1.00 -1.00
5 0
0 
 3
111.04 105.00
112.38 106.68
-1.00 -1.00
5 0
0 
 3
116.76 98.29
114.57 93.07
-1.00 -1.00
5 0
0 
 3
115.63 93.42
114.97 96.61
-1.00 -1.00
5 0
0 
 3
114.85 92.49
114.46 96.00
-1.00 -1.00
5 0
0 
 3
106.89 56.96
106.97 57.34
107.11 58.37
107.12 58.85
107.23 59.24
107.34 59.59
107.45 60.01
107.57 60.46
107.98 60.59
108.21 60.32
108.30 59.74
108.40 59.27
108.54 58.95
108.64 58.65
-1.00 -1.00
5 0
0 
 3
76.83 145.46
74.98 144.54
-1.00 -1.00
5 0
0 
 3
70.02 144.24
68.67 143.06
-1.00 -1.00
5 0
0 
 3
67.71 147.78
85.06 150.42
-1.00 -1.00
5 0
0 
 3
82.66 128.64
84.75 129.53
-1.00 -1.00
5 0
0 
 3
73.68 132.70
75.68 131.08
-1.00 -1.00
5 0
0 
 3
67.09 133.24
84.55 136.24
-1.00 -1.00
5 0
0 
 3
96.72 150.72
98.04 148.59
-1.00 -1.00
5 0
0 
 3
131.23 80.70
132.68 80.87
-1.00 -1.00
5 0
0 
 3
97.09 97.99
99.21 98.37
-1.00 -1.00
5 0
0 
 3
116.39 70.83
114.88 76.54
-1.00 -1.00
5 0
0 
 3
106.00 60.12
106.14 65.08
-1.00 -1.00
5 0
0 
 3
126.24 47.59
126.00 49.22
-1.00 -1.00
5 0
0 
 3
123.38 48.28
124.35 49.14
-1.00 -1.00
5 0
0 
 3
142.88 48.24
146.19 46.77
-1.00 -1.00
5 0
0 
 3
142.01 47.41
146.81 46.31
143.63 48.39
-1.00 -1.00
5 0
0 
 3
134.48 53.57
133.15 52.32
-1.00 -1.00
5 0
0 
 3
133.40 79.73
134.53 78.44
135.29 75.36
-1.00 -1.00
5 0
0 
 3
90.94 133.27
89.19 134.75
-1.00 -1.00
5 0
0 
 3
91.82 131.78
91.82 129.15
-1.00 -1.00
5 0
0 
 3
90.59 128.81
88.46 128.76
-1.00 -1.00
5 0
0 
 3
78.22 129.26
79.96 129.67
-1.00 -1.00
5 0
0 
 3
71.56 131.59
73.77 132.44
-1.00 -1.00
5 0
0 
 3
69.95 145.28
68.80 145.32
-1.00 -1.00
5 0
0 
 3
74.74 146.57
76.57 146.07
-1.00 -1.00
5 0
0 
 3
66.57 145.21
67.54 147.65
-1.00 -1.00
5 0
0 
 3
99.61 130.98
99.92 130.59
113.82 131.86
-1.00 -1.00
5 0
0 
 3
81.83 131.17
83.68 131.39
-1.00 -1.00
5 0
0 
 3
83.77 129.67
82.18 129.73
-1.00 -1.00
5 0
0 
 3
89.38 147.07
89.88 147.01
90.49 146.92
91.03 146.82
91.31 146.65
91.34 146.26
91.67 146.12
91.99 146.56
92.06 146.93
91.39 147.04
91.00 146.68
-1.00 -1.00
5 0
0 
 3
90.95 145.96
90.61 145.76
-1.00 -1.00
5 0
0 
 3
89.57 146.35
89.24 146.28
88.95 146.15
-1.00 -1.00
5 0
0 
 3
88.60 146.03
88.00 146.00
87.66 145.62
88.01 145.39
88.50 145.37
89.10 145.40
89.61 145.43
89.89 145.64
-1.00 -1.00
5 0
0 
 3
94.96 145.03
95.09 144.71
95.57 144.48
95.74 144.81
-1.00 -1.00
5 0
0 
 3
94.47 139.13
94.06 138.63
94.40 138.58
94.73 138.72
94.37 139.01
-1.00 -1.00
5 0
0 
 3
91.95 139.65
91.71 139.35
91.50 138.82
90.86 138.94
91.08 139.29
91.64 139.62
-1.00 -1.00
5 0
0 
 3
91.90 138.58
92.29 139.10
92.60 139.72
92.85 140.24
93.08 140.80
93.30 141.29
93.52 141.80
93.63 142.20
93.73 142.51
94.47 142.63
94.96 142.51
95.30 142.41
95.13 141.66
94.87 140.66
94.59 139.83
94.19 139.16
93.84 138.68
93.64 138.41
92.89 138.33
92.46 138.41
91.99 138.49
-1.00 -1.00
5 0
0 
 3
102.57 143.67
104.90 143.24
-1.00 -1.00
5 0
0 
 3
109.56 133.88
97.93 139.63
96.21 136.71
109.50 133.89
-1.00 -1.00
5 0
0 
 3
73.43 149.22
82.84 150.76
-1.00 -1.00
5 0
0 
 3
88.76 153.70
91.42 153.52
-1.00 -1.00
5 0
0 
 3
87.02 154.38
88.59 152.95
-1.00 -1.00
5 0
0 
 3
80.11 152.16
83.52 152.86
83.54 152.36
79.91 151.53
80.15 152.16
-1.00 -1.00
5 0
0 
 3
72.93 150.12
87.95 152.55
-1.00 -1.00
5 0
0 
 3
140.69 45.05
141.70 45.86
-1.00 -1.00
5 0
0 
 3
130.74 62.15
131.25 60.87
-1.00 -1.00
5 0
0 
 3
130.36 59.57
131.25 59.84
-1.00 -1.00
5 0
0 
 3
102.66 64.89
106.36 65.61
-1.00 -1.00
5 0
0 
 3
101.63 83.50
101.45 85.42
-1.00 -1.00
5 0
0 
 3
102.97 80.52
102.80 83.93
-1.00 -1.00
5 0
0 
 3
112.69 104.09
115.84 110.12
113.90 110.80
-1.00 -1.00
5 0
0 
 3
131.34 80.21
129.84 87.75
-1.00 -1.00
5 0
0 
 3
135.59 77.23
134.87 82.51
-1.00 -1.00
5 0
0 
 3
121.92 127.03
124.04 127.03
-1.00 -1.00
5 0
0 
 3
121.14 138.83
121.44 135.53
-1.00 -1.00
5 0
0 
 3
119.28 151.92
112.45 151.97
-1.00 -1.00
5 0
0 
 3
98.99 156.19
98.15 157.11
-1.00 -1.00
5 0
0 
 3
101.59 156.28
102.86 157.19
-1.00 -1.00
5 0
0 
 3
101.51 155.49
102.92 154.44
-1.00 -1.00
5 0
0 
 3
98.21 154.38
103.06 154.41
103.03 157.11
97.81 157.32
97.71 154.94
98.79 155.31
101.77 155.36
101.69 156.14
99.22 156.08
98.90 155.42
-1.00 -1.00
5 0
0 
 3
106.83 156.99
109.90 156.97
-1.00 -1.00
5 0
0 
 3
98.06 156.16
97.92 154.47
-1.00 -1.00
5 0
0 
 3
113.85 154.16
100.95 153.88
-1.00 -1.00
5 0
0 
 3
62.06 141.71
62.10 141.23
61.88 140.96
61.29 141.02
60.90 141.10
60.39 141.19
60.07 141.24
60.03 141.76
60.39 141.96
60.95 141.80
61.26 141.73
61.77 141.63
62.08 141.41
-1.00 -1.00
5 0
0 
 3
64.58 141.10
64.16 141.13
63.67 141.18
63.20 141.27
62.69 141.35
62.34 141.38
61.99 141.44
61.94 141.10
62.72 140.93
63.25 140.77
63.71 140.66
64.24 140.55
64.55 140.51
-1.00 -1.00
5 0
0 
 3
66.40 140.91
65.92 140.99
65.28 141.19
64.82 141.26
64.58 140.96
64.54 140.52
64.99 140.21
65.31 140.10
65.67 140.02
66.11 140.01
-1.00 -1.00
5 0
0 
 3
67.83 133.85
68.39 133.97
69.01 134.16
-1.00 -1.00
5 0
0 
 3
68.42 146.18
67.72 145.35
67.51 144.79
67.30 141.77
67.29 140.52
67.41 137.41
67.41 135.63
67.46 134.91
-1.00 -1.00
5 0
0 
 3
66.53 145.39
66.51 145.07
66.51 144.12
66.48 143.06
66.54 141.85
66.57 141.05
66.54 140.04
66.48 139.01
66.45 138.10
66.48 136.97
66.50 135.74
66.54 134.58
66.96 134.47
67.52 134.53
68.45 134.77
69.64 135.08
71.00 135.33
73.69 135.67
79.15 136.43
80.44 136.66
81.65 136.94
82.42 137.13
82.96 137.30
83.26 137.46
83.52 137.90
83.66 139.01
83.55 140.35
83.49 141.71
83.49 142.68
83.46 143.54
83.36 144.21
83.27 144.63
-1.00 -1.00
5 0
0 
 3
70.58 136.74
71.10 136.83
71.91 136.99
-1.00 -1.00
5 0
0 
 3
71.74 139.40
71.07 139.32
70.76 139.15
70.41 138.30
70.09 137.30
69.98 136.83
70.27 136.63
70.62 136.63
70.91 136.85
70.93 137.57
70.99 138.10
70.96 139.24
-1.00 -1.00
5 0
0 
 3
78.31 140.52
78.72 140.62
79.21 140.37
79.80 139.35
80.01 138.80
79.99 138.47
79.20 138.16
78.72 138.05
78.36 138.02
78.06 139.65
78.06 140.19
78.08 140.57
78.45 140.65
78.81 140.55
79.03 139.85
79.32 138.65
79.38 138.32
-1.00 -1.00
5 0
0 
 3
77.57 142.79
77.58 142.21
77.55 141.52
77.61 140.94
77.69 140.12
77.78 139.33
77.78 138.76
77.81 138.27
77.49 137.93
76.83 137.77
75.36 137.55
74.38 137.38
73.31 137.18
72.75 137.08
72.33 137.00
72.01 136.96
71.80 137.90
71.78 138.90
71.83 139.66
71.83 141.04
71.84 141.52
72.22 141.80
72.76 141.96
73.49 142.10
73.94 142.18
74.10 141.49
74.83 141.54
75.51 141.68
75.65 142.02
75.68 142.46
76.20 142.60
76.77 142.65
77.69 142.77
-1.00 -1.00
5 0
0 
 3
78.67 142.85
78.64 142.10
79.48 142.09
80.30 142.20
80.91 142.32
81.27 142.37
81.58 143.42
80.92 143.38
80.04 143.27
79.23 143.09
78.86 142.98
-1.00 -1.00
5 0
0 
 3
69.61 141.40
69.54 140.71
70.01 140.49
70.60 140.62
71.21 140.76
71.63 140.83
71.64 141.27
71.61 141.76
71.07 141.65
69.53 141.44
-1.00 -1.00
5 0
0 
 3
69.36 141.65
69.37 141.21
69.39 140.62
69.45 139.82
69.56 137.97
69.56 137.19
69.59 136.71
70.27 136.53
71.38 136.69
72.99 137.07
74.25 137.32
76.04 137.65
78.42 138.05
81.81 138.57
82.07 139.80
82.07 140.62
82.00 141.37
81.89 142.13
81.81 143.56
81.27 143.49
80.53 143.45
79.31 143.35
77.30 142.93
76.23 142.77
74.83 142.63
73.74 142.45
72.76 142.26
71.60 142.05
70.57 141.84
69.71 141.66
69.25 141.63
69.11 141.21
69.09 140.69
69.15 139.97
69.14 139.22
69.15 138.08
69.22 137.27
69.28 136.69
-1.00 -1.00
5 0
0 
 3
86.44 140.98
86.09 140.96
85.76 141.02
85.65 140.33
85.63 139.15
85.67 138.63
86.18 138.43
87.90 138.05
88.50 137.91
89.12 137.74
89.18 138.16
88.36 139.05
87.44 139.90
86.97 140.38
86.64 140.82
-1.00 -1.00
5 0
0 
 3
95.41 150.97
96.11 150.94
96.80 150.92
97.98 150.90
99.64 150.86
100.96 150.95
101.93 150.89
103.31 150.86
104.43 150.78
105.61 150.84
106.73 150.86
107.82 150.86
108.22 150.83
105.85 150.09
104.17 149.75
102.41 149.48
100.73 149.09
99.25 148.78
98.24 148.58
97.85 148.53
-1.00 -1.00
5 0
0 
 3
98.20 147.34
98.63 147.29
99.33 147.18
100.26 146.96
101.41 146.81
102.66 146.71
104.20 146.48
105.43 146.26
107.94 145.84
109.51 145.64
110.39 145.46
111.04 145.35
111.16 147.87
111.12 148.90
111.09 150.30
111.02 150.69
110.26 150.36
107.28 149.67
104.17 149.11
101.10 148.70
99.88 148.43
99.07 148.22
98.40 148.00
-1.00 -1.00
5 0
0 
 3
98.97 148.70
99.02 148.37
100.89 148.03
104.34 148.06
106.50 148.15
108.88 148.14
109.84 148.15
-1.00 -1.00
5 0
0 
 3
99.44 146.26
100.36 146.06
101.12 145.92
103.02 145.59
103.16 144.71
102.41 144.20
100.90 144.01
99.74 143.85
99.38 143.77
99.32 144.70
99.47 145.62
99.58 146.40
100.58 146.92
101.77 146.79
103.00 146.57
103.95 146.50
105.25 146.40
106.72 146.37
108.16 146.35
109.83 146.31
111.75 146.35
115.80 146.51
116.25 146.18
116.29 145.59
116.11 144.43
115.80 143.38
115.33 142.70
114.58 141.91
114.18 141.77
113.18 141.54
111.57 141.65
110.06 141.80
108.40 142.09
106.81 142.27
103.61 142.57
102.55 142.65
101.52 142.77
100.37 142.99
99.64 143.27
99.02 143.42
99.70 143.95
100.79 144.09
101.88 144.28
102.58 144.46
103.11 144.34
104.18 144.18
105.77 143.98
107.15 143.87
112.13 143.81
113.56 143.84
114.75 143.92
115.58 143.92
-1.00 -1.00
5 0
0 
 3
98.68 141.66
98.52 141.21
98.45 140.90
98.79 140.62
99.56 140.41
100.14 140.18
101.68 139.46
103.36 138.51
104.14 138.29
105.29 137.85
106.17 137.38
107.40 136.69
108.43 136.24
109.86 135.35
110.87 134.83
111.94 134.27
113.14 133.74
113.76 133.55
113.98 134.49
113.85 136.25
113.65 137.44
113.56 138.60
113.53 139.16
112.38 139.55
111.13 139.74
109.44 139.91
105.97 140.46
102.92 141.07
101.20 141.32
100.14 141.46
99.35 141.59
99.00 141.66
-1.00 -1.00
5 0
0 
 3
98.31 139.16
97.48 137.93
97.34 137.65
97.11 137.22
98.13 137.04
99.19 136.86
99.83 136.79
99.56 137.19
98.90 137.93
98.45 138.57
98.20 138.88
-1.00 -1.00
5 0
0 
 3
97.57 151.09
97.81 150.87
98.07 150.61
98.52 150.11
98.76 149.73
99.39 150.20
100.14 150.70
100.89 151.19
101.31 151.41
100.70 151.36
99.33 151.22
98.88 151.20
98.46 151.11
97.34 151.16
-1.00 -1.00
5 0
0 
 3
74.27 133.09
74.86 133.20
75.76 133.33
77.10 133.50
78.65 133.66
80.71 133.89
82.00 134.00
83.77 134.17
86.21 134.61
89.16 135.17
89.61 135.13
90.33 134.96
90.94 134.55
91.70 133.58
92.24 132.53
92.86 131.39
93.07 130.89
93.19 130.39
93.08 130.03
-1.00 -1.00
5 0
0 
 3
85.53 134.27
86.09 134.39
86.68 134.42
87.42 134.52
87.95 134.56
-1.00 -1.00
5 0
0 
 3
90.80 133.52
91.00 133.20
91.37 132.67
91.65 132.20
91.87 131.73
-1.00 -1.00
5 0
0 
 3
85.99 132.06
86.69 132.25
87.48 132.25
88.20 132.34
88.53 132.34
88.95 131.92
88.71 131.64
88.17 131.42
87.27 131.39
86.85 132.23
87.33 131.70
87.30 132.17
87.61 131.84
87.78 131.45
87.70 132.31
88.06 131.75
88.17 131.44
88.11 132.14
88.43 131.53
88.42 132.38
88.95 131.77
88.87 132.23
-1.00 -1.00
5 0
0 
 3
76.40 132.94
78.13 133.14
79.71 133.25
81.56 133.27
84.22 133.39
86.47 133.61
87.80 133.70
88.45 133.83
88.88 133.47
89.54 132.31
89.91 131.70
90.08 131.03
89.93 130.75
89.33 130.33
88.93 130.28
-1.00 -1.00
5 0
0 
 3
77.30 131.56
77.35 131.91
77.35 132.27
78.90 132.41
79.68 132.42
80.22 132.42
80.58 132.14
81.64 131.55
82.18 131.06
81.44 131.28
80.11 132.34
79.57 132.38
78.11 132.36
77.57 132.27
78.22 132.61
78.98 132.78
79.29 132.88
79.90 133.02
80.61 133.14
81.45 133.27
82.45 133.22
83.01 132.84
83.94 132.19
-1.00 -1.00
5 0
0 
 3
75.17 146.98
75.12 146.64
75.06 146.07
75.06 145.65
75.03 144.76
-1.00 -1.00
5 0
0 
 3
74.75 146.59
74.67 146.25
74.64 145.68
74.63 145.21
74.60 144.81
-1.00 -1.00
5 0
0 
 3
83.35 148.56
82.68 148.34
80.50 148.01
78.86 147.62
77.49 147.39
76.23 147.20
74.88 147.09
72.20 146.71
70.88 146.42
70.07 146.18
69.20 145.96
68.70 145.87
-1.00 -1.00
5 0
0 
 3
69.56 146.93
69.22 146.51
68.95 146.20
68.66 145.87
68.61 145.45
68.58 144.60
68.52 143.85
68.50 143.49
68.41 142.82
68.41 142.46
68.80 142.48
70.91 142.85
72.22 143.12
73.88 143.40
76.63 143.88
77.80 144.13
79.99 144.45
80.83 144.59
81.51 144.71
82.15 144.82
82.94 144.90
83.55 144.99
83.92 145.32
83.97 146.20
83.92 146.78
83.86 147.37
-1.00 -1.00
5 0
0 
 3
68.86 145.32
68.81 144.90
68.78 144.23
68.80 143.67
69.45 143.59
70.21 143.67
70.96 143.87
71.70 144.13
72.87 144.42
74.00 144.60
75.33 144.71
77.07 144.92
78.00 145.06
78.89 145.14
79.80 145.28
80.63 145.45
81.45 145.60
82.25 145.85
82.94 146.03
83.24 146.14
83.32 146.75
83.27 147.40
83.16 147.84
82.73 147.78
82.20 147.68
81.34 147.61
80.35 147.46
78.93 147.23
76.23 146.76
75.03 146.62
74.19 146.54
73.01 146.42
71.88 146.20
70.90 145.96
70.09 145.82
69.23 145.68
68.87 145.60
-1.00 -1.00
5 0
0 
 3
76.59 146.07
76.55 145.73
76.55 145.29
77.50 145.23
78.72 145.40
79.91 145.56
81.33 145.76
82.23 145.92
82.90 146.09
83.18 146.26
83.26 146.71
83.22 147.20
82.85 147.11
82.01 146.87
80.91 146.65
79.79 146.42
78.28 146.21
77.18 146.09
76.76 146.06
-1.00 -1.00
5 0
0 
 3
69.96 144.99
69.90 144.54
69.89 144.21
70.88 144.20
72.22 144.40
73.31 144.60
74.05 144.76
74.38 144.81
74.58 145.57
74.00 145.67
73.21 145.64
72.08 145.48
70.97 145.29
70.20 145.18
69.84 145.14
-1.00 -1.00
5 0
0 
 3
69.75 147.61
70.71 147.79
71.61 147.92
75.87 148.43
77.24 148.58
78.72 148.81
80.04 149.09
81.03 149.28
81.92 149.37
82.80 149.51
83.60 149.69
84.34 149.86
84.95 150.08
85.29 150.31
84.90 150.22
84.08 150.14
82.88 149.90
81.47 149.47
80.05 149.09
78.56 148.84
77.02 148.62
75.90 148.54
72.62 148.34
70.83 148.09
69.73 147.89
69.39 147.81
-1.00 -1.00
5 0
0 
 3
67.68 134.60
67.94 134.89
-1.00 -1.00
5 0
0 
 3
67.10 133.35
67.15 133.83
67.16 134.53
-1.00 -1.00
5 0
0 
 3
67.46 133.44
67.80 133.42
68.14 133.28
68.97 133.02
70.07 132.84
71.75 132.80
73.18 132.83
74.50 132.92
75.02 132.92
75.53 132.86
75.96 132.63
76.59 132.25
76.97 132.25
77.07 132.72
76.65 132.97
75.73 133.74
75.05 133.58
74.02 133.63
72.31 133.64
70.86 133.44
69.78 133.39
69.20 133.45
-1.00 -1.00
5 0
0 
 3
83.86 147.79
83.83 147.42
83.96 145.39
83.99 144.28
84.34 140.65
84.70 137.61
84.76 136.80
85.03 136.33
85.46 136.05
85.82 135.83
-1.00 -1.00
5 0
0 
 3
94.08 153.17
93.45 153.09
92.80 153.03
91.39 152.92
90.03 152.91
89.26 152.81
88.20 152.56
87.53 152.11
86.26 151.22
85.45 150.62
84.92 150.33
84.38 149.92
84.05 149.58
83.78 149.03
-1.00 -1.00
5 0
0 
 3
85.67 147.48
86.15 147.39
86.86 147.17
87.90 146.87
88.28 146.78
88.62 146.76
88.40 147.15
87.69 147.48
87.00 147.67
86.44 147.81
85.76 147.97
85.37 148.01
-1.00 -1.00
5 0
0 
 3
85.84 148.17
85.74 147.72
85.32 147.61
84.64 147.81
84.17 147.98
83.82 148.07
83.43 148.25
83.46 148.65
83.91 148.84
84.58 148.67
85.04 148.48
85.39 148.37
85.71 148.28
85.96 147.98
86.50 147.72
87.06 147.59
87.66 147.51
88.34 147.39
88.76 147.34
89.18 147.32
89.51 147.28
90.31 147.28
91.00 147.15
91.90 147.06
92.41 146.89
92.66 146.51
92.46 146.17
92.09 145.98
91.71 145.95
91.15 146.03
90.30 146.21
89.83 146.32
88.60 146.73
87.31 147.11
86.71 147.32
86.12 147.51
-1.00 -1.00
5 0
0 
 3
87.19 144.24
88.18 144.54
89.32 144.81
90.11 144.98
91.04 145.15
92.06 145.32
92.89 145.35
93.50 145.35
94.00 145.32
94.37 145.28
-1.00 -1.00
5 0
0 
 3
87.80 147.86
88.32 148.00
89.29 148.22
90.17 148.34
91.31 148.39
92.09 148.43
93.05 148.53
93.70 148.56
94.40 148.56
94.96 148.53
-1.00 -1.00
5 0
0 
 3
94.88 147.95
95.02 148.23
95.35 148.70
95.80 149.03
96.16 149.01
96.77 148.75
97.43 148.32
97.98 147.79
98.23 147.21
-1.00 -1.00
5 0
0 
 3
94.37 145.56
94.47 145.24
94.68 144.73
94.92 144.28
95.55 143.65
96.19 143.63
97.06 144.26
97.61 144.78
97.93 145.21
97.01 145.71
96.66 145.78
96.25 145.70
94.92 145.93
94.53 145.90
94.22 145.76
93.70 145.70
93.97 146.14
94.62 146.28
95.65 146.34
96.50 146.26
98.10 146.06
98.40 145.84
98.80 145.59
98.71 146.12
98.38 146.39
97.33 146.75
96.84 146.68
95.52 146.82
94.84 146.81
94.51 146.73
94.00 146.59
93.61 146.53
93.83 146.82
94.64 147.00
95.62 147.06
96.39 147.09
97.48 146.98
98.35 146.79
98.74 146.71
98.55 147.09
97.76 147.46
97.22 147.51
95.94 147.78
95.09 147.65
94.59 147.56
93.89 147.40
93.56 147.31
93.49 146.92
93.42 146.40
-1.00 -1.00
5 0
0 
 3
82.45 131.27
82.20 131.48
81.72 131.64
81.20 131.64
80.75 131.58
80.05 131.52
79.24 131.47
78.48 131.39
77.77 131.23
77.02 131.08
75.95 130.98
75.54 130.92
75.14 130.83
74.75 131.05
74.38 131.17
73.86 131.08
73.09 130.92
72.33 130.75
71.88 130.61
72.12 130.33
72.19 129.83
72.08 129.45
71.67 130.00
71.58 130.58
72.05 130.08
71.38 130.26
71.36 129.72
71.94 129.83
72.08 129.50
72.50 129.37
74.11 129.72
74.42 129.76
75.00 130.75
74.53 131.30
75.05 130.26
75.70 130.25
76.32 130.34
77.30 130.39
78.39 130.58
80.89 130.55
81.39 130.47
81.76 129.98
82.07 129.78
82.59 129.95
82.74 130.41
82.49 131.06
82.07 131.45
81.64 131.56
81.25 131.50
-1.00 -1.00
5 0
0 
 3
82.00 128.23
80.27 128.87
80.94 126.68
83.05 126.40
83.77 126.32
84.34 126.42
84.06 126.97
83.02 127.45
81.73 127.72
80.71 127.89
80.94 127.15
82.49 127.01
80.55 128.42
81.17 128.51
81.11 128.01
81.51 128.01
81.70 128.50
81.83 127.43
82.40 128.01
82.82 128.64
83.26 129.20
82.82 128.89
81.27 128.87
80.64 129.70
80.38 130.16
80.46 129.58
80.63 128.84
79.90 130.01
79.85 130.42
80.36 129.36
80.60 128.78
79.46 130.14
80.15 128.90
-1.00 -1.00
5 0
0 
 3
78.06 131.48
77.66 132.30
77.25 132.72
76.73 133.08
76.03 133.33
75.28 133.36
74.61 133.30
73.85 133.03
73.59 132.75
73.43 132.47
-1.00 -1.00
5 0
0 
 3
70.41 129.62
70.72 129.45
71.38 129.78
71.58 130.39
71.60 130.87
71.11 131.08
70.79 131.02
70.21 130.81
69.82 130.64
69.37 130.37
68.89 130.22
68.36 130.09
67.24 129.87
66.03 129.75
65.28 129.64
64.72 129.62
64.16 129.56
63.36 129.44
62.73 129.37
62.20 129.31
61.89 129.58
61.10 129.70
60.45 129.37
59.97 129.28
59.50 129.17
59.24 128.78
59.36 128.34
59.48 127.98
59.78 127.81
60.48 127.84
61.21 128.03
61.54 128.08
62.00 128.12
62.36 128.20
62.56 128.59
62.33 129.17
62.62 128.54
63.26 128.65
64.16 128.75
65.45 128.79
66.40 128.90
67.16 129.01
68.22 129.14
69.15 129.31
69.71 129.44
70.16 129.45
70.55 129.19
71.21 129.36
71.49 129.59
71.32 129.33
71.74 129.09
72.45 129.15
73.03 129.36
73.29 129.61
72.75 129.09
72.33 129.04
72.81 128.89
75.58 129.62
75.70 130.00
75.62 128.53
76.40 128.50
78.03 129.01
-1.00 -1.00
5 0
0 
 3
82.91 131.70
83.19 131.37
83.41 130.95
83.58 130.37
84.08 129.98
84.45 129.78
84.87 129.62
85.18 129.75
85.12 130.31
84.93 130.87
84.73 131.34
84.31 131.73
83.99 131.69
83.57 131.80
83.10 131.86
83.75 131.83
84.11 132.19
84.69 132.20
85.25 132.08
85.71 131.88
86.12 131.55
86.43 131.11
86.77 130.31
86.88 129.84
86.88 129.15
86.66 128.72
86.38 128.50
85.76 128.61
85.17 129.09
84.87 129.51
85.18 129.22
85.82 128.67
86.43 128.26
87.10 128.14
87.52 128.22
87.86 128.42
88.17 128.69
88.56 129.20
88.90 129.39
89.02 130.14
88.85 130.69
88.46 131.03
88.11 131.14
87.84 130.53
88.04 130.11
88.29 129.70
88.57 129.48
89.10 129.50
89.10 130.08
88.96 130.48
88.57 130.42
88.28 130.01
88.48 130.45
88.28 130.05
88.65 130.55
88.60 130.89
88.20 131.28
87.83 131.55
87.45 131.72
87.10 131.75
86.60 132.31
85.99 132.58
85.56 132.72
84.95 132.67
84.58 132.66
84.27 132.47
-1.00 -1.00
5 0
0 
 3
102.52 130.20
102.81 130.06
103.37 129.92
104.10 129.92
104.88 130.09
105.53 130.28
106.22 130.66
107.03 130.81
107.87 130.83
107.57 130.26
107.01 129.89
105.95 129.51
104.91 129.61
103.76 129.62
102.60 129.78
102.05 129.97
101.54 130.30
101.54 129.73
102.30 129.26
103.25 129.00
104.31 128.90
105.63 128.95
106.56 129.11
107.57 129.45
108.26 129.83
108.97 130.66
109.30 130.81
109.16 130.05
108.43 129.45
107.66 129.14
106.30 128.89
104.70 128.87
103.53 128.92
102.32 129.26
101.46 129.61
100.89 130.01
100.98 129.53
101.76 128.95
103.00 128.54
104.42 128.47
105.39 128.51
106.59 128.61
107.88 128.79
109.13 129.15
109.65 129.50
110.48 130.16
110.71 130.58
111.01 131.20
111.35 131.27
111.64 131.14
111.26 130.48
110.70 129.76
109.75 128.98
108.57 128.54
107.56 128.28
106.28 128.29
104.82 128.25
103.42 128.48
102.32 128.69
101.54 129.15
100.82 129.80
100.37 130.23
100.81 129.48
101.63 128.56
102.85 127.87
104.15 127.45
105.58 127.33
107.28 127.59
108.57 128.03
110.04 128.44
111.15 129.14
111.75 130.01
112.08 130.61
112.41 131.30
112.53 131.61
113.22 131.77
113.23 131.44
112.95 130.66
112.10 129.81
111.02 128.81
109.87 128.11
108.44 127.61
106.70 127.42
104.74 127.42
103.23 127.79
102.47 128.33
101.73 128.79
100.87 129.48
100.34 130.08
100.98 129.14
101.99 128.14
103.36 127.34
104.43 127.07
105.94 126.93
107.60 127.06
108.71 127.15
110.01 127.56
111.04 128.09
111.88 128.90
112.58 129.62
113.15 130.33
113.65 130.95
113.85 131.34
113.95 131.83
-1.00 -1.00
5 0
0 
 3
86.41 147.75
86.61 148.45
86.85 149.00
87.13 149.40
87.45 149.86
87.95 150.45
88.45 150.89
89.18 151.31
89.82 151.53
90.49 151.67
91.31 151.81
92.15 151.83
93.21 151.66
94.54 151.34
95.16 151.05
95.86 150.59
96.35 150.20
96.83 149.65
97.26 148.84
97.62 147.95
97.81 147.09
97.92 146.32
97.96 145.37
97.90 144.70
97.98 143.65
97.82 142.70
97.73 141.98
97.53 141.02
97.26 140.10
96.91 139.43
96.49 138.91
95.97 138.46
95.29 138.08
94.56 137.79
93.69 137.52
92.94 137.49
91.71 137.47
90.90 137.82
90.10 138.22
89.63 138.38
88.87 139.13
88.60 139.46
88.15 139.99
87.11 141.37
86.88 141.77
86.58 142.46
86.40 143.01
86.26 143.82
86.18 144.92
86.16 145.76
86.12 146.25
86.10 146.75
-1.00 -1.00
5 0
0 
 3
96.98 148.54
96.39 149.26
95.49 150.08
94.93 150.51
94.29 150.87
93.56 151.16
92.58 151.34
91.57 151.37
91.03 151.31
90.30 151.22
89.63 151.09
89.12 150.86
88.71 150.59
88.18 150.08
87.86 149.67
87.66 149.22
87.36 148.61
87.10 148.03
87.00 147.72
-1.00 -1.00
5 0
0 
 3
86.72 146.75
86.63 146.40
86.63 144.90
86.72 144.21
86.91 143.23
87.19 142.55
87.73 141.40
88.11 140.71
88.59 140.01
89.04 139.46
89.74 138.82
90.52 138.26
91.54 137.96
92.46 138.02
93.35 138.15
94.40 138.33
95.29 138.74
96.25 139.51
96.89 140.32
97.39 141.27
97.82 142.43
98.04 143.40
98.06 144.45
97.99 145.74
97.79 146.84
97.59 147.81
97.33 148.45
-1.00 -1.00
5 0
0 
 3
125.84 55.93
126.09 55.21
126.35 54.41
126.74 53.14
127.13 51.96
127.43 51.00
127.55 50.38
127.63 49.85
-1.00 -1.00
5 0
0 
 3
98.13 113.25
98.32 112.17
98.74 111.36
99.21 110.92
99.91 110.72
100.82 110.86
101.45 111.59
101.93 112.63
102.22 113.69
102.19 112.13
102.21 110.91
102.33 108.44
102.57 106.73
102.89 104.00
103.17 102.07
103.47 100.49
103.70 98.80
103.90 96.99
103.89 96.33
103.39 96.32
102.77 96.77
102.21 97.38
102.11 98.44
101.79 100.60
101.54 103.24
102.01 103.70
101.93 105.75
101.65 108.11
101.62 109.64
101.51 110.12
100.78 110.31
99.97 109.78
100.30 108.94
100.42 107.50
100.47 105.17
100.25 104.57
100.47 103.87
100.70 102.13
100.89 101.01
101.49 101.23
101.69 102.84
101.69 101.85
101.96 99.16
102.01 97.80
101.90 97.19
101.59 97.30
100.64 98.57
100.51 100.95
100.28 102.68
100.28 104.04
100.64 104.42
-1.00 -1.00
5 0
0 
 3
97.45 107.44
97.59 106.03
97.73 104.04
97.95 101.49
98.48 98.88
98.52 98.51
97.98 101.26
97.73 105.51
97.40 107.37
97.43 105.87
97.95 103.18
98.21 100.82
98.43 99.49
98.57 98.85
99.21 98.43
99.66 98.15
99.88 98.66
99.49 100.40
99.22 102.23
98.66 106.59
98.32 110.42
98.20 111.69
98.17 112.64
97.98 113.06
97.82 112.56
98.32 108.06
98.49 106.31
99.24 101.81
99.50 98.79
99.56 98.37
-1.00 -1.00
5 0
0 
 3
96.98 98.41
96.91 98.73
96.83 99.68
96.44 102.38
96.21 103.89
96.14 104.98
95.80 107.44
95.62 108.97
95.40 111.09
95.27 113.05
95.83 112.49
95.93 111.39
96.18 110.58
96.42 111.34
96.46 111.84
97.11 111.69
97.33 110.20
97.67 108.31
97.57 107.34
97.00 107.53
96.55 109.25
96.39 111.02
96.38 111.88
-1.00 -1.00
5 0
0 
 3
101.31 86.00
101.38 85.61
101.82 84.73
102.29 83.96
102.64 83.64
103.09 83.42
103.48 83.64
103.78 84.06
104.04 85.00
104.28 86.59
104.35 86.90
-1.00 -1.00
5 0
0 
 3
97.34 98.13
97.71 96.91
98.06 95.63
98.46 94.39
98.68 93.47
98.80 93.02
99.04 92.80
99.44 92.71
99.95 92.77
100.36 93.17
100.39 93.61
100.09 94.88
99.89 95.82
99.72 96.96
99.39 98.37
99.83 98.21
100.22 97.76
100.48 96.68
100.79 94.69
100.98 93.66
101.07 94.46
101.74 94.38
102.19 93.97
102.69 93.41
102.71 94.38
102.53 95.69
102.32 96.96
102.24 97.38
102.69 96.80
103.06 96.44
103.37 95.05
103.59 93.36
104.01 91.81
104.29 90.53
104.38 89.37
103.64 90.56
103.05 92.05
102.41 93.16
101.96 93.75
101.34 94.05
101.01 93.78
100.58 93.21
100.47 92.61
100.39 93.03
-1.00 -1.00
5 0
0 
 3
117.15 101.13
117.85 102.37
118.81 103.75
119.85 105.48
120.68 106.78
121.69 108.28
122.06 108.92
122.37 109.94
122.50 111.11
-1.00 -1.00
5 0
0 
 3
114.71 96.54
114.94 97.08
115.25 97.93
115.80 99.15
116.18 100.09
116.50 100.74
116.84 101.42
-1.00 -1.00
5 0
0 
 3
113.60 100.24
113.81 98.37
113.99 96.80
114.15 95.79
114.21 94.43
114.26 93.66
114.07 93.11
113.84 92.80
113.36 93.27
112.80 94.66
112.33 96.30
112.02 97.72
111.82 99.18
111.88 101.56
112.05 102.43
112.27 102.85
112.83 102.74
113.12 101.90
113.36 100.71
113.34 99.96
112.83 99.24
112.20 98.30
112.11 97.68
112.34 96.25
112.47 95.68
112.86 95.43
113.37 96.18
114.04 97.37
-1.00 -1.00
5 0
0 
 3
110.31 103.87
109.87 103.68
109.65 103.31
109.50 102.63
109.39 101.84
109.20 100.62
109.10 99.43
109.17 98.30
109.13 96.83
109.22 95.82
109.38 94.86
109.62 93.93
109.84 93.38
110.11 92.58
110.32 92.02
110.32 92.38
110.40 93.35
110.34 94.35
110.31 95.36
110.43 94.86
110.63 93.55
110.84 92.36
110.99 90.91
111.19 90.19
111.32 89.81
111.71 89.61
111.85 90.44
111.75 92.25
111.64 93.75
111.54 94.93
111.33 95.49
110.25 95.21
110.45 95.82
110.51 96.49
110.25 97.57
110.12 99.29
110.17 101.10
110.28 102.31
110.06 100.57
110.34 98.65
110.62 97.35
110.62 96.05
110.71 95.63
110.31 95.43
110.17 95.88
109.84 97.10
109.78 98.55
109.75 99.96
109.67 100.95
109.97 102.09
110.18 102.68
110.56 102.32
110.88 102.65
111.41 103.68
112.05 104.61
112.08 104.92
111.46 105.09
111.21 104.64
111.68 104.31
111.33 103.49
110.43 101.92
110.09 102.31
110.20 103.42
110.73 104.37
111.12 104.75
111.36 104.43
111.94 104.56
112.52 104.06
113.12 103.23
113.45 102.20
113.73 101.13
114.21 99.05
114.58 97.62
114.63 96.57
114.63 95.55
114.66 94.49
114.55 93.66
114.41 92.82
114.19 92.30
113.91 92.06
113.59 92.10
113.06 92.71
112.66 93.57
111.96 95.13
111.60 96.54
111.40 98.37
111.30 99.87
111.27 101.18
111.40 102.20
111.68 103.28
111.94 103.85
112.19 104.18
112.48 104.34
-1.00 -1.00
5 0
0 
 3
111.69 71.25
111.74 71.72
111.89 72.17
112.10 72.46
112.53 72.71
113.00 72.74
113.74 72.83
114.44 72.82
115.07 72.63
115.36 72.42
115.69 71.94
116.08 71.21
116.36 70.31
116.53 69.59
116.60 68.95
116.53 67.94
116.46 67.39
-1.00 -1.00
5 0
0 
 3
118.66 66.28
118.78 65.62
118.94 64.84
119.00 64.31
119.01 63.78
118.84 63.51
118.38 63.45
117.68 63.47
117.34 64.07
117.32 64.87
117.27 65.40
117.13 66.03
117.15 66.36
117.55 66.36
117.74 65.40
117.93 64.73
118.00 64.22
117.74 64.92
117.63 65.72
118.03 66.19
118.33 66.05
118.33 64.84
118.39 64.28
118.30 63.82
118.28 64.15
118.17 65.37
118.13 65.81
118.08 66.15
117.89 66.45
117.40 66.34
117.09 67.08
117.57 67.20
117.77 66.58
118.19 67.09
118.53 67.91
118.70 68.45
119.06 69.22
119.12 69.78
118.91 70.20
118.13 70.06
117.77 69.64
117.27 68.59
116.90 67.64
116.79 67.16
116.73 66.44
-1.00 -1.00
5 0
0 
 3
119.59 62.35
119.59 63.36
119.56 64.28
119.54 65.19
119.40 65.72
119.26 66.22
119.20 66.62
-1.00 -1.00
5 0
0 
 3
120.90 62.40
120.94 62.73
120.97 63.09
120.79 64.75
120.68 65.62
120.52 66.61
120.44 67.34
120.26 68.23
120.10 68.84
119.81 69.33
-1.00 -1.00
5 0
0 
 3
122.84 57.73
122.81 58.59
122.78 59.24
122.78 60.23
122.73 60.98
122.59 61.51
122.19 62.15
121.44 62.29
118.53 62.21
117.75 62.31
116.62 62.37
116.09 62.39
-1.00 -1.00
5 0
0 
 3
108.71 57.18
109.13 57.18
110.35 57.09
111.05 57.21
112.34 57.38
113.42 57.44
115.24 57.51
117.13 57.71
118.59 57.73
120.38 57.65
122.33 57.43
122.98 57.30
123.88 57.16
124.49 56.90
125.34 56.58
125.79 56.32
126.06 56.15
-1.00 -1.00
5 0
0 
 3
113.12 62.75
112.55 62.40
111.86 61.76
111.57 61.34
111.91 60.87
112.41 60.99
112.97 61.48
113.53 62.03
113.70 62.34
113.40 62.56
112.86 62.50
-1.00 -1.00
5 0
0 
 3
113.06 62.98
112.56 62.96
111.86 62.71
111.46 62.26
111.36 61.78
111.38 61.46
111.49 61.06
111.75 60.62
112.16 60.32
112.80 60.34
113.53 60.84
113.90 61.51
114.05 61.93
113.88 62.40
113.54 62.75
113.03 62.81
112.59 62.71
112.19 62.68
111.78 62.48
-1.00 -1.00
5 0
0 
 3
115.36 72.44
115.33 71.86
115.21 70.99
115.19 70.24
115.03 68.86
115.02 68.03
114.91 66.91
114.83 65.95
114.72 65.08
114.65 64.09
114.66 63.09
114.66 62.17
114.52 61.54
114.21 60.84
113.77 60.21
113.32 59.90
112.76 59.74
112.28 59.79
111.88 59.87
111.47 60.09
111.04 60.40
110.74 61.12
110.60 62.01
110.68 63.15
110.95 64.37
111.12 65.73
111.16 66.84
111.40 68.06
111.55 69.09
111.80 70.25
112.11 71.89
112.25 72.39
112.87 72.27
112.86 71.49
112.67 69.80
112.70 68.30
112.56 67.39
112.47 66.51
112.61 66.09
113.15 66.78
113.56 66.47
114.02 66.64
114.04 67.66
113.98 69.13
114.01 70.00
114.05 70.63
114.16 71.30
114.21 71.78
114.40 72.30
-1.00 -1.00
5 0
0 
 3
112.30 72.11
112.05 71.52
111.80 70.88
111.52 69.84
111.38 68.91
111.13 66.65
110.82 65.37
110.63 63.90
110.32 62.43
110.21 61.68
110.32 61.03
110.46 60.62
110.67 59.98
110.88 59.51
111.10 58.95
111.40 58.62
111.83 58.46
112.47 58.40
113.03 58.45
113.70 58.65
114.35 59.09
114.91 59.52
115.24 59.96
115.83 60.85
116.12 61.49
116.26 62.46
116.25 63.43
116.18 64.18
116.22 65.15
116.29 66.09
116.46 67.06
116.51 67.87
116.71 68.80
116.70 69.16
-1.00 -1.00
5 0
0 
 3
103.54 49.63
104.03 50.83
104.29 51.69
104.51 52.57
104.84 53.96
105.53 56.01
105.88 56.44
106.37 56.65
107.03 56.77
107.56 56.85
108.19 56.99
108.47 57.34
108.74 58.01
109.11 58.87
110.09 61.51
110.31 61.84
-1.00 -1.00
5 0
0 
 3
106.11 65.83
106.36 65.61
107.39 65.23
108.22 64.78
108.54 64.59
108.91 64.03
109.14 63.32
109.34 62.28
109.65 61.10
-1.00 -1.00
5 0
0 
 3
103.64 60.13
103.17 59.54
102.89 59.04
102.50 58.15
102.24 57.49
101.71 55.98
101.49 55.01
101.87 54.90
102.27 54.85
103.30 57.34
103.76 58.35
104.32 59.40
104.74 60.09
104.91 60.35
-1.00 -1.00
5 0
0 
 3
101.07 51.83
100.78 51.71
100.11 51.21
99.94 50.74
99.89 49.97
100.19 49.20
100.75 48.89
101.17 48.88
101.59 49.10
101.83 49.63
101.90 50.31
101.82 50.96
101.59 51.28
101.37 51.52
101.00 51.63
101.07 50.47
101.31 49.75
101.45 49.44
101.62 49.14
101.01 48.92
100.62 49.31
100.22 50.97
100.20 51.30
100.82 51.58
-1.00 -1.00
5 0
0 
 3
102.50 60.29
102.27 59.98
102.07 59.62
101.59 58.93
101.15 58.02
100.72 56.41
100.37 54.83
100.03 53.33
99.81 52.08
99.67 51.10
99.55 50.16
99.58 49.47
99.69 48.95
100.14 48.52
-1.00 -1.00
5 0
0 
 3
105.83 60.17
105.32 59.35
104.77 58.52
104.18 57.16
103.59 55.69
103.11 54.00
102.64 52.44
102.41 50.88
102.41 49.77
102.44 49.44
102.41 49.10
-1.00 -1.00
5 0
0 
 3
102.74 66.01
102.55 65.25
102.36 64.65
102.07 63.54
101.83 62.45
101.03 60.40
101.06 59.99
101.31 59.46
101.49 59.09
101.60 58.76
101.99 59.46
102.63 60.37
102.88 60.65
103.92 60.79
104.73 60.70
105.35 60.59
105.75 60.23
105.89 59.34
106.00 58.15
106.09 57.40
106.11 56.71
-1.00 -1.00
5 0
0 
 3
99.35 84.48
99.10 84.98
98.90 85.40
98.79 86.08
98.73 86.67
98.62 87.58
98.60 88.67
98.54 89.52
98.55 90.19
98.63 90.92
98.73 92.53
98.88 93.07
98.93 93.41
-1.00 -1.00
5 0
0 
 3
102.80 87.47
102.83 86.90
102.77 86.34
102.64 85.92
102.43 85.62
102.10 85.42
101.73 85.61
-1.00 -1.00
5 0
0 
 3
100.75 90.30
101.13 90.70
101.37 90.95
101.59 91.28
101.73 91.61
101.74 92.13
101.57 92.67
101.26 92.91
-1.00 -1.00
5 0
0 
 3
98.97 93.66
98.93 93.30
98.69 92.39
98.71 91.99
98.57 89.80
98.60 88.80
98.60 87.55
98.76 86.75
98.94 86.08
99.24 85.45
99.58 84.86
99.74 84.53
99.60 85.11
99.38 85.92
99.67 86.14
100.03 86.20
100.62 86.18
101.29 85.40
101.55 85.06
102.39 84.36
102.91 84.04
103.31 83.86
103.67 83.86
104.09 84.17
104.31 84.73
104.38 85.65
104.42 86.23
104.38 87.08
104.32 87.81
104.21 88.83
104.00 89.64
103.70 90.66
103.42 91.45
103.05 92.60
102.69 93.47
102.18 93.96
101.60 94.18
101.15 93.91
100.96 93.36
100.82 92.55
100.65 90.69
100.64 89.70
100.67 89.08
101.24 89.36
101.65 89.88
102.11 90.80
102.55 91.30
102.89 90.19
103.05 89.31
103.28 88.61
103.23 88.22
102.35 87.17
101.82 86.67
101.62 86.40
101.23 87.28
101.01 88.23
101.31 88.44
101.40 87.01
-1.00 -1.00
5 0
0 
 3
129.79 43.56
129.06 43.73
128.39 44.01
127.89 44.31
127.53 44.62
127.10 44.97
126.74 45.33
126.41 45.76
126.09 46.28
125.89 46.66
125.68 47.63
-1.00 -1.00
5 0
0 
 3
140.73 44.86
140.13 44.51
139.57 44.23
138.87 43.90
138.12 43.59
137.58 43.43
136.61 43.18
136.18 43.11
135.53 43.01
135.04 42.98
-1.00 -1.00
5 0
0 
 3
139.99 53.00
140.44 52.85
141.06 52.57
141.62 52.13
142.01 51.71
142.32 51.10
142.76 50.63
143.11 49.74
143.44 49.08
-1.00 -1.00
5 0
0 
 3
138.36 53.13
138.74 53.02
139.27 52.94
139.83 52.83
140.45 52.72
140.97 52.55
141.32 52.33
141.82 51.77
141.92 51.38
141.84 50.67
141.64 50.38
141.08 49.85
140.50 49.38
139.85 48.97
139.24 48.69
138.23 48.33
137.19 47.97
136.75 47.86
136.13 47.69
135.53 47.58
135.15 47.48
134.79 47.44
-1.00 -1.00
5 0
0 
 3
133.19 48.34
133.54 48.42
133.94 48.49
136.23 48.91
137.24 49.27
138.00 49.72
138.53 50.17
138.71 50.74
138.65 51.57
138.43 52.35
138.26 53.05
137.95 53.94
137.70 54.52
137.48 54.91
137.03 55.26
136.41 55.65
136.04 55.76
135.60 55.93
135.91 55.76
136.52 55.46
136.96 55.16
137.50 54.90
137.90 54.57
137.81 54.26
137.58 53.80
137.02 53.08
136.54 52.63
135.96 52.21
135.32 51.96
134.14 51.85
133.71 51.86
133.29 51.85
-1.00 -1.00
5 0
0 
 3
129.82 55.02
129.46 54.69
129.42 54.08
129.38 53.58
129.00 53.40
128.59 53.27
128.92 53.44
129.28 53.38
129.26 52.52
129.31 51.55
129.26 51.03
129.21 50.44
-1.00 -1.00
5 0
0 
 3
130.15 59.20
129.88 57.95
129.85 56.38
129.85 55.49
129.90 54.79
130.01 54.18
130.22 53.75
130.58 53.55
130.83 53.91
130.81 55.21
130.92 55.96
131.22 56.32
131.76 56.33
132.51 56.23
132.88 56.15
133.24 55.71
133.32 55.05
133.22 53.94
133.18 53.10
133.18 51.14
133.15 50.25
133.16 49.28
133.19 48.47
133.15 48.11
132.96 49.27
133.05 51.13
133.10 53.61
133.02 55.04
133.08 56.07
132.66 56.29
132.32 56.02
132.15 54.38
132.31 52.47
132.23 51.67
131.81 51.72
131.58 52.43
131.48 54.35
131.50 55.41
131.47 56.19
131.09 56.41
130.74 55.87
130.67 54.38
130.69 53.13
130.74 51.75
130.80 50.80
130.78 50.00
130.77 49.58
-1.00 -1.00
5 0
0 
 3
130.72 80.27
130.71 79.87
130.72 79.04
130.83 78.29
130.94 77.41
131.09 76.55
131.33 76.04
131.76 76.35
131.78 77.12
131.76 78.41
131.65 79.98
130.89 80.37
-1.00 -1.00
5 0
0 
 3
130.41 79.99
130.39 79.41
130.39 78.65
130.44 77.32
130.43 76.26
130.47 74.80
130.58 73.58
130.61 72.72
130.69 72.16
130.86 71.67
131.19 71.78
131.39 72.71
131.51 73.44
131.61 72.94
131.65 71.96
131.89 71.67
132.24 72.22
132.54 72.72
-1.00 -1.00
5 0
0 
 3
133.19 71.16
133.21 71.71
133.21 70.78
133.29 70.36
-1.00 -1.00
5 0
0 
 3
133.71 75.07
134.06 74.72
134.19 74.04
134.10 73.18
133.85 72.52
133.44 71.88
133.44 71.46
133.41 70.61
-1.00 -1.00
5 0
0 
 3
133.02 78.54
133.07 77.68
133.08 76.87
133.13 76.18
133.13 75.52
133.12 74.82
-1.00 -1.00
5 0
0 
 3
132.85 80.71
132.42 80.12
132.31 79.20
132.28 78.27
132.31 76.90
132.34 75.99
132.42 74.90
132.49 73.39
132.57 72.86
132.71 72.22
132.94 71.67
133.27 72.17
133.52 73.10
133.68 74.43
133.69 75.27
133.54 76.52
133.61 77.57
133.63 78.76
133.54 79.85
133.33 80.40
133.10 80.79
132.73 80.29
132.56 79.35
-1.00 -1.00
5 0
0 
 3
132.51 100.63
132.42 99.98
132.37 99.37
132.56 98.98
132.63 100.43
132.48 101.34
-1.00 -1.00
5 0
0 
 3
132.45 104.48
131.59 104.53
131.20 104.56
131.03 104.03
130.92 102.88
130.91 101.24
130.85 100.10
130.86 99.16
130.89 98.52
-1.00 -1.00
5 0
0 
 3
131.58 98.30
131.59 97.66
131.65 96.61
131.75 95.80
131.92 95.11
132.09 94.72
132.57 94.96
132.91 95.93
133.04 96.99
133.13 98.16
133.08 99.87
133.15 101.18
133.01 102.23
132.88 103.40
132.70 104.15
132.43 103.57
132.29 102.60
132.17 101.60
132.01 99.87
131.98 98.58
132.00 97.22
132.20 95.99
132.23 95.39
-1.00 -1.00
5 0
0 
 3
131.17 104.45
131.16 103.92
131.08 103.12
130.97 102.26
130.99 100.88
131.03 100.05
131.05 99.30
131.06 98.90
131.05 98.46
130.32 98.16
129.93 98.13
129.85 97.69
129.76 96.51
129.70 95.32
129.74 94.18
129.65 93.49
129.54 93.17
129.04 92.80
128.96 93.38
128.86 94.25
128.98 94.86
129.51 95.30
129.79 95.94
129.74 96.86
129.24 97.07
129.09 96.65
129.15 96.05
129.51 95.66
129.63 96.49
129.62 97.51
129.60 98.10
129.62 97.11
129.57 95.49
129.43 94.22
129.49 93.30
129.38 92.88
129.00 92.72
128.70 92.00
128.64 90.88
128.62 89.78
128.75 88.97
128.98 88.47
129.18 88.20
129.21 87.67
129.48 87.30
129.63 88.61
129.73 92.11
129.87 93.19
-1.00 -1.00
5 0
0 
 3
126.31 105.25
126.27 104.90
126.32 104.34
126.43 103.65
126.69 103.03
126.88 102.57
127.44 102.35
127.38 102.88
127.02 103.75
126.80 104.43
126.94 104.03
127.30 103.18
127.61 102.24
127.86 101.74
128.11 101.10
128.45 100.37
128.73 99.82
129.09 99.01
129.28 98.43
129.43 98.01
-1.00 -1.00
5 0
0 
 3
118.19 102.37
118.42 102.09
118.86 101.71
119.29 101.73
119.64 102.12
120.29 102.01
120.60 101.81
120.96 101.62
121.30 101.48
121.69 101.93
122.11 101.84
122.67 101.59
122.25 101.26
121.78 101.46
121.07 101.63
120.55 101.74
120.10 101.98
120.18 101.63
120.82 100.98
121.27 100.37
121.70 100.12
122.22 100.18
122.56 100.24
122.01 100.88
121.55 101.24
121.25 101.51
120.63 101.74
120.09 101.82
119.68 101.96
119.20 102.07
119.26 101.56
119.61 101.10
120.16 100.59
120.88 100.46
121.38 100.24
121.74 100.18
122.19 100.30
122.48 100.10
122.59 99.60
123.04 99.37
123.77 99.48
124.60 99.54
124.80 99.84
124.64 100.18
124.14 100.12
123.48 100.01
123.03 99.98
122.73 100.23
121.61 101.46
122.15 101.87
122.53 101.84
122.87 101.40
123.34 100.79
123.74 100.10
124.08 99.91
124.32 100.35
124.02 100.76
123.23 101.29
122.62 101.04
123.15 100.96
123.63 101.06
124.07 101.29
124.41 101.15
124.67 100.84
124.04 100.51
124.22 100.12
124.61 100.02
125.17 100.05
125.79 100.30
126.06 100.48
126.41 100.81
126.73 101.13
126.93 101.52
126.96 101.99
126.29 102.24
125.58 102.34
125.06 102.45
124.70 102.31
124.24 102.07
123.90 102.10
123.37 102.57
122.78 103.18
122.26 103.65
122.03 104.03
122.29 104.29
122.65 104.10
123.43 103.49
124.07 102.88
124.55 102.51
124.84 102.71
124.22 103.12
123.77 103.98
123.85 104.40
124.32 104.79
124.81 104.78
125.31 104.35
125.40 103.75
125.28 103.14
125.12 102.74
124.78 102.43
124.35 102.18
-1.00 -1.00
5 0
0 
 3
123.27 108.67
123.24 107.76
123.40 106.87
123.59 106.22
123.83 105.65
124.22 105.21
124.80 105.28
125.08 105.62
125.17 106.11
125.22 106.64
125.00 107.06
124.66 107.53
124.35 107.81
124.25 106.89
124.46 106.37
124.70 105.89
124.83 105.53
124.33 105.34
124.04 105.09
123.59 104.79
122.81 104.56
122.17 104.48
121.75 104.62
121.42 105.00
121.18 105.32
120.88 105.75
120.96 106.25
121.36 106.68
121.78 106.98
122.23 107.34
122.50 107.73
122.56 108.20
122.99 108.55
-1.00 -1.00
5 0
0 
 3
119.62 120.79
119.25 120.59
118.02 118.26
117.82 117.85
117.68 117.49
118.14 117.25
118.38 116.83
118.92 117.82
119.87 119.77
120.09 120.21
120.01 120.63
119.59 120.65
119.22 120.51
118.77 120.18
118.80 121.26
118.94 122.09
119.20 122.98
119.42 123.54
120.12 123.92
120.82 123.88
121.64 123.88
120.90 124.03
120.15 123.95
119.47 123.82
118.95 123.07
118.72 122.38
118.44 121.62
118.31 120.82
118.24 120.13
118.25 119.52
-1.00 -1.00
5 0
0 
 3
122.40 117.88
122.00 116.77
121.80 116.11
121.67 115.77
121.77 115.13
122.00 115.57
122.43 117.51
122.22 118.10
-1.00 -1.00
5 0
0 
 3
121.27 119.99
121.28 120.63
121.36 121.24
121.58 122.07
121.80 122.67
122.17 122.76
122.53 122.15
122.68 121.43
122.78 120.52
122.81 119.73
122.81 118.51
122.84 117.82
122.84 116.55
122.79 115.52
122.73 113.46
122.54 112.53
122.34 111.92
122.14 111.42
122.00 111.14
121.84 110.73
121.30 111.34
121.08 112.31
120.96 113.72
120.80 116.10
120.85 116.97
120.99 119.12
121.16 120.57
121.32 121.73
121.50 122.43
121.80 122.95
-1.00 -1.00
5 0
0 
 3
120.37 119.94
120.46 120.46
120.62 121.26
120.85 122.10
121.18 122.90
121.42 123.38
121.64 123.63
121.97 123.62
122.31 123.43
122.62 123.01
122.87 122.49
122.98 121.95
123.09 121.16
123.38 119.41
123.52 118.66
123.52 117.69
123.55 116.55
123.55 115.46
123.40 112.99
123.29 112.25
123.12 111.52
122.93 110.94
122.64 110.37
122.29 109.86
121.88 109.56
121.55 109.62
121.19 110.25
120.77 111.19
120.37 112.61
120.24 113.78
120.34 115.33
120.40 116.85
120.49 117.90
120.62 119.04
120.86 120.68
-1.00 -1.00
5 0
0 
 3
107.00 106.62
106.58 107.31
106.33 108.11
106.05 109.23
105.95 109.81
105.91 110.47
106.14 110.77
106.61 110.28
106.86 109.62
106.98 109.03
107.17 108.25
107.34 107.81
107.49 107.47
107.62 106.93
107.39 106.62
107.79 107.29
107.96 107.89
107.68 108.65
107.43 109.78
107.34 110.78
107.37 111.52
107.42 111.91
106.87 112.25
106.53 112.25
106.41 111.59
106.41 111.13
106.58 112.09
106.87 112.30
107.32 112.14
107.99 111.67
108.40 111.55
108.66 111.05
108.78 109.91
108.68 108.90
108.92 108.15
109.06 107.83
108.13 107.18
108.55 107.45
108.91 107.69
109.08 108.30
108.83 109.28
108.68 110.22
108.66 111.11
108.80 111.42
109.14 111.47
109.45 110.94
109.24 110.52
108.69 110.45
108.83 110.17
108.99 109.22
109.31 108.48
109.56 108.12
109.87 108.03
110.15 108.25
109.67 110.33
109.73 110.83
110.07 110.75
110.53 110.27
110.65 109.58
110.79 108.72
110.91 108.31
110.74 107.98
110.40 108.00
110.87 108.01
111.09 108.73
110.79 109.55
110.85 109.94
111.16 109.83
111.49 109.61
111.41 108.98
111.49 108.53
111.23 108.23
111.54 108.12
111.86 108.04
112.45 108.06
112.84 108.23
112.59 109.42
112.53 109.94
111.99 109.94
111.54 109.83
112.22 109.94
112.56 110.42
112.78 110.94
113.08 111.38
113.46 111.38
113.84 111.49
-1.00 -1.00
5 0
0 
 3
109.86 112.00
110.48 112.08
110.85 111.84
110.71 111.41
110.39 111.53
109.93 111.97
-1.00 -1.00
5 0
0 
 3
115.10 122.12
114.47 122.43
114.09 122.51
114.05 121.62
114.02 121.10
113.74 120.90
113.22 120.90
113.15 121.30
113.03 121.95
113.00 122.45
112.48 122.57
112.20 122.18
112.24 121.82
112.34 121.35
112.62 121.13
112.97 121.09
113.11 121.74
113.09 122.24
113.29 122.51
113.63 122.57
113.98 122.37
114.07 121.70
114.09 121.15
114.19 120.76
114.61 120.32
114.88 120.07
115.07 119.80
115.30 119.57
-1.00 -1.00
5 0
0 
 3
110.29 116.94
110.57 117.11
110.95 117.13
111.09 116.85
111.44 116.83
112.14 117.36
112.56 117.82
113.00 118.40
113.20 118.74
112.86 119.19
112.89 119.68
113.06 120.16
113.34 120.38
113.73 120.26
114.55 119.18
114.86 118.80
114.96 118.27
114.99 117.74
114.79 117.00
114.58 116.58
114.27 116.02
113.77 115.39
112.44 114.50
111.63 114.10
111.16 114.07
110.82 114.21
110.63 114.63
110.40 115.43
110.29 116.14
110.21 116.58
110.23 116.91
-1.00 -1.00
5 0
0 
 3
106.20 113.97
105.94 114.50
105.81 114.91
105.69 115.38
105.71 115.94
105.75 116.39
105.53 116.75
105.22 117.04
104.84 116.82
104.20 117.41
103.93 117.72
103.68 118.07
103.67 118.44
103.76 118.76
103.45 119.12
103.06 119.12
102.71 118.51
102.58 118.01
102.61 117.33
102.75 117.04
102.95 116.55
103.22 116.19
103.51 115.66
103.86 115.27
104.45 114.78
105.02 114.42
105.47 114.22
105.97 114.05
106.30 114.00
106.19 114.46
106.02 115.08
105.88 115.74
105.85 116.38
-1.00 -1.00
5 0
0 
 3
106.14 122.32
106.06 121.82
106.17 121.45
106.75 121.13
107.12 121.18
107.49 121.27
107.73 121.60
107.84 121.98
107.51 122.26
107.17 122.20
106.73 121.87
106.50 121.62
106.27 121.38
-1.00 -1.00
5 0
0 
 3
107.49 117.65
107.49 117.13
107.91 117.13
108.24 117.32
107.80 117.65
107.32 117.60
106.86 118.01
106.92 118.52
107.26 118.63
107.70 118.63
108.08 118.62
108.43 118.44
108.49 118.01
107.91 117.80
-1.00 -1.00
5 0
0 
 3
109.42 116.58
109.59 116.07
109.78 115.57
110.01 115.00
110.20 114.57
110.31 113.99
109.95 113.53
109.61 113.49
109.27 113.56
109.08 114.17
108.75 114.36
108.21 114.36
107.71 114.32
107.73 114.00
107.62 113.58
107.26 113.63
106.73 113.86
106.44 114.36
106.25 114.94
106.20 115.66
106.13 116.24
106.31 116.60
106.73 116.69
107.00 116.39
107.32 116.29
107.96 116.25
108.80 116.32
109.11 116.43
108.88 116.71
108.07 116.50
107.35 116.54
106.89 116.57
107.15 117.00
107.68 117.13
108.36 117.05
108.72 116.75
109.13 116.66
109.48 116.58
109.65 116.13
-1.00 -1.00
5 0
0 
 3
116.34 122.98
116.57 122.56
116.76 122.09
116.90 121.60
117.06 121.02
117.13 120.41
117.23 119.40
117.20 118.63
117.20 118.01
117.10 117.60
117.01 117.24
116.59 116.13
116.37 115.63
116.11 115.16
115.73 114.74
115.33 114.38
115.07 114.11
114.61 113.72
114.29 113.49
113.65 113.00
113.08 112.63
112.52 112.42
111.92 112.22
111.24 112.09
110.43 112.02
109.59 111.91
109.10 111.94
108.61 112.00
108.08 112.05
107.46 112.20
106.81 112.44
106.16 112.69
105.72 112.97
105.36 113.27
104.93 113.64
104.26 114.32
103.95 114.69
103.51 115.19
104.07 114.50
104.32 114.16
104.76 113.58
105.13 113.27
106.17 112.52
106.61 112.27
107.17 111.97
107.68 111.74
108.36 111.50
108.78 111.34
109.33 111.25
109.98 111.17
111.21 111.28
111.82 111.42
112.48 111.69
113.09 112.02
113.51 112.24
114.02 112.63
114.46 112.94
114.82 113.30
115.31 113.78
-1.00 -1.00
5 0
0 
 3
102.01 122.21
101.93 121.90
101.83 120.63
101.87 120.01
102.02 119.19
102.16 118.74
102.29 118.08
102.44 117.44
102.61 116.82
102.88 116.36
103.22 115.69
103.56 115.28
103.95 114.75
104.29 114.36
104.74 113.88
105.29 113.64
105.72 113.53
106.31 113.47
106.90 113.38
107.57 113.33
108.13 113.22
108.71 113.22
109.42 113.28
110.12 113.33
110.87 113.47
111.49 113.75
112.16 114.07
112.86 114.46
113.42 114.88
113.95 115.44
114.30 115.94
114.66 116.54
114.91 117.04
115.10 117.55
115.27 118.16
115.39 118.65
115.56 119.38
115.56 120.02
115.44 120.74
115.30 121.38
115.17 121.88
115.02 122.43
114.79 122.79
-1.00 -1.00
5 0
0 
 3
103.67 122.54
103.59 122.18
103.58 121.87
103.58 121.48
103.59 120.98
103.64 120.52
103.72 119.83
103.98 119.26
104.23 118.85
104.51 118.44
104.90 118.18
105.35 117.88
105.89 117.55
106.33 117.32
106.81 117.24
107.80 117.24
108.55 117.29
109.20 117.44
109.84 117.68
110.32 117.97
110.88 118.47
111.30 118.97
111.61 119.40
111.86 120.05
111.97 120.59
112.00 121.15
111.99 121.57
111.94 122.06
111.86 122.51
111.68 122.84
-1.00 -1.00
5 0
0 
 3
104.73 122.40
104.66 121.81
104.63 121.46
104.85 120.62
105.04 120.32
105.33 119.90
105.57 119.66
105.86 119.51
106.19 119.35
106.59 119.18
106.95 119.05
107.35 118.93
107.73 118.93
108.16 119.04
108.61 119.26
108.99 119.43
109.30 119.63
109.67 119.99
110.04 120.60
110.12 120.91
110.18 121.29
110.14 121.76
110.09 122.07
109.87 122.54
-1.00 -1.00
5 0
0 
 3
105.41 122.18
105.29 121.74
105.29 121.38
105.38 120.85
105.58 120.51
105.97 120.13
106.34 119.94
106.70 119.79
107.14 119.71
107.49 119.74
107.91 119.82
108.22 119.94
108.50 120.19
108.75 120.43
109.00 120.82
109.19 121.18
109.33 121.70
109.24 122.12
109.02 122.46
-1.00 -1.00
5 0
0 
 3
97.40 110.94
97.53 111.23
97.57 111.69
97.57 112.25
97.59 112.72
97.81 113.08
97.40 113.42
97.17 114.08
97.05 114.55
96.91 115.13
96.74 115.57
96.61 115.96
96.80 114.91
96.88 114.13
96.98 113.22
97.22 112.25
97.34 111.55
97.40 111.05
-1.00 -1.00
5 0
0 
 3
97.81 113.25
97.57 113.74
97.47 114.32
97.34 114.85
97.23 115.47
97.11 116.36
97.00 117.00
96.92 117.69
96.86 118.55
96.84 119.37
96.84 120.02
96.91 120.84
97.01 121.41
97.12 122.10
97.29 122.70
97.43 123.07
97.59 123.38
97.89 123.63
98.40 123.87
98.69 123.98
99.07 123.92
98.34 124.03
97.75 123.95
96.95 123.90
96.32 123.76
95.86 123.57
95.55 123.34
95.23 122.87
94.95 122.20
94.87 121.73
94.65 120.74
94.62 120.26
94.54 119.65
94.50 119.12
94.50 118.37
94.57 116.93
94.62 116.19
94.71 115.71
94.78 115.16
94.85 114.69
94.93 114.19
95.04 113.80
95.16 113.42
95.35 113.03
95.52 113.80
95.48 114.33
95.37 114.94
95.16 115.57
95.04 116.43
94.95 116.97
94.93 117.58
94.93 118.35
94.95 119.04
94.99 119.88
95.07 120.57
95.26 121.26
95.38 121.74
95.57 122.52
95.69 122.96
95.88 123.26
96.35 123.60
96.91 123.82
97.23 123.90
96.89 123.49
96.63 123.04
96.30 122.20
96.07 121.51
95.86 120.68
95.76 119.90
95.72 119.07
95.71 118.38
95.77 117.63
95.88 117.11
95.96 116.60
95.99 116.08
95.85 115.80
95.41 115.74
95.46 114.88
95.57 114.07
95.57 113.35
95.58 112.60
95.65 111.94
95.80 111.33
95.88 111.00
95.93 110.69
96.25 110.88
96.27 111.30
96.42 111.61
96.94 111.67
97.08 111.31
97.22 110.88
97.31 110.08
97.37 109.30
97.48 108.86
97.62 108.15
97.65 107.61
97.15 107.45
96.77 107.59
96.69 108.06
96.50 109.00
96.42 109.83
96.36 110.33
96.36 110.83
96.30 111.19
-1.00 -1.00
5 0
0 
 3
98.85 118.26
98.88 117.85
98.90 117.25
98.94 116.61
99.07 116.00
99.24 115.44
99.56 114.72
99.81 114.33
100.05 113.96
100.34 113.66
100.75 113.52
101.01 113.77
101.12 114.19
-1.00 -1.00
5 0
0 
 3
99.35 120.68
99.50 121.12
99.97 121.29
100.36 121.05
100.68 120.62
100.79 120.10
100.84 119.62
100.95 118.94
101.06 118.43
101.15 117.83
101.24 117.41
101.27 117.05
101.35 116.71
101.37 116.18
101.54 115.86
101.51 114.99
101.46 114.55
101.45 114.14
101.12 114.52
100.81 115.05
100.39 115.82
100.08 116.46
99.78 117.16
99.61 117.54
99.41 118.10
99.24 118.40
99.05 118.83
99.00 119.74
99.10 120.24
99.22 120.79
99.56 120.15
99.92 119.29
100.22 118.80
100.47 118.29
101.03 116.86
101.43 116.08
101.55 115.75
-1.00 -1.00
5 0
0 
 3
99.27 123.84
98.77 123.81
98.40 123.57
98.15 123.34
97.76 122.71
97.56 122.21
97.39 121.60
97.33 121.07
97.28 120.32
97.26 119.62
97.29 118.72
97.33 118.19
97.36 117.55
97.42 116.88
97.54 116.24
97.67 115.43
97.78 114.61
97.89 114.02
97.99 113.46
98.24 112.86
98.51 112.38
98.77 111.86
99.04 111.44
99.33 111.09
99.67 110.80
99.97 110.56
100.47 110.52
100.79 110.64
101.15 110.81
101.62 111.34
101.83 111.83
102.21 113.00
102.32 113.61
102.36 114.17
102.36 114.77
102.38 115.27
102.33 116.02
102.19 117.33
102.11 118.19
102.05 118.79
101.93 119.44
101.79 120.01
101.63 120.59
101.13 121.71
100.81 122.13
-1.00 -1.00
5 0
0 
 3
117.57 136.19
119.40 136.39
-1.00 -1.00
5 0
0 
 3
120.23 134.64
117.40 134.39
-1.00 -1.00
5 0
0 
 3
117.40 133.88
120.32 134.08
-1.00 -1.00
5 0
0 
 3
120.35 133.52
117.48 133.28
-1.00 -1.00
5 0
0 
 3
117.41 132.74
120.40 132.94
-1.00 -1.00
5 0
0 
 3
120.52 132.25
117.52 132.13
-1.00 -1.00
5 0
0 
 3
117.52 131.45
120.58 131.64
-1.00 -1.00
5 0
0 
 3
99.33 153.94
101.27 155.02
-1.00 -1.00
5 0
0 
 3
96.80 153.77
99.33 153.97
99.32 153.03
-1.00 -1.00
5 0
0 
 3
101.40 153.02
101.43 155.08
97.70 154.69
96.81 153.81
96.72 153.09
-1.00 -1.00
5 0
0 
 3
120.18 138.52
119.78 143.31
118.58 143.31
116.51 148.34
113.29 147.97
-1.00 -1.00
5 0
0 
 3
114.54 143.27
117.01 141.24
117.34 138.49
121.04 138.77
-1.00 -1.00
5 0
0 
 3
100.53 130.83
104.91 127.45
112.50 127.04
116.79 130.47
116.73 135.19
121.58 135.66
-1.00 -1.00
5 0
0 
 3
112.20 131.95
115.90 132.17
-1.00 -1.00
5 0
0 
 3
93.28 135.27
93.94 135.93
101.27 134.74
-1.00 -1.00
5 0
0 
 3
101.48 134.64
100.44 133.77
93.52 134.78
93.13 135.24
90.76 135.35
-1.00 -1.00
5 0
0 
 3
101.87 133.27
111.50 131.45
112.36 132.08
101.26 134.31
-1.00 -1.00
5 0
0 
 3
94.81 131.37
98.66 130.89
101.04 131.12
101.94 133.58
-1.00 -1.00
5 0
0 
 3
96.80 129.23
97.85 131.12
-1.00 -1.00
5 0
0 
 3
87.81 154.44
75.36 151.87
74.46 150.36
72.45 150.14
71.92 149.34
70.90 149.34
70.30 148.51
67.58 147.79
67.63 136.19
68.36 134.88
74.42 135.75
74.08 136.39
76.94 136.60
77.95 136.14
86.13 136.33
90.70 135.21
94.57 131.34
94.19 129.44
90.55 128.61
96.86 129.20
94.37 129.36
-1.00 -1.00
5 0
0 
 3
94.98 153.25
92.93 153.39
91.88 154.27
87.97 154.50
91.81 154.42
-1.00 -1.00
5 0
0 
 3
95.16 152.81
107.54 152.72
108.38 152.00
-1.00 -1.00
5 0
0 
 3
96.08 151.70
94.95 153.41
-1.00 -1.00
5 0
0 
 3
115.61 131.97
114.09 141.48
113.08 148.04
112.33 152.11
110.71 152.00
110.53 152.44
109.61 152.58
109.61 152.00
95.68 152.22
-1.00 -1.00
5 0
0 
 3
117.23 86.86
117.02 81.81
-1.00 -1.00
5 0
0 
 3
118.11 97.93
117.41 86.59
115.83 87.40
-1.00 -1.00
5 0
0 
 3
117.38 98.16
116.09 87.58
-1.00 -1.00
5 0
0 
 3
117.97 100.85
117.91 98.19
117.40 98.18
117.34 101.09
-1.00 -1.00
5 0
0 
 3
122.05 46.61
126.32 47.95
-1.00 -1.00
5 0
0 
 3
126.26 47.12
121.95 46.42
123.21 48.30
-1.00 -1.00
5 0
0 
 3
131.81 43.97
132.07 41.18
-1.00 -1.00
5 0
0 
 3
132.23 41.14
133.02 43.90
-1.00 -1.00
5 0
0 
 3
134.11 43.76
132.71 41.15
-1.00 -1.00
5 0
0 
 3
135.71 43.00
134.61 40.87
130.15 41.14
130.55 43.81
131.02 44.08
132.20 44.08
134.06 43.75
134.62 43.67
135.65 42.93
-1.00 -1.00
5 0
0 
 3
116.57 49.69
120.51 49.42
123.49 49.13
126.80 49.13
-1.00 -1.00
5 0
0 
 3
105.53 48.24
106.42 48.08
-1.00 -1.00
5 0
0 
 3
107.14 49.11
103.82 48.84
99.02 47.25
98.60 47.72
104.01 49.92
103.72 48.86
105.49 48.13
102.80 47.36
98.96 47.27
-1.00 -1.00
5 0
0 
 3
91.79 41.28
93.39 46.37
97.85 47.63
-1.00 -1.00
5 0
0 
 3
89.79 39.96
91.56 40.56
-1.00 -1.00
5 0
0 
 3
91.56 39.85
91.79 41.26
85.43 40.06
-1.00 -1.00
5 0
0 
 3
97.22 41.40
96.00 40.23
-1.00 -1.00
5 0
0 
 3
98.59 41.37
96.95 40.29
-1.00 -1.00
5 0
0 
 3
99.56 41.29
97.43 40.21
-1.00 -1.00
5 0
0 
 3
92.72 39.84
93.87 40.70
95.43 41.15
102.97 41.12
-1.00 -1.00
5 0
0 
 3
103.54 40.15
103.13 41.18
99.53 40.21
-1.00 -1.00
5 0
0 
 3
118.52 46.92
116.01 46.69
-1.00 -1.00
5 0
0 
 3
121.67 42.06
120.65 46.56
118.39 46.87
118.33 49.06
-1.00 -1.00
5 0
0 
 3
116.79 41.73
116.03 47.08
113.99 47.58
-1.00 -1.00
5 0
0 
 3
119.33 41.07
119.31 41.53
116.81 41.86
112.62 41.48
112.52 40.54
-1.00 -1.00
5 0
0 
 3
85.31 39.71
126.63 40.85
126.66 41.31
120.43 42.23
120.43 41.35
-1.00 -1.00
5 0
0 
 3
109.22 46.25
114.88 51.67
-1.00 -1.00
5 0
0 
 3
110.18 51.13
107.77 46.08
-1.00 -1.00
5 0
0 
 3
108.26 45.91
112.52 51.36
-1.00 -1.00
5 0
0 
 3
117.04 52.03
111.69 45.89
-1.00 -1.00
5 0
0 
 3
110.25 51.27
115.10 51.82
116.98 51.96
117.57 51.03
-1.00 -1.00
5 0
0 
 3
117.75 51.14
111.54 45.75
105.04 45.67
108.43 50.96
109.83 51.03
107.48 45.97
-1.00 -1.00
5 0
0 
 3
127.08 49.49
115.08 48.42
-1.00 -1.00
5 0
0 
 3
127.19 51.82
128.81 51.32
135.45 48.13
135.46 47.69
127.33 49.44
127.29 50.58
126.03 50.85
-1.00 -1.00
5 0
0 
 3
141.87 46.39
146.30 45.14
-1.00 -1.00
5 0
0 
 3
142.04 45.70
146.39 45.31
147.09 47.64
143.38 49.30
141.84 46.50
141.68 45.67
-1.00 -1.00
5 0
0 
 3
133.74 62.17
134.62 61.87
136.23 58.15
135.31 54.80
134.70 53.71
133.66 56.54
131.48 56.76
130.83 54.36
-1.00 -1.00
5 0
0 
 3
135.76 77.21
135.15 74.30
134.56 73.22
133.43 61.34
133.86 62.29
133.88 65.19
133.33 65.81
-1.00 -1.00
5 0
0 
 3
132.18 73.72
131.37 58.46
132.99 58.45
134.25 75.22
-1.00 -1.00
5 0
0 
 3
131.87 86.33
132.96 80.15
-1.00 -1.00
5 0
0 
 3
134.89 82.31
134.22 87.06
-1.00 -1.00
5 0
0 
 3
133.29 98.54
134.22 87.95
133.52 86.54
134.36 78.57
-1.00 -1.00
5 0
0 
 3
129.74 98.13
131.84 86.40
133.57 86.51
131.58 98.33
-1.00 -1.00
5 0
0 
 3
130.63 98.44
128.56 103.01
-1.00 -1.00
5 0
0 
 3
128.11 102.32
130.05 98.43
-1.00 -1.00
5 0
0 
 3
129.87 98.08
127.81 102.13
-1.00 -1.00
5 0
0 
 3
127.24 101.87
129.34 97.91
-1.00 -1.00
5 0
0 
 3
120.49 114.27
117.29 108.42
-1.00 -1.00
5 0
0 
 3
117.21 108.55
117.83 106.15
120.55 111.33
-1.00 -1.00
5 0
0 
 3
116.87 105.20
115.98 102.18
115.03 104.75
116.29 107.92
-1.00 -1.00
5 0
0 
 3
121.74 120.90
115.89 110.27
118.30 102.40
116.62 98.02
-1.00 -1.00
5 0
0 
 3
120.38 121.66
118.28 118.29
119.12 117.91
121.07 120.96
-1.00 -1.00
5 0
0 
 3
109.11 108.19
111.94 106.17
114.24 110.47
113.88 110.61
119.31 120.69
-1.00 -1.00
5 0
0 
 3
104.03 106.25
108.57 102.90
108.41 107.67
-1.00 -1.00
5 0
0 
 3
106.33 98.04
102.64 113.08
-1.00 -1.00
5 0
0 
 3
106.23 98.05
100.90 100.38
-1.00 -1.00
5 0
0 
 3
99.86 101.82
100.51 95.60
101.97 95.65
102.01 97.88
-1.00 -1.00
5 0
0 
 3
98.66 113.88
101.07 106.50
-1.00 -1.00
5 0
0 
 3
100.42 102.45
99.10 109.19
-1.00 -1.00
5 0
0 
 3
96.41 113.74
99.55 102.06
-1.00 -1.00
5 0
0 
 3
93.10 122.54
94.78 120.63
-1.00 -1.00
5 0
0 
 3
93.02 127.73
93.03 122.62
93.84 122.49
-1.00 -1.00
5 0
0 
 3
95.06 121.05
93.97 122.57
94.08 127.83
-1.00 -1.00
5 0
0 
 3
122.00 126.82
118.78 126.67
118.36 123.10
99.95 122.62
99.52 125.62
95.94 125.40
95.90 123.42
-1.00 -1.00
5 0
0 
 3
133.97 60.59
133.36 71.30
-1.00 -1.00
5 0
0 
 3
131.37 59.06
130.63 71.66
131.95 71.78
132.34 72.96
133.22 58.99
131.20 58.82
-1.00 -1.00
5 0
0 
 3
116.45 76.27
114.94 92.53
-1.00 -1.00
5 0
0 
 3
117.12 75.72
115.76 93.83
-1.00 -1.00
5 0
0 
 3
111.16 69.09
110.35 70.89
111.61 76.10
115.03 76.85
118.08 74.88
119.84 69.66
118.47 66.22
116.01 65.86
-1.00 -1.00
5 0
0 
 3
112.14 95.71
114.09 76.74
-1.00 -1.00
5 0
0 
 3
112.22 76.47
110.68 95.49
-1.00 -1.00
5 0
0 
 3
104.87 65.59
101.45 83.48
-1.00 -1.00
5 0
0 
 3
106.28 65.29
103.19 80.34
-1.00 -1.00
5 0
0 
 3
104.29 86.81
107.76 64.64
-1.00 -1.00
5 0
0 
 3
102.29 65.09
98.77 85.06
100.42 85.47
104.24 65.48
-1.00 -1.00
5 0
0 
 3
125.72 117.51
127.53 117.96
124.61 124.15
124.11 124.09
124.19 133.92
123.49 142.40
122.62 145.93
121.88 148.51
121.14 150.76
119.39 151.67
121.44 151.53
123.60 144.04
124.36 138.93
125.06 132.14
124.86 124.49
-1.00 -1.00
5 0
0 
 3
135.25 99.87
134.38 114.50
134.83 127.48
128.87 143.56
-1.00 -1.00
5 0
0 
 3
131.75 107.14
134.47 99.68
135.12 99.90
132.15 107.48
-1.00 -1.00
5 0
0 
 3
129.71 109.53
130.57 109.69
-1.00 -1.00
5 0
0 
 3
127.22 106.32
129.68 111.03
130.47 109.69
127.95 105.31
129.74 109.48
129.29 110.20
-1.00 -1.00
5 0
0 
 3
128.48 111.75
129.23 111.95
-1.00 -1.00
5 0
0 
 3
126.21 108.25
128.51 113.19
129.24 111.94
126.74 107.03
128.48 111.70
128.13 112.14
-1.00 -1.00
5 0
0 
 3
127.52 118.05
132.26 107.72
-1.00 -1.00
5 0
0 
 3
123.85 109.56
128.48 103.03
-1.00 -1.00
5 0
0 
 3
122.90 158.82
123.46 153.77
124.38 146.15
125.84 139.51
128.02 131.56
127.88 124.81
127.69 118.07
124.00 109.56
123.46 109.06
-1.00 -1.00
5 0
0 
 3
117.75 156.60
117.30 157.18
-1.00 -1.00
5 0
0 
 3
120.32 156.58
121.36 157.21
-1.00 -1.00
5 0
0 
 3
120.35 155.00
121.63 153.89
-1.00 -1.00
5 0
0 
 3
118.07 155.17
120.43 154.97
120.18 156.44
117.75 156.60
118.05 155.22
117.94 153.94
-1.00 -1.00
5 0
0 
 3
117.96 154.05
121.69 153.92
121.44 157.25
117.24 157.27
117.89 153.97
-1.00 -1.00
5 0
0 
 3
99.16 158.00
102.30 158.68
106.59 159.25
109.44 159.40
114.51 158.66
118.55 158.27
121.98 158.19
122.50 153.41
114.05 154.03
-1.00 -1.00
5 0
0 
 3
123.34 123.76
122.71 123.81
123.07 122.59
123.54 122.51
126.32 118.04
124.88 117.61
125.11 117.02
123.04 108.84
127.75 102.29
132.04 107.44
131.61 116.41
130.95 125.01
129.73 135.74
128.89 142.38
128.13 148.90
125.58 153.75
122.54 158.93
114.89 159.24
107.11 159.91
103.45 159.36
98.03 158.29
98.18 156.32
99.07 157.97
98.18 158.13
-1.00 -1.00
5 0
0 
 -1
