gremlinfile
1 124.00 6.00
3
189.88 82.12
189.88 102.35
222.74 102.35
222.74 82.12
189.88 82.12
-1.00 -1.00
5 0
0 
 3
191.56 73.13
236.22 73.13
-1.00 -1.00
5 0
0 
 3
236.22 74.82
191.56 74.82
-1.00 -1.00
5 0
0 
 3
191.56 76.51
236.22 76.51
-1.00 -1.00
5 0
0 
 3
226.96 78.19
226.96 106.00
-1.00 -1.00
5 0
0 
 3
185.94 78.19
242.12 78.19
-1.00 -1.00
5 0
0 
 3
242.12 71.17
242.12 106.00
185.94 106.00
185.94 71.17
-1.00 -1.00
5 0
0 
 3
302.24 28.47
302.24 18.36
-1.00 -1.00
5 0
0 
 3
298.87 18.36
298.87 28.47
-1.00 -1.00
5 0
0 
 3
295.49 28.47
295.49 18.36
-1.00 -1.00
5 0
0 
 3
292.12 18.36
292.12 28.47
-1.00 -1.00
5 0
0 
 3
288.75 28.47
288.75 18.36
-1.00 -1.00
5 0
0 
 3
285.38 18.36
285.38 28.47
-1.00 -1.00
5 0
0 
 3
282.01 28.47
282.01 18.36
-1.00 -1.00
5 0
0 
 3
278.64 18.36
278.64 28.47
-1.00 -1.00
5 0
0 
 3
275.27 28.47
275.27 18.36
-1.00 -1.00
5 0
0 
 3
271.90 18.36
271.90 28.47
-1.00 -1.00
5 0
0 
 3
268.53 28.47
268.53 18.36
-1.00 -1.00
5 0
0 
 3
265.16 18.36
265.16 28.47
-1.00 -1.00
5 0
0 
 3
261.79 28.47
261.79 18.36
-1.00 -1.00
5 0
0 
 3
298.02 36.90
266.00 36.90
-1.00 -1.00
6 0
0 
 3
266.00 37.46
298.02 37.46
-1.00 -1.00
6 0
0 
 3
298.02 38.02
266.00 38.02
-1.00 -1.00
6 0
0 
 3
266.00 38.58
298.02 38.58
-1.00 -1.00
6 0
0 
 3
298.02 39.15
266.00 39.15
-1.00 -1.00
6 0
0 
 3
266.00 39.71
298.02 39.71
-1.00 -1.00
6 0
0 
 3
298.02 40.27
266.00 40.27
-1.00 -1.00
6 0
0 
 3
266.00 40.83
298.02 40.83
-1.00 -1.00
6 0
0 
 3
298.02 41.39
266.00 41.39
-1.00 -1.00
6 0
0 
 3
298.02 41.96
266.00 41.96
266.00 36.34
298.02 36.34
298.02 41.96
-1.00 -1.00
6 0
0 
 3
269.09 45.04
295.21 45.04
-1.00 -1.00
6 0
0 
 3
295.21 45.61
269.09 45.61
-1.00 -1.00
6 0
0 
 3
269.09 46.17
295.21 46.17
-1.00 -1.00
6 0
0 
 3
295.21 46.73
269.09 46.73
-1.00 -1.00
6 0
0 
 3
269.09 47.29
295.21 47.29
-1.00 -1.00
6 0
0 
 3
268.81 47.85
295.21 47.85
295.21 44.48
269.09 44.48
269.09 47.85
-1.00 -1.00
6 0
0 
 3
298.02 50.66
266.00 50.66
-1.00 -1.00
6 0
0 
 3
266.00 51.22
298.02 51.22
-1.00 -1.00
6 0
0 
 3
298.02 51.79
266.00 51.79
-1.00 -1.00
6 0
0 
 3
266.00 52.35
298.02 52.35
-1.00 -1.00
6 0
0 
 3
298.02 52.91
266.00 52.91
-1.00 -1.00
6 0
0 
 3
266.00 53.47
298.02 53.47
-1.00 -1.00
6 0
0 
 3
298.02 54.03
266.00 54.03
-1.00 -1.00
6 0
0 
 3
266.00 54.60
298.02 54.60
-1.00 -1.00
6 0
0 
 3
298.02 55.16
266.00 55.16
-1.00 -1.00
6 0
0 
 3
266.00 55.72
298.02 55.72
-1.00 -1.00
6 0
0 
 3
266.00 56.28
298.02 56.28
298.02 50.10
266.00 50.10
266.00 56.28
-1.00 -1.00
6 0
0 
 3
264.03 59.09
299.99 59.09
299.99 34.93
264.03 34.93
264.03 59.09
-1.00 -1.00
5 0
0 
 3
260.66 62.46
303.36 62.46
303.36 31.56
260.66 31.56
260.66 62.46
-1.00 -1.00
5 0
0 
 3
125.27 64.99
174.15 64.99
-1.00 -1.00
5 0
0 
 3
174.15 64.15
125.27 64.15
-1.00 -1.00
5 0
0 
 3
257.29 64.15
306.73 64.15
-1.00 -1.00
5 0
0 
 3
306.73 64.99
257.29 64.99
-1.00 -1.00
5 0
0 
 3
257.29 65.83
306.73 65.83
-1.00 -1.00
5 0
0 
 3
125.27 65.83
174.15 65.83
-1.00 -1.00
5 0
0 
 3
125.27 6.00
125.27 71.17
306.73 71.17
306.73 6.00
257.29 6.00
257.29 65.83
174.15 65.83
174.15 6.00
125.27 6.00
-1.00 -1.00
5 0
0 
 -1
