gremlinfile
0 28.00 56.00
3
74.07 67.97
74.07 63.55
-1.00 -1.00
5 0
0 
 3
60.57 67.76
61.30 68.46
-1.00 -1.00
5 0
0 
 3
50.31 85.32
51.28 85.62
-1.00 -1.00
5 0
0 
 3
96.34 61.46
96.15 66.07
-1.00 -1.00
5 0
0 
 3
77.74 67.21
76.72 67.78
-1.00 -1.00
5 0
0 
 3
93.10 75.52
92.08 76.17
-1.00 -1.00
5 0
0 
 3
101.61 73.97
102.31 74.55
-1.00 -1.00
5 0
0 
 3
103.28 73.62
104.04 74.06
-1.00 -1.00
5 0
0 
 3
90.81 75.60
89.84 76.36
-1.00 -1.00
5 0
0 
 3
88.27 76.26
87.03 76.88
-1.00 -1.00
5 0
0 
 3
158.41 72.81
159.68 73.24
-1.00 -1.00
5 0
0 
 3
163.48 88.07
163.29 92.33
-1.00 -1.00
5 0
0 
 3
184.16 98.71
185.03 99.85
-1.00 -1.00
5 0
0 
 3
161.43 82.07
167.75 85.76
-1.00 -1.00
5 0
0 
 3
30.93 85.62
41.86 88.91
-1.00 -1.00
5 0
0 
 3
82.09 112.12
86.49 115.79
-1.00 -1.00
5 0
0 
 3
81.03 110.49
89.30 116.77
-1.00 -1.00
5 0
0 
 3
147.28 138.35
147.77 136.37
-1.00 -1.00
5 0
0 
 3
147.77 138.65
149.07 134.55
-1.00 -1.00
5 0
0 
 3
155.11 110.09
156.22 105.66
-1.00 -1.00
5 0
0 
 3
153.49 112.15
154.74 108.43
-1.00 -1.00
5 0
0 
 3
154.63 104.82
152.41 112.96
-1.00 -1.00
5 0
0 
 3
125.31 103.73
129.76 100.39
-1.00 -1.00
5 0
0 
 3
124.20 105.04
126.66 103.38
-1.00 -1.00
5 0
0 
 3
121.34 105.25
130.06 99.39
-1.00 -1.00
5 0
0 
 3
142.80 113.54
143.02 110.98
-1.00 -1.00
5 0
0 
 3
145.53 106.34
143.56 115.19
-1.00 -1.00
5 0
0 
 3
108.81 112.26
106.30 109.71
-1.00 -1.00
5 0
0 
 3
109.17 113.37
104.12 108.19
-1.00 -1.00
5 0
0 
 3
108.52 110.28
113.78 116.33
-1.00 -1.00
5 0
0 
 3
106.25 129.45
108.36 131.16
-1.00 -1.00
5 0
0 
 3
111.60 133.41
104.55 126.38
-1.00 -1.00
5 0
0 
 3
104.82 128.85
111.33 134.71
-1.00 -1.00
5 0
0 
 3
113.30 139.68
72.21 107.62
107.25 105.31
137.38 141.83
-1.00 -1.00
5 0
0 
 3
182.41 99.99
183.30 100.01
182.46 100.39
182.43 99.63
183.24 99.80
183.62 100.26
-1.00 -1.00
5 0
0 
 3
183.16 101.81
183.89 101.72
184.57 101.29
184.73 100.58
184.76 99.88
184.67 101.02
183.46 101.62
-1.00 -1.00
5 0
0 
 3
178.74 101.75
177.12 100.72
176.63 100.26
176.25 98.74
176.01 96.76
175.90 96.08
-1.00 -1.00
5 0
0 
 3
170.56 108.35
171.47 108.13
172.18 108.02
173.20 107.89
174.63 107.18
175.31 106.53
175.87 105.61
176.09 104.82
176.20 103.33
176.14 100.56
176.06 99.09
176.09 97.38
176.04 96.40
175.93 95.51
175.42 94.91
175.39 95.83
175.39 96.89
175.50 98.06
175.68 99.52
175.74 100.80
175.85 102.76
175.98 104.52
176.14 105.55
176.22 106.23
175.77 106.99
174.96 107.78
173.66 108.40
172.69 108.48
171.61 108.59
171.01 108.57
171.93 108.13
173.69 107.94
174.34 107.78
174.79 107.45
175.33 106.91
175.93 106.07
176.25 104.90
176.25 103.35
176.01 101.37
175.93 99.66
176.04 97.71
175.96 96.08
175.74 95.32
176.90 95.86
177.76 96.54
178.57 97.27
-1.00 -1.00
5 0
0 
 3
96.61 74.06
96.61 73.16
-1.00 -1.00
5 0
0 
 3
92.81 75.66
94.05 74.93
95.18 74.22
96.13 73.73
96.67 73.57
97.29 73.62
98.37 74.00
98.85 74.38
98.31 74.55
97.34 74.00
96.64 73.79
95.75 74.17
94.61 74.82
94.07 75.09
-1.00 -1.00
5 0
0 
 3
90.78 75.69
92.89 74.63
94.72 73.84
96.34 73.05
96.91 72.75
-1.00 -1.00
5 0
0 
 3
96.96 72.78
97.83 73.35
98.58 73.57
98.31 73.08
97.93 72.56
98.56 71.78
99.58 73.02
100.18 73.54
101.31 73.89
101.93 74.03
-1.00 -1.00
5 0
0 
 3
97.48 71.64
98.42 72.07
99.72 72.62
101.20 73.16
102.17 73.46
103.33 73.79
-1.00 -1.00
5 0
0 
 3
88.38 76.07
89.05 75.74
89.97 75.25
91.35 74.44
92.70 73.73
94.24 72.97
95.13 72.56
95.78 72.18
96.50 71.45
97.37 71.29
97.61 71.94
97.45 72.51
96.85 72.86
96.31 72.75
95.78 72.43
-1.00 -1.00
5 0
0 
 3
29.28 77.59
29.39 77.02
29.55 76.34
29.63 75.79
29.39 76.85
29.17 77.69
28.61 77.26
28.23 76.45
29.15 76.01
29.20 76.93
29.36 77.56
-1.00 -1.00
5 0
0 
 3
31.98 77.80
32.14 76.96
32.31 75.82
32.36 75.28
-1.00 -1.00
5 0
0 
 3
34.49 75.41
35.33 75.25
36.00 75.25
36.17 75.88
36.30 77.69
36.38 78.37
37.44 78.26
38.14 78.21
38.89 78.07
39.92 77.83
40.67 77.67
41.21 77.53
41.62 76.88
41.73 74.60
41.30 74.25
40.70 74.30
40.00 74.03
39.06 74.08
38.41 74.14
36.25 74.87
35.98 76.12
35.95 76.83
36.06 78.02
37.00 77.69
37.81 77.59
38.76 77.42
39.92 77.18
40.54 76.96
41.11 77.07
41.48 76.47
41.48 74.98
41.57 74.38
40.40 74.36
39.84 74.33
39.87 75.71
39.78 76.28
40.51 76.96
38.73 77.23
37.00 77.64
36.36 77.69
36.11 77.18
37.79 76.83
38.84 76.53
39.70 76.31
40.27 77.04
40.49 75.71
40.38 74.65
-1.00 -1.00
5 0
0 
 3
28.82 77.48
29.23 77.07
29.88 76.85
30.96 76.88
31.58 76.99
32.20 77.42
31.96 78.10
30.88 78.40
30.04 78.37
29.36 78.21
28.82 77.78
29.85 77.26
30.82 77.29
31.55 77.59
32.12 77.88
32.74 78.18
33.39 78.29
34.06 78.37
34.92 78.21
35.57 78.07
36.36 78.24
36.06 78.73
35.33 78.67
34.71 78.78
34.49 78.21
34.44 76.91
34.47 75.66
32.87 75.20
-1.00 -1.00
5 0
0 
 3
29.04 75.58
28.63 76.20
27.85 76.15
27.42 74.74
27.53 74.00
27.53 72.97
27.64 72.35
28.34 71.91
28.82 72.45
28.82 73.65
28.90 74.87
29.71 75.01
30.88 74.63
31.42 74.46
32.36 74.14
33.06 73.87
33.84 73.62
34.38 73.51
34.92 73.70
35.06 72.75
35.11 71.72
35.11 70.88
34.38 70.47
34.20 71.26
34.30 73.76
33.25 74.36
31.93 74.87
30.61 75.31
29.69 75.63
28.99 75.77
28.50 76.09
27.85 76.12
27.74 75.52
28.31 75.36
28.96 75.36
28.99 74.60
29.07 73.68
29.12 72.75
30.07 71.99
33.01 70.85
34.28 70.55
-1.00 -1.00
5 0
0 
 3
26.34 82.96
27.10 82.28
27.88 81.60
28.50 81.03
29.31 80.38
30.04 79.87
30.55 79.38
31.09 78.89
31.58 78.13
30.96 78.81
30.01 79.65
28.72 79.43
27.93 78.59
27.53 77.40
27.69 76.53
26.74 77.15
26.85 78.29
27.18 79.00
28.23 79.73
29.31 79.89
30.28 79.65
30.98 79.22
29.47 79.54
28.26 79.22
27.77 78.48
27.55 77.26
27.23 78.46
27.64 79.54
28.66 80.08
30.36 79.60
28.28 79.19
27.55 78.67
27.31 77.04
26.10 77.64
25.66 78.02
24.80 78.75
24.02 79.49
23.59 79.84
-1.00 -1.00
5 0
0 
 3
28.39 81.63
29.07 82.04
29.42 82.66
29.50 83.75
29.34 84.43
29.04 85.19
28.55 85.95
27.77 86.33
26.61 86.14
25.26 85.84
24.58 85.68
23.91 85.41
23.10 85.57
22.32 85.51
22.05 84.97
21.48 84.16
21.40 83.04
21.51 81.47
21.59 80.71
22.16 79.84
23.07 79.95
22.91 80.63
22.70 81.90
22.91 82.83
23.83 83.59
24.61 83.67
25.48 83.51
26.31 83.23
26.85 82.72
26.93 83.40
27.04 84.46
26.02 84.89
25.21 84.97
23.80 85.16
23.05 85.38
23.78 85.41
24.83 85.68
26.15 85.81
26.88 85.98
27.77 86.17
28.39 85.92
-1.00 -1.00
5 0
0 
 3
31.63 80.79
30.77 80.71
29.93 80.74
-1.00 -1.00
5 0
0 
 3
43.64 85.92
46.26 86.46
47.56 86.68
-1.00 -1.00
5 0
0 
 3
42.70 83.42
43.32 83.64
44.83 84.08
46.91 84.65
50.29 85.38
-1.00 -1.00
5 0
0 
 3
42.89 87.90
43.64 87.85
43.81 85.84
43.10 85.73
42.78 83.97
42.83 83.37
41.57 83.67
-1.00 -1.00
5 0
0 
 3
42.75 89.97
42.86 89.15
42.92 87.88
44.45 88.34
-1.00 -1.00
5 0
0 
 3
35.41 91.65
38.35 91.00
40.70 90.51
42.56 90.16
43.40 90.24
44.45 90.40
-1.00 -1.00
5 0
0 
 3
25.26 87.85
26.29 87.52
27.55 87.06
29.80 86.11
30.88 85.84
31.31 83.59
31.52 81.98
31.52 81.17
32.71 81.33
34.74 82.04
38.62 83.51
41.13 84.16
41.81 84.32
41.81 84.97
41.86 87.42
41.84 88.69
41.32 89.42
39.49 89.97
36.87 90.32
35.03 90.51
-1.00 -1.00
5 0
0 
 3
52.18 97.46
51.47 97.19
50.42 96.59
50.39 95.83
49.21 95.51
48.15 95.23
46.78 94.96
43.02 94.04
41.27 93.50
38.19 92.49
36.06 91.98
35.33 91.71
34.84 91.19
34.79 90.51
33.90 90.37
31.23 89.61
28.96 88.85
27.72 88.50
26.18 88.01
25.29 87.82
25.07 87.09
25.07 86.06
-1.00 -1.00
5 0
0 
 3
45.86 90.24
46.40 90.02
47.42 89.94
48.69 89.97
49.72 89.94
50.15 90.29
50.61 90.65
50.07 90.86
48.99 90.94
47.51 91.30
46.78 91.52
46.26 90.86
45.91 90.37
-1.00 -1.00
5 0
0 
 3
43.75 89.45
45.05 88.56
46.70 87.50
48.64 86.65
50.85 85.87
53.15 85.00
55.06 84.21
58.84 82.53
60.25 81.96
61.68 81.22
62.65 80.84
63.46 80.71
64.38 80.55
65.13 80.44
-1.00 -1.00
5 0
0 
 3
69.02 87.99
67.83 88.20
67.29 88.31
67.08 87.69
66.97 86.22
66.97 84.40
67.00 83.21
68.00 82.53
68.86 82.39
-1.00 -1.00
5 0
0 
 3
69.18 100.69
68.32 101.15
67.40 101.07
66.78 100.80
66.11 99.66
66.13 99.04
66.00 97.79
65.92 96.27
65.94 94.99
66.00 93.50
66.11 91.98
66.00 90.54
65.84 87.31
65.92 85.95
65.94 84.21
66.02 83.45
66.19 82.42
66.40 81.82
67.35 81.33
68.10 81.31
68.70 81.41
69.08 82.58
69.10 83.67
69.32 85.54
69.29 86.90
69.24 88.77
69.21 90.78
69.21 92.38
69.16 94.47
69.29 96.89
69.35 98.60
69.35 99.96
69.29 100.72
68.45 98.36
68.40 96.76
68.40 94.83
68.45 93.06
68.81 92.36
68.24 92.57
67.35 92.52
66.48 92.68
66.24 93.39
66.81 93.55
67.83 93.52
68.29 93.14
67.78 92.93
67.19 93.06
66.43 93.12
66.19 93.82
66.21 94.39
66.62 94.85
67.51 94.85
68.18 94.09
67.13 94.09
66.54 94.20
66.32 95.02
66.27 96.05
66.35 98.38
67.32 97.95
68.27 98.30
68.35 99.01
68.10 99.93
67.70 100.45
67.10 100.53
66.65 100.10
66.59 99.20
66.59 98.36
-1.00 -1.00
5 0
0 
 3
69.21 99.04
69.21 99.82
69.18 100.69
69.21 101.26
68.62 101.48
67.83 101.67
67.16 101.70
66.32 101.62
66.08 101.02
66.54 100.56
66.75 101.26
67.43 101.59
-1.00 -1.00
5 0
0 
 3
98.20 97.38
97.58 97.46
96.77 97.49
96.10 97.57
95.64 96.67
95.59 94.85
95.53 95.51
95.59 98.00
95.53 99.04
95.50 98.22
95.42 96.48
95.48 95.26
95.56 94.47
95.75 95.23
95.83 96.54
95.80 95.48
95.72 94.94
-1.00 -1.00
5 0
0 
 3
99.15 98.47
98.07 98.57
97.45 98.71
96.83 98.82
95.88 98.95
95.45 98.44
95.40 97.57
95.86 98.44
96.58 98.63
97.80 98.44
98.83 98.47
-1.00 -1.00
5 0
0 
 3
90.32 84.54
90.75 85.54
91.73 86.14
92.89 86.00
96.02 85.73
95.80 84.46
94.91 83.99
93.24 84.13
91.51 84.46
90.56 84.65
-1.00 -1.00
5 0
0 
 3
106.41 87.36
108.54 87.85
109.44 88.09
110.06 87.42
109.71 86.41
108.76 86.06
107.82 85.98
107.06 85.87
106.55 87.09
-1.00 -1.00
5 0
0 
 3
109.65 98.47
111.33 98.76
112.11 98.93
112.97 98.93
113.94 98.36
115.40 97.03
116.86 95.48
118.05 93.96
119.15 92.66
120.80 90.84
119.34 90.18
116.72 89.48
114.27 89.18
113.00 89.07
112.27 90.75
111.24 93.04
110.43 95.18
109.54 98.60
-1.00 -1.00
5 0
0 
 3
104.14 74.22
105.09 74.14
106.03 74.27
108.00 74.68
111.49 75.47
113.27 76.01
114.46 76.31
115.97 76.80
116.64 76.99
-1.00 -1.00
5 0
0 
 3
172.90 94.69
171.47 93.55
170.42 92.76
168.91 91.81
166.86 90.56
165.32 89.42
164.00 88.56
-1.00 -1.00
5 0
0 
 3
171.80 95.32
172.77 94.91
172.96 93.77
172.72 92.22
172.50 91.57
172.04 90.89
-1.00 -1.00
5 0
0 
 3
167.50 93.25
167.29 94.75
167.67 95.51
168.80 95.91
170.45 96.73
171.45 97.52
172.31 98.09
171.28 98.38
172.15 98.28
172.04 95.89
171.85 95.13
170.42 94.07
169.04 93.33
168.15 92.90
-1.00 -1.00
5 0
0 
 3
172.09 96.57
173.01 97.57
173.15 98.63
173.36 99.77
173.77 101.56
173.53 102.95
173.12 103.60
172.12 104.00
170.45 104.09
169.29 103.90
168.26 103.62
167.75 103.35
167.21 102.92
-1.00 -1.00
5 0
0 
 3
165.43 102.27
166.26 102.65
167.48 102.48
168.42 102.51
168.56 101.83
167.59 101.86
166.88 100.50
166.72 99.61
166.32 98.33
167.56 98.85
166.21 98.30
164.00 98.25
163.46 98.33
163.64 99.06
164.40 100.91
164.70 101.78
165.21 102.29
166.29 102.86
-1.00 -1.00
5 0
0 
 3
167.48 97.92
167.02 97.54
168.80 97.68
170.10 97.92
170.91 98.14
170.20 98.14
168.58 97.76
167.56 98.19
167.86 98.79
168.37 100.50
168.85 101.45
169.99 102.21
170.53 102.38
171.85 103.00
172.53 102.57
172.74 101.94
172.47 100.83
171.82 100.42
171.55 101.02
171.37 102.02
170.45 102.46
171.34 101.15
171.26 100.61
170.72 100.31
170.20 99.12
170.26 98.36
169.23 97.79
167.72 98.03
169.15 98.66
170.02 98.87
168.15 99.33
169.45 99.50
170.18 99.50
169.04 99.96
168.42 99.85
169.53 100.50
170.37 99.74
169.72 101.05
168.48 100.64
170.18 101.70
170.96 100.77
170.61 102.13
-1.00 -1.00
5 0
0 
 3
148.93 93.12
150.42 93.58
154.71 95.51
157.06 96.48
159.14 97.24
160.78 97.79
162.32 98.28
163.37 98.74
162.65 98.03
159.81 96.92
157.17 95.94
154.01 94.50
151.98 93.80
150.36 93.25
149.74 92.90
150.55 92.57
151.20 92.38
151.77 93.31
152.20 92.44
153.39 93.44
154.30 94.18
155.01 93.99
155.60 94.53
156.92 95.23
157.11 95.75
157.38 94.94
158.60 95.75
158.70 96.40
159.06 95.75
160.03 96.16
160.22 96.89
-1.00 -1.00
5 0
0 
 3
153.17 93.12
153.03 92.28
153.71 92.03
154.74 91.84
154.90 92.74
153.57 93.04
153.68 93.61
155.30 94.23
157.06 94.85
158.33 95.40
160.65 95.89
160.92 95.26
160.89 94.28
159.22 93.39
157.54 92.71
156.25 92.06
155.63 91.81
155.09 92.03
154.95 92.66
155.71 93.36
158.73 94.77
160.05 95.32
-1.00 -1.00
5 0
0 
 3
159.84 89.56
158.97 88.99
158.00 88.53
157.44 88.85
158.08 89.32
160.32 90.54
161.89 91.32
163.94 92.47
165.67 93.36
166.97 94.15
167.40 94.50
166.16 94.39
162.43 92.52
160.51 91.62
158.73 90.59
157.87 90.08
157.46 90.51
158.84 91.27
163.24 93.33
165.29 94.26
167.37 95.34
168.91 96.32
168.21 96.59
166.43 95.91
164.24 94.66
161.86 93.42
160.49 92.74
158.79 91.87
156.84 91.03
-1.00 -1.00
5 0
0 
 3
157.46 82.61
158.52 83.02
159.95 83.86
161.00 84.54
161.89 85.13
162.65 85.95
162.38 86.55
161.97 87.23
160.94 86.68
159.19 85.49
158.41 84.86
157.76 84.32
157.57 85.54
158.54 86.49
159.62 87.12
160.70 87.66
161.65 87.99
-1.00 -1.00
5 0
0 
 3
157.11 80.57
157.65 80.76
159.35 81.90
160.51 82.58
-1.00 -1.00
5 0
0 
 3
159.43 72.21
158.65 71.97
158.03 71.80
156.44 71.42
154.52 70.88
149.96 69.47
145.04 67.78
142.91 67.24
141.02 66.78
139.13 66.29
135.78 65.34
134.41 65.01
133.27 64.69
132.63 64.47
131.46 64.01
-1.00 -1.00
5 0
0 
 3
161.78 91.38
161.70 90.65
161.62 89.45
161.59 88.12
161.94 87.58
162.48 86.71
162.21 84.84
161.73 83.94
160.89 83.18
160.46 82.75
160.08 81.06
160.03 80.03
159.97 78.35
160.11 77.15
160.30 74.93
160.38 74.19
160.86 73.70
161.54 74.36
161.59 75.96
161.54 80.25
161.54 81.82
161.03 82.26
160.35 82.26
161.30 82.36
162.51 82.91
163.56 83.97
164.13 85.46
164.10 86.93
163.64 87.96
163.05 88.47
164.48 89.32
165.72 90.02
168.07 91.57
169.58 92.38
170.10 92.63
171.66 91.79
172.23 90.86
172.18 89.32
171.37 87.80
170.88 87.50
169.99 85.30
169.12 82.91
168.64 80.87
168.15 79.98
168.07 81.31
168.04 83.67
167.78 85.68
168.75 86.87
169.69 88.26
170.23 89.23
170.12 87.33
169.64 85.41
168.72 83.18
168.45 82.01
168.04 80.76
167.32 79.89
165.89 78.10
164.48 76.39
163.37 75.17
162.16 74.11
161.89 74.76
162.51 76.74
163.43 79.54
165.10 84.21
165.67 85.46
165.67 84.67
164.97 82.88
164.08 79.03
163.32 77.45
162.51 76.09
161.97 75.06
161.65 74.00
162.16 73.79
164.21 75.66
165.45 77.50
166.72 79.11
167.45 79.89
167.48 78.78
166.53 77.26
165.48 75.69
164.21 73.95
163.08 72.67
162.24 71.67
161.08 70.96
160.24 71.37
159.76 73.21
160.65 73.95
161.21 72.51
161.32 71.31
161.84 71.61
162.62 72.75
162.94 73.24
162.67 74.68
163.10 73.65
163.19 74.90
163.51 74.11
164.08 74.27
165.35 75.69
166.16 76.72
166.10 78.24
166.34 77.40
166.40 78.48
165.89 78.16
164.72 76.93
163.67 75.88
162.83 74.71
162.24 74.03
161.46 73.57
160.65 73.57
159.87 73.49
159.46 72.94
159.35 72.32
159.73 71.50
160.16 70.74
159.06 70.15
158.06 69.98
156.71 69.74
155.30 69.55
154.20 69.36
152.58 69.01
150.04 68.54
148.45 68.08
146.85 67.68
144.58 66.97
141.99 66.13
139.97 65.69
138.75 65.53
137.13 65.12
135.54 64.58
134.33 64.28
133.38 64.01
132.17 63.71
131.01 63.58
130.63 64.72
131.30 64.80
131.65 64.12
130.92 63.68
129.90 64.34
127.93 66.51
128.12 67.51
129.87 68.52
131.17 69.22
132.76 69.90
133.89 70.42
134.97 70.58
136.81 70.20
137.84 69.77
138.35 69.17
138.11 67.97
136.65 66.83
134.46 66.16
132.60 65.75
130.84 64.88
130.17 64.55
130.01 65.23
128.98 65.64
128.09 66.48
129.41 67.27
130.44 68.00
132.38 68.79
133.65 69.25
134.65 69.66
136.05 69.44
136.73 68.79
135.41 68.06
133.25 67.05
131.90 66.59
130.90 66.10
130.38 65.75
129.47 65.53
128.71 66.43
129.01 66.89
129.93 66.35
130.25 65.34
130.68 64.96
131.73 64.31
132.30 64.39
132.98 64.91
133.06 65.64
134.11 66.26
135.08 66.51
135.92 66.86
137.11 67.57
138.00 68.25
139.27 68.90
140.97 69.47
142.61 70.15
143.40 70.31
143.21 69.20
142.48 68.49
140.86 67.38
139.67 66.89
138.05 66.32
135.95 65.69
134.30 65.31
133.03 65.07
134.35 66.21
136.51 66.86
138.32 67.38
140.18 68.14
141.56 69.06
142.53 69.68
143.75 70.34
143.13 69.01
142.05 68.11
141.45 67.38
142.94 67.87
144.56 68.73
145.99 69.33
147.26 69.58
148.61 70.04
146.85 69.88
145.15 69.25
141.53 68.14
143.91 69.71
145.61 70.96
147.34 71.75
149.15 72.43
151.12 73.19
152.47 73.49
153.49 73.27
152.85 71.72
150.98 70.72
148.96 70.01
147.85 69.55
148.09 70.34
150.20 71.48
151.66 72.56
152.79 73.32
153.55 73.24
153.28 72.73
152.14 71.37
151.93 70.50
153.79 71.10
155.38 72.05
157.14 72.67
158.38 72.86
156.71 72.83
155.36 72.43
152.79 71.72
151.90 71.45
153.60 73.19
154.63 74.08
156.57 74.84
157.65 75.31
158.62 75.77
159.33 75.93
159.60 75.09
160.05 74.76
160.27 75.44
160.32 77.48
160.03 79.62
160.00 80.76
159.08 80.90
158.87 79.11
159.33 77.04
159.35 75.88
159.49 75.01
-1.00 -1.00
5 0
0 
 3
149.12 79.13
149.17 78.59
149.12 77.99
149.01 77.26
149.58 76.91
148.28 76.61
147.26 76.28
-1.00 -1.00
5 0
0 
 3
147.04 78.21
147.96 78.67
148.53 78.86
149.12 79.13
149.66 79.35
-1.00 -1.00
5 0
0 
 3
149.20 85.73
149.28 84.70
149.23 83.94
149.23 83.23
148.47 82.69
147.39 82.26
146.85 81.63
147.91 81.85
148.50 82.04
149.07 82.36
149.69 82.69
-1.00 -1.00
5 0
0 
 3
146.74 84.29
147.50 84.84
148.28 85.24
148.93 85.57
149.69 85.89
150.01 85.13
150.09 83.72
149.93 82.23
149.88 80.60
149.98 78.73
149.93 77.31
149.55 76.34
148.93 75.79
147.74 75.66
147.07 75.55
146.74 76.99
146.66 78.67
146.64 80.76
146.80 84.21
146.85 84.81
-1.00 -1.00
5 0
0 
 3
142.02 85.46
142.48 86.41
143.64 87.50
145.58 88.64
147.72 89.56
149.69 90.37
151.47 90.94
155.01 91.68
155.65 91.76
-1.00 -1.00
5 0
0 
 3
143.34 83.86
144.40 84.32
145.07 84.78
146.23 85.54
147.37 86.17
149.55 86.98
151.12 87.50
153.03 88.26
154.65 88.94
156.11 89.51
156.81 89.72
-1.00 -1.00
5 0
0 
 3
142.59 91.57
141.99 91.27
140.18 90.62
138.83 90.08
137.35 89.40
134.79 87.96
133.84 87.47
133.00 87.06
132.44 86.76
131.90 86.38
131.41 86.03
-1.00 -1.00
5 0
0 
 3
143.24 72.56
143.86 72.70
144.75 73.11
146.10 73.65
148.04 74.30
150.42 75.22
154.52 76.99
156.57 78.10
157.27 79.43
157.27 81.22
157.33 83.89
157.52 85.95
157.60 87.39
157.52 89.10
157.33 90.10
156.68 91.32
156.00 91.79
154.95 92.03
153.57 92.22
152.47 92.41
152.17 91.79
151.71 91.16
150.31 90.73
148.50 90.65
146.77 90.65
144.75 90.84
143.56 90.86
143.10 91.19
143.78 92.30
145.12 92.76
149.12 93.04
150.36 92.95
151.39 92.74
151.98 92.49
150.69 91.60
149.15 91.49
147.15 91.76
145.50 91.84
144.40 91.92
143.26 91.98
-1.00 -1.00
5 0
0 
 3
130.09 83.37
130.06 84.10
130.14 84.86
130.44 85.43
131.33 86.08
132.65 86.27
134.14 86.17
136.13 86.17
137.92 86.06
139.46 85.95
140.86 85.73
141.67 85.49
142.45 85.16
142.99 84.70
143.42 83.45
143.64 81.96
143.69 78.13
143.61 76.50
143.45 74.87
143.37 73.89
143.15 73.11
142.75 72.64
142.18 72.48
140.81 72.48
139.67 72.73
138.11 73.02
136.86 73.30
136.24 73.40
-1.00 -1.00
5 0
0 
 3
140.70 82.58
138.05 83.15
136.27 83.32
133.95 83.67
132.63 83.89
131.98 83.89
130.63 83.53
129.63 83.13
128.09 82.47
126.69 81.93
124.99 81.17
123.58 80.63
122.02 80.08
120.72 79.65
119.15 79.05
117.99 78.51
117.32 78.16
116.81 77.23
116.67 76.55
-1.00 -1.00
5 0
0 
 3
126.04 75.74
128.71 76.99
131.14 78.07
134.11 79.46
136.40 80.44
138.43 81.63
139.81 82.36
140.59 82.69
140.81 81.79
140.81 80.68
-1.00 -1.00
5 0
0 
 3
142.16 80.00
141.37 80.27
140.78 80.46
139.94 80.38
138.92 79.76
137.38 79.11
135.73 78.29
134.46 77.64
133.19 76.96
130.92 75.58
129.57 74.93
128.36 74.44
127.52 74.17
126.44 73.79
-1.00 -1.00
5 0
0 
 3
142.32 78.16
141.35 77.88
140.27 77.26
138.48 76.20
134.22 74.30
132.68 73.68
129.90 72.45
128.41 71.78
127.85 71.50
127.47 72.13
127.50 72.89
128.47 73.35
132.27 75.33
134.81 76.53
138.29 78.35
139.81 79.05
141.16 79.65
142.10 80.00
142.07 78.81
-1.00 -1.00
5 0
0 
 3
125.88 68.27
127.09 68.92
130.52 70.47
132.65 71.61
134.43 72.45
137.30 74.00
138.75 74.76
139.62 75.17
140.40 75.60
140.70 76.07
140.78 76.93
-1.00 -1.00
5 0
0 
 3
116.64 76.53
116.81 77.45
118.32 77.42
119.96 77.15
123.39 76.53
124.77 76.23
125.82 76.15
126.20 75.63
126.20 73.76
127.06 72.89
127.60 71.91
127.33 71.26
126.71 70.91
126.15 70.74
125.82 70.17
125.82 69.17
125.47 68.25
124.77 68.22
123.69 68.41
122.85 68.63
-1.00 -1.00
5 0
0 
 3
111.76 69.71
113.51 70.39
115.35 71.40
117.89 72.29
120.15 72.97
121.85 73.68
123.58 74.63
-1.00 -1.00
5 0
0 
 3
112.05 64.63
113.13 64.99
118.70 67.27
120.64 68.19
122.15 68.79
123.34 69.39
123.85 69.77
124.01 70.93
124.09 72.64
124.12 73.70
124.18 74.36
123.66 74.93
122.77 75.33
121.48 75.74
119.80 76.23
118.56 76.45
117.40 76.36
115.86 75.96
112.46 74.55
111.06 74.08
109.62 73.43
108.11 72.83
107.03 72.37
106.25 71.97
105.41 71.40
-1.00 -1.00
5 0
0 
 3
106.03 69.98
106.68 70.15
107.60 69.98
108.63 69.39
109.49 68.49
110.11 67.62
110.03 66.40
109.49 65.40
-1.00 -1.00
5 0
0 
 3
103.01 68.38
103.06 67.70
103.25 66.92
103.47 64.66
103.33 63.22
102.09 62.82
101.39 63.25
100.82 65.64
100.74 67.05
-1.00 -1.00
5 0
0 
 3
80.74 67.92
80.36 66.62
80.55 65.37
80.79 64.20
80.87 62.92
80.12 63.22
79.47 64.88
79.31 67.05
79.50 67.84
80.17 67.92
79.52 67.89
78.93 67.76
78.34 68.03
77.90 66.81
77.90 65.34
78.07 64.06
78.42 63.20
78.96 63.03
78.69 64.61
78.82 66.73
79.04 67.76
-1.00 -1.00
5 0
0 
 3
73.12 69.36
71.86 69.88
70.83 70.23
69.75 70.17
71.07 69.63
71.91 69.44
72.64 69.22
-1.00 -1.00
5 0
0 
 3
72.45 69.20
73.23 69.66
73.45 68.35
73.42 67.46
-1.00 -1.00
5 0
0 
 3
76.12 69.77
75.69 70.28
74.53 70.20
73.96 70.01
74.53 69.11
76.12 69.39
75.66 70.53
-1.00 -1.00
5 0
0 
 3
76.58 67.76
75.80 67.92
75.10 67.92
74.42 67.76
74.56 66.86
75.28 66.62
76.42 66.86
76.90 67.49
76.61 68.30
-1.00 -1.00
5 0
0 
 3
95.50 68.82
95.34 67.59
95.78 66.43
97.85 65.99
99.18 66.45
101.36 67.35
102.66 67.73
101.66 68.92
100.12 68.98
97.15 68.92
95.99 68.98
-1.00 -1.00
5 0
0 
 3
95.45 69.03
101.93 68.41
105.25 69.68
105.25 71.34
111.76 69.66
111.57 64.23
108.81 64.93
102.25 62.52
96.21 61.49
95.29 63.09
-1.00 -1.00
5 0
0 
 3
76.23 70.20
76.23 67.57
-1.00 -1.00
5 0
0 
 3
74.34 63.63
69.02 62.44
-1.00 -1.00
5 0
0 
 3
76.53 63.66
78.09 62.90
95.13 63.17
95.29 67.62
80.49 67.24
77.55 67.38
-1.00 -1.00
5 0
0 
 3
74.20 66.51
75.69 66.26
75.77 63.52
74.29 63.68
-1.00 -1.00
5 0
0 
 3
67.35 62.38
60.98 64.20
60.60 67.65
-1.00 -1.00
5 0
0 
 3
60.76 67.70
67.27 66.26
-1.00 -1.00
5 0
0 
 3
67.27 66.18
63.97 67.51
-1.00 -1.00
5 0
0 
 3
68.00 66.67
61.33 68.25
-1.00 -1.00
5 0
0 
 3
73.21 67.49
67.59 66.37
67.48 62.49
69.56 62.54
69.29 66.37
-1.00 -1.00
5 0
0 
 3
68.89 71.34
76.15 70.26
76.01 67.92
73.80 67.76
74.34 69.68
-1.00 -1.00
5 0
0 
 3
68.83 71.69
68.56 68.54
72.40 67.38
72.34 69.36
69.18 69.85
-1.00 -1.00
5 0
0 
 3
95.40 93.17
95.15 97.71
69.56 99.88
69.80 83.13
93.32 79.22
-1.00 -1.00
5 0
0 
 3
100.85 74.74
87.65 83.37
-1.00 -1.00
5 0
0 
 3
65.32 80.52
104.06 74.22
-1.00 -1.00
5 0
0 
 3
138.56 141.77
107.76 103.46
67.81 106.58
112.05 139.66
-1.00 -1.00
5 0
0 
 3
153.44 100.07
143.05 140.12
148.66 139.14
159.35 102.13
153.49 100.39
-1.00 -1.00
5 0
0 
 3
115.56 105.09
141.13 140.74
152.04 99.85
133.81 94.09
115.64 105.72
-1.00 -1.00
5 0
0 
 3
180.71 103.62
180.60 108.59
-1.00 -1.00
5 0
0 
 3
185.03 101.70
185.11 99.58
-1.00 -1.00
5 0
0 
 3
184.97 101.62
180.87 103.65
-1.00 -1.00
5 0
0 
 3
180.90 103.65
178.95 102.27
-1.00 -1.00
5 0
0 
 3
178.71 97.43
184.32 98.79
184.35 101.05
178.74 102.29
178.79 97.68
-1.00 -1.00
5 0
0 
 3
174.39 104.90
173.58 90.92
180.38 97.41
-1.00 -1.00
5 0
0 
 3
172.36 107.21
161.86 108.32
-1.00 -1.00
5 0
0 
 3
168.40 112.29
179.06 111.01
180.87 108.89
174.50 104.93
172.69 107.10
178.92 110.85
-1.00 -1.00
5 0
0 
 3
111.57 85.51
163.21 100.64
162.11 108.19
168.67 111.01
159.24 138.08
140.99 142.13
-1.00 -1.00
5 0
0 
 3
107.06 98.44
95.42 81.55
87.33 82.75
99.74 99.39
-1.00 -1.00
5 0
0 
 3
107.55 98.71
111.89 85.57
104.09 74.03
95.42 81.60
111.60 85.49
-1.00 -1.00
5 0
0 
 3
49.91 88.28
65.19 80.49
64.89 102.08
-1.00 -1.00
5 0
0 
 3
43.64 89.26
58.82 102.70
-1.00 -1.00
5 0
0 
 3
64.76 102.16
106.98 98.30
140.59 142.10
109.79 139.49
58.60 102.81
-1.00 -1.00
5 0
0 
 3
43.54 89.42
49.91 88.12
64.76 102.13
58.82 102.51
-1.00 -1.00
5 0
0 
 -1
