name B
internalname 2
ligatures ff fl fi ffl ffi 0
# char	width	u/d	octal
charset
!	  49	 2	041
"	  78	 2	042
#	 137	 2	043
%	 146	 2	045
&	 146	 2	046
(	  58	 2	050
)	  58	 2	051
*	  88	 2	052
+	 176	 2	053
,	  49	 0	054
.	  49	 0	056
/	  49	 2	057
0	  98	 2	060
1	  98	 2	061
2	  98	 2	062
3	  98	 2	063
4	  98	 2	064
5	  98	 2	065
6	  98	 2	066
7	  98	 2	067
8	  98	 2	070
9	  98	 2	071
:	  49	 2	072
;	  49	 2	073
<	 176	 2	074
=	 176	 2	075
>	 176	 2	076
?	  88	 2	077
@	 176	 2	0100
A	 146	 2	0101
B	 137	 2	0102
C	 137	 2	0103
D	 146	 2	0104
E	 137	 2	0105
F	 127	 2	0106
G	 146	 2	0107
H	 156	 2	0110
I	  78	 2	0111
J	 117	 2	0112
K	 146	 2	0113
L	 127	 2	0114
M	 176	 2	0115
N	 146	 2	0116
O	 146	 2	0117
P	 137	 2	0120
Q	 146	 2	0121
R	 146	 2	0122
S	 117	 2	0123
T	 127	 2	0124
U	 146	 2	0125
V	 146	 2	0126
W	 176	 2	0127
X	 137	 2	0130
Y	 137	 2	0131
Z	 117	 2	0132
[	  58	 2	0133
\	  49	 2	0134
]	  58	 2	0135
^	  88	 2	0136
_	  98	 0	0137
ru	"
a	 107	 0	0141
b	 117	 2	0142
c	  98	 0	0143
d	 117	 2	0144
e	  98	 0	0145
f	  68	 2	0146
g	 107	 1	0147
h	 117	 2	0150
i	  58	 2	0151
j	  58	 3	0152
k	 117	 2	0153
l	  58	 2	0154
m	 166	 0	0155
n	 117	 0	0156
o	 107	 0	0157
p	 117	 1	0160
q	 117	 1	0161
r	  88	 0	0162
s	  88	 0	0163
t	  68	 2	0164
u	 117	 0	0165
v	 107	 0	0166
w	 156	 0	0167
x	 107	 0	0170
y	 107	 1	0171
z	  88	 0	0172
{	  58	 2	0173
|	  39	 2	0174
}	  58	 2	0175
~	  88	 2	0176
I!	  49	 2	0241
ct	  98	 0	0242
po	  98	 2	0243
$	  98	 2	0244
`	  49	 2	0251
lq	  88	 2	0252
d<	  98	 2	0253
de	  58	 0	0260
'	  49	 2	0271
rq	  88	 2	0272
d>	  98	 2	0273
14	  98	 2	0274
12	  98	 2	0275
34	  98	 2	0276
I?	  88	 2	0277
ma	  88	 2	0305
be	  88	 2	0306
dt	  88	 2	0307
um	  88	 0	0310
ri	  88	 2	0312
cd	  88	 1	0313
''	  88	 2	0315
og	  88	 1	0316
hc	  88	 2	0317
rg	  98	 0	0322
co	  98	 0	0323
18	  98	 2	0334
38	  98	 2	0335
58	  98	 2	0336
78	  98	 2	0337
AE	 176	 2	0341
uj	  58	 3	0345
IJ	 186	 2	0346
O/	 146	 2	0351
OE	 176	 2	0352
ae	 156	 0	0361
ui	  58	 0	0365
ij	 107	 1	0366
o/	 107	 0	0371
oe	 156	 0	0372
-	  58	 0	0377
hy	"
fm	  58	 0	0377
sq	 176	 0	0377
\-	 176	 0	0377
em	 132	 0	0377
n'	  39	 2	0377
dg	  88	 0	0377
bu	  49	 0	0377
$D	  98	 2	0377
$F	  98	 2	0377
ff	 117	 2	0377
Fi	 166	 2	0377
Fl	 166	 2	0377
fi	 107	 2	0377
fl	 107	 2	0377
Ao	 137	 2	0377
