name El
internalname 8
# char	width	u/d	octal
charset
!	 108	 2	041
"	 108	 2	042
#	 108	 2	043
%	 108	 2	045
&	 108	 2	046
(	 108	 2	050
)	 108	 2	051
*	 108	 2	052
+	 108	 2	053
,	 108	 2	054
.	 108	 2	056
/	 108	 2	057
0	 108	 2	060
1	 108	 2	061
2	 108	 2	062
3	 108	 2	063
4	 108	 2	064
5	 108	 2	065
6	 108	 2	066
7	 108	 2	067
8	 108	 2	070
9	 108	 2	071
:	 108	 2	072
;	 108	 2	073
<	 108	 2	074
=	 108	 2	075
>	 108	 2	076
?	 108	 2	077
@	 108	 2	0100
A	 108	 2	0101
B	 108	 2	0102
C	 108	 2	0103
D	 108	 2	0104
E	 108	 2	0105
F	 108	 2	0106
G	 108	 2	0107
H	 108	 2	0110
I	 108	 2	0111
J	 108	 2	0112
K	 108	 2	0113
L	 108	 2	0114
M	 108	 2	0115
N	 108	 2	0116
O	 108	 2	0117
P	 108	 2	0120
Q	 108	 2	0121
R	 108	 2	0122
S	 108	 2	0123
T	 108	 2	0124
U	 108	 2	0125
V	 108	 2	0126
W	 108	 2	0127
X	 108	 2	0130
Y	 108	 2	0131
Z	 108	 2	0132
[	 108	 2	0133
\	 108	 2	0134
]	 108	 2	0135
^	 108	 2	0136
_	 108	 2	0137
ru	"
a	 108	 2	0141
b	 108	 2	0142
c	 108	 2	0143
d	 108	 2	0144
e	 108	 2	0145
f	 108	 2	0146
g	 108	 2	0147
h	 108	 2	0150
i	 108	 2	0151
j	 108	 2	0152
k	 108	 2	0153
l	 108	 2	0154
m	 108	 2	0155
n	 108	 2	0156
o	 108	 2	0157
p	 108	 2	0160
q	 108	 2	0161
r	 108	 2	0162
s	 108	 2	0163
t	 108	 2	0164
u	 108	 2	0165
v	 108	 2	0166
w	 108	 2	0167
x	 108	 2	0170
y	 108	 2	0171
z	 108	 2	0172
{	 108	 2	0173
|	 108	 2	0174
}	 108	 2	0175
~	 108	 2	0176
I!	 108	 2	0241
ct	 108	 2	0242
po	 108	 2	0243
$	 108	 2	0244
`	 108	 2	0251
lq	 108	 2	0252
d<	 108	 2	0253
de	 108	 2	0260
'	 108	 2	0271
rq	 108	 2	0272
d>	 108	 2	0273
14	 108	 2	0274
12	 108	 2	0275
34	 108	 2	0276
I?	 108	 2	0277
ma	 108	 2	0305
be	 108	 2	0306
dt	 108	 2	0307
um	 108	 2	0310
ri	 108	 2	0312
cd	 108	 2	0313
''	 108	 2	0315
og	 108	 2	0316
hc	 108	 2	0317
rg	 108	 2	0322
co	 108	 2	0323
18	 108	 2	0334
38	 108	 2	0335
58	 108	 2	0336
78	 108	 2	0337
AE	 108	 2	0341
uj	 108	 2	0345
IJ	 108	 2	0346
O/	 108	 2	0351
OE	 108	 2	0352
ae	 108	 2	0361
ui	 108	 2	0365
ij	 108	 2	0366
o/	 108	 2	0371
oe	 108	 2	0372
-	 108	 2	0377
hy	"
fm	 108	 2	0377
sq	 108	 2	0377
\-	 108	 2	0377
em	 108	 2	0377
n'	 108	 2	0377
dg	 108	 2	0377
bu	 108	 2	0377
$D	 108	 2	0377
$F	 108	 2	0377
ff	 108	 2	0377
Fi	 108	 2	0377
Fl	 108	 2	0377
fi	 108	 2	0377
fl	 108	 2	0377
Ao	 108	 2	0377
